Date,Open,High,Low,Close,Volume,Dividends,Stock Splits
1980-12-02,0.0,0.0,0.0,0.0,100710400.0,0.0,0.0
1980-12-03,0.0,0.0,0.0,0.0,25177600.0,0.0,0.0
1980-12-04,0.0,0.0,0.0,0.0,22694400.0,0.0,0.0
1980-12-05,0.0,0.0,0.0,0.0,7590400.0,0.0,0.0
1980-12-08,0.0,0.0,0.0,0.0,5414400.0,0.0,0.0
1980-12-09,0.0,0.0,0.0,0.0,5824000.0,0.0,0.0
1980-12-10,0.0,0.0,0.0,0.0,5875200.0,0.0,0.0
1980-12-11,0.0,0.0,0.0,0.0,5440000.0,0.0,0.0
1980-12-12,0.0,0.0,0.0,0.0,8153600.0,0.0,0.0
1980-12-15,0.0,0.0,0.0,0.0,6643200.0,0.0,0.0
1980-12-16,0.0,0.0,0.0,0.0,6630400.0,0.0,0.0
1980-12-17,0.0,0.0,0.0,0.0,4672000.0,0.0,0.0
1980-12-18,0.0,0.0,0.0,0.0,11251200.0,0.0,0.0
1980-12-19,0.0,0.0,0.0,0.0,10035200.0,0.0,0.0
1980-12-22,0.0,0.0,0.0,0.0,1856000.0,0.0,0.0
1980-12-23,0.0,0.0,0.0,0.0,5696000.0,0.0,0.0
1980-12-24,0.0,0.0,0.0,0.0,2444800.0,0.0,0.0
1980-12-26,0.0,0.0,0.0,0.0,1459200.0,0.0,0.0
1980-12-29,0.0,0.0,0.0,0.0,1740800.0,0.0,0.0
1980-12-30,0.0,0.0,0.0,0.0,4364800.0,0.0,0.0
1980-12-31,0.0,0.0,0.0,0.0,2918400.0,0.0,0.0
1981-01-02,0.0,0.0,0.0,0.0,1574400.0,0.0,0.0
1981-01-05,0.0,0.0,0.0,0.0,5824000.0,0.0,0.0
1981-01-06,0.0,0.0,0.0,0.0,6950400.0,0.0,0.0
1981-01-07,0.0,0.0,0.0,0.0,8806400.0,0.0,0.0
1981-01-08,0.0,0.0,0.0,0.0,3302400.0,0.0,0.0
1981-01-09,0.0,0.0,0.0,0.0,2470400.0,0.0,0.0
1981-01-12,0.0,0.0,0.0,0.0,3353600.0,0.0,0.0
1981-01-13,0.0,0.0,0.0,0.0,4467200.0,0.0,0.0
1981-01-14,0.0,0.0,0.0,0.0,7923200.0,0.0,0.0
1981-01-15,0.0,0.0,0.0,0.0,2521600.0,0.0,0.0
1981-01-16,0.0,0.0,0.0,0.0,3328000.0,0.0,0.0
1981-01-19,0.0,0.0,0.0,0.0,4032000.0,0.0,0.0
1981-01-20,0.0,0.0,0.0,0.0,3507200.0,0.0,0.0
1981-01-21,0.0,0.0,0.0,0.0,985600.0,0.0,0.0
1981-01-22,0.0,0.0,0.0,0.0,1318400.0,0.0,0.0
1981-01-23,0.0,0.0,0.0,0.0,1382400.0,0.0,0.0
1981-01-26,0.0,0.0,0.0,0.0,1126400.0,0.0,0.0
1981-01-27,0.0,0.0,0.0,0.0,857600.0,0.0,0.0
1981-01-28,0.0,0.0,0.0,0.0,1164800.0,0.0,0.0
1981-01-29,0.0,0.0,0.0,0.0,2521600.0,0.0,0.0
1981-01-30,0.0,0.0,0.0,0.0,832000.0,0.0,0.0
1981-02-02,0.0,0.0,0.0,0.0,2060800.0,0.0,0.0
1981-02-03,0.0,0.0,0.0,0.0,1139200.0,0.0,0.0
1981-02-04,0.0,0.0,0.0,0.0,2060800.0,0.0,0.0
1981-02-05,0.0,0.0,0.0,0.0,3878400.0,0.0,0.0
1981-02-06,0.0,0.0,0.0,0.0,1216000.0,0.0,0.0
1981-02-09,0.0,0.0,0.0,0.0,1139200.0,0.0,0.0
1981-02-10,0.0,0.0,0.0,0.0,2176000.0,0.0,0.0
1981-02-11,0.0,0.0,0.0,0.0,1254400.0,0.0,0.0
1981-02-12,0.0,0.0,0.0,0.0,217600.0,0.0,0.0
1981-02-13,0.0,0.0,0.0,0.0,921600.0,0.0,0.0
1981-02-17,0.0,0.0,0.0,0.0,806400.0,0.0,0.0
1981-02-18,0.0,0.0,0.0,0.0,2201600.0,0.0,0.0
1981-02-19,0.0,0.0,0.0,0.0,1881600.0,0.0,0.0
1981-02-20,0.0,0.0,0.0,0.0,1536000.0,0.0,0.0
1981-02-23,0.0,0.0,0.0,0.0,537600.0,0.0,0.0
1981-02-24,0.0,0.0,0.0,0.0,2009600.0,0.0,0.0
1981-02-25,0.0,0.0,0.0,0.0,537600.0,0.0,0.0
1981-02-26,0.0,0.0,0.0,0.0,844800.0,0.0,0.0
1981-02-27,0.0,0.0,0.0,0.0,755200.0,0.0,0.0
1981-03-02,0.0,0.0,0.0,0.0,896000.0,0.0,0.0
1981-03-03,0.0,0.0,0.0,0.0,3801600.0,0.0,0.0
1981-03-04,0.0,0.0,0.0,0.0,2508800.0,0.0,0.0
1981-03-05,0.0,0.0,0.0,0.0,691200.0,0.0,0.0
1981-03-06,0.0,0.0,0.0,0.0,1638400.0,0.0,0.0
1981-03-09,0.0,0.0,0.0,0.0,972800.0,0.0,0.0
1981-03-10,0.0,0.0,0.0,0.0,1433600.0,0.0,0.0
1981-03-11,0.0,0.0,0.0,0.0,1830400.0,0.0,0.0
1981-03-12,0.0,0.0,0.0,0.0,3904000.0,0.0,0.0
1981-03-13,0.0,0.0,0.0,0.0,729600.0,0.0,0.0
1981-03-16,0.0,0.0,0.0,0.0,921600.0,0.0,0.0
1981-03-17,0.0,0.0,0.0,0.0,832000.0,0.0,0.0
1981-03-18,0.0,0.0,0.0,0.0,2022400.0,0.0,0.0
1981-03-19,0.0,0.0,0.0,0.0,3558400.0,0.0,0.0
1981-03-20,0.0,0.0,0.0,0.0,1728000.0,0.0,0.0
1981-03-23,0.0,0.0,0.0,0.0,2688000.0,0.0,0.0
1981-03-24,0.0,0.0,0.0,0.0,3264000.0,0.0,0.0
1981-03-25,0.0,0.0,0.0,0.0,1241600.0,0.0,0.0
1981-03-26,0.0,0.0,0.0,0.0,3379200.0,0.0,0.0
1981-03-27,0.0,0.0,0.0,0.0,1395200.0,0.0,0.0
1981-03-30,0.0,0.0,0.0,0.0,3136000.0,0.0,0.0
1981-03-31,0.0,0.0,0.0,0.0,3955200.0,0.0,0.0
1981-04-01,0.0,0.0,0.0,0.0,3046400.0,0.0,0.0
1981-04-02,0.0,0.0,0.0,0.0,4915200.0,0.0,0.0
1981-04-03,0.0,0.0,0.0,0.0,1369600.0,0.0,0.0
1981-04-06,0.0,0.0,0.0,0.0,2752000.0,0.0,0.0
1981-04-07,0.0,0.0,0.0,0.0,1433600.0,0.0,0.0
1981-04-08,0.0,0.0,0.0,0.0,1612800.0,0.0,0.0
1981-04-09,0.0,0.0,0.0,0.0,5657600.0,0.0,0.0
1981-04-10,0.0,0.0,0.0,0.0,4864000.0,0.0,0.0
1981-04-13,0.0,0.0,0.0,0.0,8230400.0,0.0,0.0
1981-04-14,0.0,0.0,0.0,0.0,3225600.0,0.0,0.0
1981-04-15,0.0,0.0,0.0,0.0,3276800.0,0.0,0.0
1981-04-16,0.0,0.0,0.0,0.0,10444800.0,0.0,0.0
1981-04-20,0.0,0.0,0.0,0.0,8179200.0,0.0,0.0
1981-04-21,0.0,0.0,0.0,0.0,2419200.0,0.0,0.0
1981-04-22,0.0,0.0,0.0,0.0,4454400.0,0.0,0.0
1981-04-23,0.0,0.0,0.0,0.0,5734400.0,0.0,0.0
1981-04-24,0.0,0.0,0.0,0.0,2496000.0,0.0,0.0
1981-04-27,0.0,0.0,0.0,0.0,2112000.0,0.0,0.0
1981-04-28,0.0,0.0,0.0,0.0,1523200.0,0.0,0.0
1981-04-29,0.0,0.0,0.0,0.0,1280000.0,0.0,0.0
1981-04-30,0.0,0.0,0.0,0.0,908800.0,0.0,0.0
1981-05-01,0.0,0.0,0.0,0.0,601600.0,0.0,0.0
1981-05-04,0.0,0.0,0.0,0.0,3315200.0,0.0,0.0
1981-05-05,0.0,0.0,0.0,0.0,1164800.0,0.0,0.0
1981-05-06,0.0,0.0,0.0,0.0,678400.0,0.0,0.0
1981-05-07,0.0,0.0,0.0,0.0,537600.0,0.0,0.0
1981-05-08,0.0,0.0,0.0,0.0,435200.0,0.0,0.0
1981-05-11,0.0,0.0,0.0,0.0,1344000.0,0.0,0.0
1981-05-12,0.0,0.0,0.0,0.0,1779200.0,0.0,0.0
1981-05-13,0.0,0.0,0.0,0.0,1587200.0,0.0,0.0
1981-05-14,0.0,0.0,0.0,0.0,768000.0,0.0,0.0
1981-05-15,0.0,0.0,0.0,0.0,921600.0,0.0,0.0
1981-05-18,0.0,0.0,0.0,0.0,3596800.0,0.0,0.0
1981-05-19,0.0,0.0,0.0,0.0,716800.0,0.0,0.0
1981-05-20,0.0,0.0,0.0,0.0,1664000.0,0.0,0.0
1981-05-21,0.0,0.0,0.0,0.0,1843200.0,0.0,0.0
1981-05-22,0.0,0.0,0.0,0.0,588800.0,0.0,0.0
1981-05-26,0.0,0.0,0.0,0.0,4812800.0,0.0,0.0
1981-05-27,0.0,0.0,0.0,0.0,3942400.0,0.0,0.0
1981-05-28,0.0,0.0,0.0,0.0,9100800.0,0.0,0.0
1981-05-29,0.0,0.0,0.0,0.0,3699200.0,0.0,0.0
1981-06-01,0.0,0.0,0.0,0.0,3302400.0,0.0,0.0
1981-06-02,0.0,0.0,0.0,0.0,5849600.0,0.0,0.0
1981-06-03,0.0,0.0,0.0,0.0,7692800.0,0.0,0.0
1981-06-04,0.0,0.0,0.0,0.0,2905600.0,0.0,0.0
1981-06-05,0.0,0.0,0.0,0.0,6080000.0,0.0,0.0
1981-06-08,0.0,0.0,0.0,0.0,1856000.0,0.0,0.0
1981-06-09,0.0,0.0,0.0,0.0,1164800.0,0.0,0.0
1981-06-10,0.0,0.0,0.0,0.0,2521600.0,0.0,0.0
1981-06-11,0.0,0.0,0.0,0.0,3904000.0,0.0,0.0
1981-06-12,0.0,0.0,0.0,0.0,8691200.0,0.0,0.0
1981-06-15,0.0,0.0,0.0,0.0,4108800.0,0.0,0.0
1981-06-16,0.0,0.0,0.0,0.0,16704000.0,0.0,0.0
1981-06-17,0.0,0.0,0.0,0.0,4070400.0,0.0,0.0
1981-06-18,0.0,0.0,0.0,0.0,6924800.0,0.0,0.0
1981-06-19,0.0,0.0,0.0,0.0,2329600.0,0.0,0.0
1981-06-22,0.0,0.0,0.0,0.0,1766400.0,0.0,0.0
1981-06-23,0.0,0.0,0.0,0.0,5337600.0,0.0,0.0
1981-06-24,0.0,0.0,0.0,0.0,1561600.0,0.0,0.0
1981-06-25,0.0,0.0,0.0,0.0,3635200.0,0.0,0.0
1981-06-26,0.0,0.0,0.0,0.0,2944000.0,0.0,0.0
1981-06-29,0.0,0.0,0.0,0.0,1088000.0,0.0,0.0
1981-06-30,0.0,0.0,0.0,0.0,1024000.0,0.0,0.0
1981-07-01,0.0,0.0,0.0,0.0,1728000.0,0.0,0.0
1981-07-02,0.0,0.0,0.0,0.0,1139200.0,0.0,0.0
1981-07-06,0.0,0.0,0.0,0.0,1356800.0,0.0,0.0
1981-07-07,0.0,0.0,0.0,0.0,1459200.0,0.0,0.0
1981-07-08,0.0,0.0,0.0,0.0,614400.0,0.0,0.0
1981-07-09,0.0,0.0,0.0,0.0,1420800.0,0.0,0.0
1981-07-10,0.0,0.0,0.0,0.0,793600.0,0.0,0.0
1981-07-13,0.0,0.0,0.0,0.0,1843200.0,0.0,0.0
1981-07-14,0.0,0.0,0.0,0.0,896000.0,0.0,0.0
1981-07-15,0.0,0.0,0.0,0.0,537600.0,0.0,0.0
1981-07-16,0.0,0.0,0.0,0.0,448000.0,0.0,0.0
1981-07-17,0.0,0.0,0.0,0.0,192000.0,0.0,0.0
1981-07-20,0.0,0.0,0.0,0.0,3404800.0,0.0,0.0
1981-07-21,0.0,0.0,0.0,0.0,857600.0,0.0,0.0
1981-07-22,0.0,0.0,0.0,0.0,1152000.0,0.0,0.0
1981-07-23,0.0,0.0,0.0,0.0,2560000.0,0.0,0.0
1981-07-24,0.0,0.0,0.0,0.0,2035200.0,0.0,0.0
1981-07-27,0.0,0.0,0.0,0.0,1433600.0,0.0,0.0
1981-07-28,0.0,0.0,0.0,0.0,780800.0,0.0,0.0
1981-07-29,0.0,0.0,0.0,0.0,1894400.0,0.0,0.0
1981-07-30,0.0,0.0,0.0,0.0,2470400.0,0.0,0.0
1981-07-31,0.0,0.0,0.0,0.0,524800.0,0.0,0.0
1981-08-03,0.0,0.0,0.0,0.0,1420800.0,0.0,0.0
1981-08-04,0.0,0.0,0.0,0.0,1100800.0,0.0,0.0
1981-08-05,0.0,0.0,0.0,0.0,2163200.0,0.0,0.0
1981-08-06,0.0,0.0,0.0,0.0,1318400.0,0.0,0.0
1981-08-07,0.0,0.0,0.0,0.0,998400.0,0.0,0.0
1981-08-10,0.0,0.0,0.0,0.0,0.0,0.0,0.0
1981-08-11,0.0,0.0,0.0,0.0,1241600.0,0.0,0.0
1981-08-12,0.0,0.0,0.0,0.0,2764800.0,0.0,0.0
1981-08-13,0.0,0.0,0.0,0.0,588800.0,0.0,0.0
1981-08-14,0.0,0.0,0.0,0.0,704000.0,0.0,0.0
1981-08-17,0.0,0.0,0.0,0.0,2278400.0,0.0,0.0
1981-08-18,0.0,0.0,0.0,0.0,1292800.0,0.0,0.0
1981-08-19,0.0,0.0,0.0,0.0,883200.0,0.0,0.0
1981-08-20,0.0,0.0,0.0,0.0,883200.0,0.0,0.0
1981-08-21,0.0,0.0,0.0,0.0,627200.0,0.0,0.0
1981-08-24,0.0,0.0,0.0,0.0,1088000.0,0.0,0.0
1981-08-25,0.0,0.0,0.0,0.0,358400.0,0.0,0.0
1981-08-26,0.0,0.0,0.0,0.0,614400.0,0.0,0.0
1981-08-27,0.0,0.0,0.0,0.0,3840000.0,0.0,0.0
1981-08-28,0.0,0.0,0.0,0.0,512000.0,0.0,0.0
1981-08-31,0.0,0.0,0.0,0.0,1075200.0,0.0,0.0
1981-09-01,0.0,0.0,0.0,0.0,1600000.0,0.0,0.0
1981-09-02,0.0,0.0,0.0,0.0,1049600.0,0.0,0.0
1981-09-03,0.0,0.0,0.0,0.0,704000.0,0.0,0.0
1981-09-04,0.0,0.0,0.0,0.0,1177600.0,0.0,0.0
1981-09-08,0.0,0.0,0.0,0.0,1267200.0,0.0,0.0
1981-09-09,0.0,0.0,0.0,0.0,179200.0,0.0,0.0
1981-09-10,0.0,0.0,0.0,0.0,1907200.0,0.0,0.0
1981-09-11,0.0,0.0,0.0,0.0,640000.0,0.0,0.0
1981-09-14,0.0,0.0,0.0,0.0,396800.0,0.0,0.0
1981-09-15,0.0,0.0,0.0,0.0,2995200.0,0.0,0.0
1981-09-16,0.0,0.0,0.0,0.0,1881600.0,0.0,0.0
1981-09-17,0.0,0.0,0.0,0.0,1651200.0,0.0,0.0
1981-09-18,0.0,0.0,0.0,0.0,320000.0,0.0,0.0
1981-09-21,0.0,0.0,0.0,0.0,934400.0,0.0,0.0
1981-09-22,0.0,0.0,0.0,0.0,985600.0,0.0,0.0
1981-09-23,0.0,0.0,0.0,0.0,1817600.0,0.0,0.0
1981-09-24,0.0,0.0,0.0,0.0,1612800.0,0.0,0.0
1981-09-25,0.0,0.0,0.0,0.0,2355200.0,0.0,0.0
1981-09-28,0.0,0.0,0.0,0.0,3532800.0,0.0,0.0
1981-09-29,0.0,0.0,0.0,0.0,678400.0,0.0,0.0
1981-09-30,0.0,0.0,0.0,0.0,1305600.0,0.0,0.0
1981-10-01,0.0,0.0,0.0,0.0,217600.0,0.0,0.0
1981-10-02,0.0,0.0,0.0,0.0,896000.0,0.0,0.0
1981-10-05,0.0,0.0,0.0,0.0,1318400.0,0.0,0.0
1981-10-06,0.0,0.0,0.0,0.0,1459200.0,0.0,0.0
1981-10-07,0.0,0.0,0.0,0.0,409600.0,0.0,0.0
1981-10-08,0.0,0.0,0.0,0.0,1216000.0,0.0,0.0
1981-10-09,0.0,0.0,0.0,0.0,1088000.0,0.0,0.0
1981-10-12,0.0,0.0,0.0,0.0,2304000.0,0.0,0.0
1981-10-13,0.0,0.0,0.0,0.0,6976000.0,0.0,0.0
1981-10-14,0.0,0.0,0.0,0.0,17088000.0,0.0,0.0
1981-10-15,0.0,0.0,0.0,0.0,4262400.0,0.0,0.0
1981-10-16,0.0,0.0,0.0,0.0,4032000.0,0.0,0.0
1981-10-19,0.0,0.0,0.0,0.0,2496000.0,0.0,0.0
1981-10-20,0.0,0.0,0.0,0.0,31961600.0,0.0,0.0
1981-10-21,0.0,0.0,0.0,0.0,4915200.0,0.0,0.0
1981-10-22,0.0,0.0,0.0,0.0,7232000.0,0.0,0.0
1981-10-23,0.0,0.0,0.0,0.0,3865600.0,0.0,0.0
1981-10-26,0.0,0.0,0.0,0.0,3251200.0,0.0,0.0
1981-10-27,0.0,0.0,0.0,0.0,2483200.0,0.0,0.0
1981-10-28,0.0,0.0,0.0,0.0,5785600.0,0.0,0.0
1981-10-29,0.0,0.0,0.0,0.0,10649600.0,0.0,0.0
1981-10-30,0.0,0.0,0.0,0.0,6988800.0,0.0,0.0
1981-11-02,0.0,0.0,0.0,0.0,3699200.0,0.0,0.0
1981-11-03,0.0,0.0,0.0,0.0,2291200.0,0.0,0.0
1981-11-04,0.0,0.0,0.0,0.0,6604800.0,0.0,0.0
1981-11-05,0.0,0.0,0.0,0.0,5273600.0,0.0,0.0
1981-11-06,0.0,0.0,0.0,0.0,908800.0,0.0,0.0
1981-11-09,0.0,0.0,0.0,0.0,2406400.0,0.0,0.0
1981-11-10,0.0,0.0,0.0,0.0,2124800.0,0.0,0.0
1981-11-11,0.0,0.0,0.0,0.0,5043200.0,0.0,0.0
1981-11-12,0.0,0.0,0.0,0.0,8755200.0,0.0,0.0
1981-11-13,0.0,0.0,0.0,0.0,5977600.0,0.0,0.0
1981-11-16,0.0,0.0,0.0,0.0,4147200.0,0.0,0.0
1981-11-17,0.0,0.0,0.0,0.0,3084800.0,0.0,0.0
1981-11-18,0.0,0.0,0.0,0.0,2790400.0,0.0,0.0
1981-11-19,0.0,0.0,0.0,0.0,1049600.0,0.0,0.0
1981-11-20,0.0,0.0,0.0,0.0,3020800.0,0.0,0.0
1981-11-23,0.0,0.0,0.0,0.0,1497600.0,0.0,0.0
1981-11-24,0.0,0.0,0.0,0.0,2060800.0,0.0,0.0
1981-11-25,0.0,0.0,0.0,0.0,3379200.0,0.0,0.0
1981-11-27,0.0,0.0,0.0,0.0,2035200.0,0.0,0.0
1981-11-30,0.0,0.0,0.0,0.0,1600000.0,0.0,0.0
1981-12-01,0.0,0.0,0.0,0.0,3392000.0,0.0,0.0
1981-12-02,0.0,0.0,0.0,0.0,5337600.0,0.0,0.0
1981-12-03,0.0,0.0,0.0,0.0,3686400.0,0.0,0.0
1981-12-04,0.0,0.0,0.0,0.0,1446400.0,0.0,0.0
1981-12-07,0.0,0.0,0.0,0.0,2124800.0,0.0,0.0
1981-12-08,0.0,0.0,0.0,0.0,1920000.0,0.0,0.0
1981-12-09,0.0,0.0,0.0,0.0,1420800.0,0.0,0.0
1981-12-10,0.0,0.0,0.0,0.0,921600.0,0.0,0.0
1981-12-11,0.0,0.0,0.0,0.0,1664000.0,0.0,0.0
1981-12-14,0.0,0.0,0.0,0.0,1945600.0,0.0,0.0
1981-12-15,0.0,0.0,0.0,0.0,1459200.0,0.0,0.0
1981-12-16,0.0,0.0,0.0,0.0,2470400.0,0.0,0.0
1981-12-17,0.0,0.0,0.0,0.0,2112000.0,0.0,0.0
1981-12-18,0.0,0.0,0.0,0.0,2048000.0,0.0,0.0
1981-12-21,0.0,0.0,0.0,0.0,972800.0,0.0,0.0
1981-12-22,0.0,0.0,0.0,0.0,1113600.0,0.0,0.0
1981-12-23,0.0,0.0,0.0,0.0,2419200.0,0.0,0.0
1981-12-24,0.0,0.0,0.0,0.0,3955200.0,0.0,0.0
1981-12-28,0.0,0.0,0.0,0.0,1024000.0,0.0,0.0
1981-12-29,0.0,0.0,0.0,0.0,1728000.0,0.0,0.0
1981-12-30,0.0,0.0,0.0,0.0,4441600.0,0.0,0.0
1981-12-31,0.0,0.0,0.0,0.0,4864000.0,0.0,0.0
1982-01-04,0.0,0.0,0.0,0.0,4531200.0,0.0,0.0
1982-01-05,0.0,0.0,0.0,0.0,2777600.0,0.0,0.0
1982-01-06,0.0,0.0,0.0,0.0,3212800.0,0.0,0.0
1982-01-07,0.0,0.0,0.0,0.0,5606400.0,0.0,0.0
1982-01-08,0.0,0.0,0.0,0.0,3955200.0,0.0,0.0
1982-01-11,0.0,0.0,0.0,0.0,8294400.0,0.0,0.0
1982-01-12,0.0,0.0,0.0,0.0,1651200.0,0.0,0.0
1982-01-13,0.0,0.0,0.0,0.0,2752000.0,0.0,0.0
1982-01-14,0.0,0.0,0.0,0.0,4211200.0,0.0,0.0
1982-01-15,0.0,0.0,0.0,0.0,5196800.0,0.0,0.0
1982-01-18,0.0,0.0,0.0,0.0,6681600.0,0.0,0.0
1982-01-19,0.0,0.0,0.0,0.0,6348800.0,0.0,0.0
1982-01-20,0.0,0.0,0.0,0.0,3404800.0,0.0,0.0
1982-01-21,0.0,0.0,0.0,0.0,3404800.0,0.0,0.0
1982-01-22,0.0,0.0,0.0,0.0,3430400.0,0.0,0.0
1982-01-25,0.0,0.0,0.0,0.0,3174400.0,0.0,0.0
1982-01-26,0.0,0.0,0.0,0.0,832000.0,0.0,0.0
1982-01-27,0.0,0.0,0.0,0.0,1638400.0,0.0,0.0
1982-01-28,0.0,0.0,0.0,0.0,3507200.0,0.0,0.0
1982-01-29,0.0,0.0,0.0,0.0,6323200.0,0.0,0.0
1982-02-01,0.0,0.0,0.0,0.0,2112000.0,0.0,0.0
1982-02-02,0.0,0.0,0.0,0.0,2419200.0,0.0,0.0
1982-02-03,0.0,0.0,0.0,0.0,6182400.0,0.0,0.0
1982-02-04,0.0,0.0,0.0,0.0,7577600.0,0.0,0.0
1982-02-05,0.0,0.0,0.0,0.0,10406400.0,0.0,0.0
1982-02-08,0.0,0.0,0.0,0.0,2700800.0,0.0,0.0
1982-02-09,0.0,0.0,0.0,0.0,4441600.0,0.0,0.0
1982-02-10,0.0,0.0,0.0,0.0,4544000.0,0.0,0.0
1982-02-11,0.0,0.0,0.0,0.0,1088000.0,0.0,0.0
1982-02-12,0.0,0.0,0.0,0.0,601600.0,0.0,0.0
1982-02-16,0.0,0.0,0.0,0.0,2419200.0,0.0,0.0
1982-02-17,0.0,0.0,0.0,0.0,2611200.0,0.0,0.0
1982-02-18,0.0,0.0,0.0,0.0,3430400.0,0.0,0.0
1982-02-19,0.0,0.0,0.0,0.0,1484800.0,0.0,0.0
1982-02-22,0.0,0.0,0.0,0.0,4774400.0,0.0,0.0
1982-02-23,0.0,0.0,0.0,0.0,3660800.0,0.0,0.0
1982-02-24,0.0,0.0,0.0,0.0,1190400.0,0.0,0.0
1982-02-25,0.0,0.0,0.0,0.0,2611200.0,0.0,0.0
1982-02-26,0.0,0.0,0.0,0.0,2483200.0,0.0,0.0
1982-03-01,0.0,0.0,0.0,0.0,23270400.0,0.0,0.0
1982-03-02,0.0,0.0,0.0,0.0,1152000.0,0.0,0.0
1982-03-03,0.0,0.0,0.0,0.0,1203200.0,0.0,0.0
1982-03-04,0.0,0.0,0.0,0.0,960000.0,0.0,0.0
1982-03-05,0.0,0.0,0.0,0.0,729600.0,0.0,0.0
1982-03-08,0.0,0.0,0.0,0.0,4851200.0,0.0,0.0
1982-03-09,0.0,0.0,0.0,0.0,7372800.0,0.0,0.0
1982-03-10,0.0,0.0,0.0,0.0,6169600.0,0.0,0.0
1982-03-11,0.0,0.0,0.0,0.0,1139200.0,0.0,0.0
1982-03-12,0.0,0.0,0.0,0.0,2048000.0,0.0,0.0
1982-03-15,0.0,0.0,0.0,0.0,2854400.0,0.0,0.0
1982-03-16,0.0,0.0,0.0,0.0,2009600.0,0.0,0.0
1982-03-17,0.0,0.0,0.0,0.0,1369600.0,0.0,0.0
1982-03-18,0.0,0.0,0.0,0.0,2982400.0,0.0,0.0
1982-03-19,0.0,0.0,0.0,0.0,3238400.0,0.0,0.0
1982-03-22,0.0,0.0,0.0,0.0,1369600.0,0.0,0.0
1982-03-23,0.0,0.0,0.0,0.0,4185600.0,0.0,0.0
1982-03-24,0.0,0.0,0.0,0.0,2252800.0,0.0,0.0
1982-03-25,0.0,0.0,0.0,0.0,2854400.0,0.0,0.0
1982-03-26,0.0,0.0,0.0,0.0,716800.0,0.0,0.0
1982-03-29,0.0,0.0,0.0,0.0,1203200.0,0.0,0.0
1982-03-30,0.0,0.0,0.0,0.0,2304000.0,0.0,0.0
1982-03-31,0.0,0.0,0.0,0.0,524800.0,0.0,0.0
1982-04-01,0.0,0.0,0.0,0.0,1920000.0,0.0,0.0
1982-04-02,0.0,0.0,0.0,0.0,3315200.0,0.0,0.0
1982-04-05,0.0,0.0,0.0,0.0,4390400.0,0.0,0.0
1982-04-06,0.0,0.0,0.0,0.0,5529600.0,0.0,0.0
1982-04-07,0.0,0.0,0.0,0.0,18009600.0,0.0,0.0
1982-04-08,0.0,0.0,0.0,0.0,1356800.0,0.0,0.0
1982-04-12,0.0,0.0,0.0,0.0,3187200.0,0.0,0.0
1982-04-13,0.0,0.0,0.0,0.0,4595200.0,0.0,0.0
1982-04-14,0.0,0.0,0.0,0.0,4646400.0,0.0,0.0
1982-04-15,0.0,0.0,0.0,0.0,2112000.0,0.0,0.0
1982-04-16,0.0,0.0,0.0,0.0,3059200.0,0.0,0.0
1982-04-19,0.0,0.0,0.0,0.0,2982400.0,0.0,0.0
1982-04-20,0.0,0.0,0.0,0.0,1894400.0,0.0,0.0
1982-04-21,0.0,0.0,0.0,0.0,6566400.0,0.0,0.0
1982-04-22,0.0,0.0,0.0,0.0,1945600.0,0.0,0.0
1982-04-23,0.0,0.0,0.0,0.0,6848000.0,0.0,0.0
1982-04-26,0.0,0.0,0.0,0.0,2304000.0,0.0,0.0
1982-04-27,0.0,0.0,0.0,0.0,3545600.0,0.0,0.0
1982-04-28,0.0,0.0,0.0,0.0,1715200.0,0.0,0.0
1982-04-29,0.0,0.0,0.0,0.0,1536000.0,0.0,0.0
1982-04-30,0.0,0.0,0.0,0.0,3238400.0,0.0,0.0
1982-05-03,0.0,0.0,0.0,0.0,1932800.0,0.0,0.0
1982-05-04,0.0,0.0,0.0,0.0,2163200.0,0.0,0.0
1982-05-05,0.0,0.0,0.0,0.0,3481600.0,0.0,0.0
1982-05-06,0.0,0.0,0.0,0.0,4172800.0,0.0,0.0
1982-05-07,0.0,0.0,0.0,0.0,8128000.0,0.0,0.0
1982-05-10,0.0,0.0,0.0,0.0,908800.0,0.0,0.0
1982-05-11,0.0,0.0,0.0,0.0,2956800.0,0.0,0.0
1982-05-12,0.0,0.0,0.0,0.0,832000.0,0.0,0.0
1982-05-13,0.0,0.0,0.0,0.0,8012800.0,0.0,0.0
1982-05-14,0.0,0.0,0.0,0.0,793600.0,0.0,0.0
1982-05-17,0.0,0.0,0.0,0.0,3340800.0,0.0,0.0
1982-05-18,0.0,0.0,0.0,0.0,3123200.0,0.0,0.0
1982-05-19,0.0,0.0,0.0,0.0,3916800.0,0.0,0.0
1982-05-20,0.0,0.0,0.0,0.0,5043200.0,0.0,0.0
1982-05-21,0.0,0.0,0.0,0.0,2252800.0,0.0,0.0
1982-05-24,0.0,0.0,0.0,0.0,2316800.0,0.0,0.0
1982-05-25,0.0,0.0,0.0,0.0,1843200.0,0.0,0.0
1982-05-26,0.0,0.0,0.0,0.0,5376000.0,0.0,0.0
1982-05-27,0.0,0.0,0.0,0.0,1574400.0,0.0,0.0
1982-05-28,0.0,0.0,0.0,0.0,5209600.0,0.0,0.0
1982-06-01,0.0,0.0,0.0,0.0,793600.0,0.0,0.0
1982-06-02,0.0,0.0,0.0,0.0,1331200.0,0.0,0.0
1982-06-03,0.0,0.0,0.0,0.0,2137600.0,0.0,0.0
1982-06-04,0.0,0.0,0.0,0.0,1574400.0,0.0,0.0
1982-06-07,0.0,0.0,0.0,0.0,2969600.0,0.0,0.0
1982-06-08,0.0,0.0,0.0,0.0,10124800.0,0.0,0.0
1982-06-09,0.0,0.0,0.0,0.0,10278400.0,0.0,0.0
1982-06-10,0.0,0.0,0.0,0.0,6080000.0,0.0,0.0
1982-06-11,0.0,0.0,0.0,0.0,4774400.0,0.0,0.0
1982-06-14,0.0,0.0,0.0,0.0,1612800.0,0.0,0.0
1982-06-15,0.0,0.0,0.0,0.0,2752000.0,0.0,0.0
1982-06-16,0.0,0.0,0.0,0.0,5836800.0,0.0,0.0
1982-06-17,0.0,0.0,0.0,0.0,742400.0,0.0,0.0
1982-06-18,0.0,0.0,0.0,0.0,2060800.0,0.0,0.0
1982-06-21,0.0,0.0,0.0,0.0,1510400.0,0.0,0.0
1982-06-22,0.0,0.0,0.0,0.0,5734400.0,0.0,0.0
1982-06-23,0.0,0.0,0.0,0.0,2496000.0,0.0,0.0
1982-06-24,0.0,0.0,0.0,0.0,972800.0,0.0,0.0
1982-06-25,0.0,0.0,0.0,0.0,2892800.0,0.0,0.0
1982-06-28,0.0,0.0,0.0,0.0,1088000.0,0.0,0.0
1982-06-29,0.0,0.0,0.0,0.0,3353600.0,0.0,0.0
1982-06-30,0.0,0.0,0.0,0.0,10240000.0,0.0,0.0
1982-07-01,0.0,0.0,0.0,0.0,1472000.0,0.0,0.0
1982-07-02,0.0,0.0,0.0,0.0,2521600.0,0.0,0.0
1982-07-06,0.0,0.0,0.0,0.0,8755200.0,0.0,0.0
1982-07-07,0.0,0.0,0.0,0.0,473600.0,0.0,0.0
1982-07-08,0.0,0.0,0.0,0.0,2048000.0,0.0,0.0
1982-07-09,0.0,0.0,0.0,0.0,8512000.0,0.0,0.0
1982-07-12,0.0,0.0,0.0,0.0,9318400.0,0.0,0.0
1982-07-13,0.0,0.0,0.0,0.0,15590400.0,0.0,0.0
1982-07-14,0.0,0.0,0.0,0.0,2803200.0,0.0,0.0
1982-07-15,0.0,0.0,0.0,0.0,11763200.0,0.0,0.0
1982-07-16,0.0,0.0,0.0,0.0,4620800.0,0.0,0.0
1982-07-19,0.0,0.0,0.0,0.0,4812800.0,0.0,0.0
1982-07-20,0.0,0.0,0.0,0.0,16665600.0,0.0,0.0
1982-07-21,0.0,0.0,0.0,0.0,7180800.0,0.0,0.0
1982-07-22,0.0,0.0,0.0,0.0,6387200.0,0.0,0.0
1982-07-23,0.0,0.0,0.0,0.0,3110400.0,0.0,0.0
1982-07-26,0.0,0.0,0.0,0.0,844800.0,0.0,0.0
1982-07-27,0.0,0.0,0.0,0.0,3571200.0,0.0,0.0
1982-07-28,0.0,0.0,0.0,0.0,2816000.0,0.0,0.0
1982-07-29,0.0,0.0,0.0,0.0,17625600.0,0.0,0.0
1982-07-30,0.0,0.0,0.0,0.0,3673600.0,0.0,0.0
1982-08-02,0.0,0.0,0.0,0.0,2265600.0,0.0,0.0
1982-08-03,0.0,0.0,0.0,0.0,3571200.0,0.0,0.0
1982-08-04,0.0,0.0,0.0,0.0,5849600.0,0.0,0.0
1982-08-05,0.0,0.0,0.0,0.0,6246400.0,0.0,0.0
1982-08-06,0.0,0.0,0.0,0.0,9676800.0,0.0,0.0
1982-08-09,0.0,0.0,0.0,0.0,8396800.0,0.0,0.0
1982-08-10,0.0,0.0,0.0,0.0,4582400.0,0.0,0.0
1982-08-11,0.0,0.0,0.0,0.0,5683200.0,0.0,0.0
1982-08-12,0.0,0.0,0.0,0.0,6195200.0,0.0,0.0
1982-08-13,0.0,0.0,0.0,0.0,3520000.0,0.0,0.0
1982-08-16,0.0,0.0,0.0,0.0,3724800.0,0.0,0.0
1982-08-17,0.0,0.0,0.0,0.0,9395200.0,0.0,0.0
1982-08-18,0.0,0.0,0.0,0.0,17510400.0,0.0,0.0
1982-08-19,0.0,0.0,0.0,0.0,17395200.0,0.0,0.0
1982-08-20,0.0,0.0,0.0,0.0,18048000.0,0.0,0.0
1982-08-23,0.0,0.0,0.0,0.0,7552000.0,0.0,0.0
1982-08-24,0.0,0.0,0.0,0.0,13068800.0,0.0,0.0
1982-08-25,0.0,0.0,0.0,0.0,5734400.0,0.0,0.0
1982-08-26,0.0,0.0,0.0,0.0,15065600.0,0.0,0.0
1982-08-27,0.0,0.0,0.0,0.0,4339200.0,0.0,0.0
1982-08-30,0.0,0.0,0.0,0.0,6182400.0,0.0,0.0
1982-08-31,0.0,0.0,0.0,0.0,6950400.0,0.0,0.0
1982-09-01,0.0,0.0,0.0,0.0,18764800.0,0.0,0.0
1982-09-02,0.0,0.0,0.0,0.0,11686400.0,0.0,0.0
1982-09-03,0.0,0.0,0.0,0.0,8998400.0,0.0,0.0
1982-09-07,0.0,0.0,0.0,0.0,2406400.0,0.0,0.0
1982-09-08,0.0,0.0,0.0,0.0,12198400.0,0.0,0.0
1982-09-09,0.0,0.0,0.0,0.0,15116800.0,0.0,0.0
1982-09-10,0.0,0.0,0.0,0.0,1139200.0,0.0,0.0
1982-09-13,0.0,0.0,0.0,0.0,3840000.0,0.0,0.0
1982-09-14,0.0,0.0,0.0,0.0,16268800.0,0.0,0.0
1982-09-15,0.0,0.0,0.0,0.0,8640000.0,0.0,0.0
1982-09-16,0.0,0.0,0.0,0.0,9433600.0,0.0,0.0
1982-09-17,0.0,0.0,0.0,0.0,3865600.0,0.0,0.0
1982-09-20,0.0,0.0,0.0,0.0,4992000.0,0.0,0.0
1982-09-21,0.0,0.0,0.0,0.0,9804800.0,0.0,0.0
1982-09-22,0.0,0.0,0.0,0.0,9446400.0,0.0,0.0
1982-09-23,0.0,0.0,0.0,0.0,9113600.0,0.0,0.0
1982-09-24,0.0,0.0,0.0,0.0,3251200.0,0.0,0.0
1982-09-27,0.0,0.0,0.0,0.0,2854400.0,0.0,0.0
1982-09-28,0.0,0.0,0.0,0.0,6835200.0,0.0,0.0
1982-09-29,0.0,0.0,0.0,0.0,3315200.0,0.0,0.0
1982-09-30,0.0,0.0,0.0,0.0,2304000.0,0.0,0.0
1982-10-01,0.0,0.0,0.0,0.0,4377600.0,0.0,0.0
1982-10-04,0.0,0.0,0.0,0.0,6771200.0,0.0,0.0
1982-10-05,0.0,0.0,0.0,0.0,11225600.0,0.0,0.0
1982-10-06,0.0,0.0,0.0,0.0,22668800.0,0.0,0.0
1982-10-07,0.0,0.0,0.0,0.0,27852800.0,0.0,0.0
1982-10-08,0.0,0.0,0.0,0.0,13785600.0,0.0,0.0
1982-10-11,0.0,0.0,0.0,0.0,6144000.0,0.0,0.0
1982-10-12,0.0,0.0,0.0,0.0,5555200.0,0.0,0.0
1982-10-13,0.0,0.0,0.0,0.0,4032000.0,0.0,0.0
1982-10-14,0.0,0.0,0.0,0.0,91430400.0,0.0,0.0
1982-10-15,0.0,0.0,0.0,0.0,21363200.0,0.0,0.0
1982-10-18,0.0,0.0,0.0,0.0,12377600.0,0.0,0.0
1982-10-19,0.0,0.0,0.0,0.0,57676800.0,0.0,0.0
1982-10-20,0.0,0.0,0.0,0.0,22144000.0,0.0,0.0
1982-10-21,0.0,0.0,0.0,0.0,21875200.0,0.0,0.0
1982-10-22,0.0,0.0,0.0,0.0,14988800.0,0.0,0.0
1982-10-25,0.0,0.0,0.0,0.0,8883200.0,0.0,0.0
1982-10-26,0.0,0.0,0.0,0.0,9011200.0,0.0,0.0
1982-10-27,0.0,0.0,0.0,0.0,11699200.0,0.0,0.0
1982-10-28,0.0,0.0,0.0,0.0,3340800.0,0.0,0.0
1982-10-29,0.0,0.0,0.0,0.0,6156800.0,0.0,0.0
1982-11-01,0.0,0.0,0.0,0.0,15590400.0,0.0,0.0
1982-11-02,0.0,0.0,0.0,0.0,8512000.0,0.0,0.0
1982-11-03,0.0,0.0,0.0,0.0,13568000.0,0.0,0.0
1982-11-04,0.0,0.0,0.0,0.0,16563200.0,0.0,0.0
1982-11-05,0.0,0.0,0.0,0.0,22272000.0,0.0,0.0
1982-11-08,0.0,0.0,0.0,0.0,6156800.0,0.0,0.0
1982-11-09,0.0,0.0,0.0,0.0,5478400.0,0.0,0.0
1982-11-10,0.0,0.0,0.0,0.0,12800000.0,0.0,0.0
1982-11-11,0.0,0.0,0.0,0.0,18867200.0,0.0,0.0
1982-11-12,0.0,0.0,0.0,0.0,20595200.0,0.0,0.0
1982-11-15,0.0,0.0,0.0,0.0,20006400.0,0.0,0.0
1982-11-16,0.0,0.0,0.0,0.0,32921600.0,0.0,0.0
1982-11-17,0.0,0.0,0.0,0.0,16268800.0,0.0,0.0
1982-11-18,0.0,0.0,0.0,0.0,23424000.0,0.0,0.0
1982-11-19,0.0,0.0,0.0,0.0,3916800.0,0.0,0.0
1982-11-22,0.0,0.0,0.0,0.0,6950400.0,0.0,0.0
1982-11-23,0.0,0.0,0.0,0.0,9523200.0,0.0,0.0
1982-11-24,0.0,0.0,0.0,0.0,6246400.0,0.0,0.0
1982-11-26,0.0,0.0,0.0,0.0,5222400.0,0.0,0.0
1982-11-29,0.0,0.0,0.0,0.0,11904000.0,0.0,0.0
1982-11-30,0.0,0.0,0.0,0.0,7232000.0,0.0,0.0
1982-12-01,0.0,0.0,0.0,0.0,21273600.0,0.0,0.0
1982-12-02,0.0,0.0,0.0,0.0,12147200.0,0.0,0.0
1982-12-03,0.0,0.0,0.0,0.0,3776000.0,0.0,0.0
1982-12-06,0.0,0.0,0.0,0.0,3264000.0,0.0,0.0
1982-12-07,0.0,0.0,0.0,0.0,8998400.0,0.0,0.0
1982-12-08,0.0,0.0,0.0,0.0,8089600.0,0.0,0.0
1982-12-09,0.0,0.0,0.0,0.0,18048000.0,0.0,0.0
1982-12-10,0.0,0.0,0.0,0.0,9203200.0,0.0,0.0
1982-12-13,0.0,0.0,0.0,0.0,5926400.0,0.0,0.0
1982-12-14,0.0,0.0,0.0,0.0,6796800.0,0.0,0.0
1982-12-15,0.0,0.0,0.0,0.0,9868800.0,0.0,0.0
1982-12-16,0.0,0.0,0.0,0.0,13337600.0,0.0,0.0
1982-12-17,0.0,0.0,0.0,0.0,16934400.0,0.0,0.0
1982-12-20,0.0,0.0,0.0,0.0,4019200.0,0.0,0.0
1982-12-21,0.0,0.0,0.0,0.0,5683200.0,0.0,0.0
1982-12-22,0.0,0.0,0.0,0.0,7641600.0,0.0,0.0
1982-12-23,0.0,0.0,0.0,0.0,8691200.0,0.0,0.0
1982-12-27,0.0,0.0,0.0,0.0,2291200.0,0.0,0.0
1982-12-28,0.0,0.0,0.0,0.0,8652800.0,0.0,0.0
1982-12-29,0.0,0.0,0.0,0.0,6592000.0,0.0,0.0
1982-12-30,0.0,0.0,0.0,0.0,9318400.0,0.0,0.0
1982-12-31,0.0,0.0,0.0,0.0,5017600.0,0.0,0.0
1983-01-03,0.0,0.0,0.0,0.0,14604800.0,0.0,0.0
1983-01-04,0.0,0.0,0.0,0.0,17420800.0,0.0,0.0
1983-01-05,0.0,0.0,0.0,0.0,17100800.0,0.0,0.0
1983-01-06,0.0,0.0,0.0,0.0,21107200.0,0.0,2.0
1983-01-07,0.0,0.0,0.0,0.0,43430400.0,0.0,0.0
1983-01-10,0.0,0.0,0.0,0.0,27820800.0,0.0,0.0
1983-01-11,0.0,0.0,0.0,0.0,2918400.0,0.0,0.0
1983-01-12,0.0,0.0,0.0,0.0,34720000.0,0.0,0.0
1983-01-13,0.0,0.0,0.0,0.0,13651200.0,0.0,0.0
1983-01-14,0.0,0.0,0.0,0.0,20160000.0,0.0,0.0
1983-01-17,0.0,0.0,0.0,0.0,14835200.0,0.0,0.0
1983-01-18,0.0,0.0,0.0,0.0,21606400.0,0.0,0.0
1983-01-19,0.0,0.0,0.0,0.0,10726400.0,0.0,0.0
1983-01-20,0.0,0.0,0.0,0.0,6080000.0,0.0,0.0
1983-01-21,0.0,0.0,0.0,0.0,3948800.0,0.0,0.0
1983-01-24,0.0,0.0,0.0,0.0,4224000.0,0.0,0.0
1983-01-25,0.0,0.0,0.0,0.0,3904000.0,0.0,0.0
1983-01-26,0.0,0.0,0.0,0.0,3059200.0,0.0,0.0
1983-01-27,0.0,0.0,0.0,0.0,5792000.0,0.0,0.0
1983-01-28,0.0,0.0,0.0,0.0,15443200.0,0.0,0.0
1983-01-31,0.0,0.0,0.0,0.0,6444800.0,0.0,0.0
1983-02-01,0.0,0.0,0.0,0.0,16646400.0,0.0,0.0
1983-02-02,0.0,0.0,0.0,0.0,14899200.0,0.0,0.0
1983-02-03,0.0,0.0,0.0,0.0,15571200.0,0.0,0.0
1983-02-04,0.0,0.0,0.0,0.0,9580800.0,0.0,0.0
1983-02-07,0.0,0.0,0.0,0.0,6732800.0,0.0,0.0
1983-02-08,0.0,0.0,0.0,0.0,11539200.0,0.0,0.0
1983-02-09,0.0,0.0,0.0,0.0,7788800.0,0.0,0.0
1983-02-10,0.0,0.0,0.0,0.0,7174400.0,0.0,0.0
1983-02-11,0.0,0.0,0.0,0.0,14502400.0,0.0,0.0
1983-02-14,0.0,0.0,0.0,0.0,19059200.0,0.0,0.0
1983-02-15,0.0,0.0,0.0,0.0,14534400.0,0.0,0.0
1983-02-16,0.0,0.0,0.0,0.0,14342400.0,0.0,0.0
1983-02-17,0.0,0.0,0.0,0.0,6790400.0,0.0,0.0
1983-02-18,0.0,0.0,0.0,0.0,5273600.0,0.0,0.0
1983-02-22,0.0,0.0,0.0,0.0,3571200.0,0.0,0.0
1983-02-23,0.0,0.0,0.0,0.0,6694400.0,0.0,0.0
1983-02-24,0.0,0.0,0.0,0.0,34732800.0,0.0,0.0
1983-02-25,0.0,0.0,0.0,0.0,84236800.0,0.0,0.0
1983-02-28,0.0,0.0,0.0,0.0,24889600.0,0.0,0.0
1983-03-01,0.0,0.0,0.0,0.0,23270400.0,0.0,0.0
1983-03-02,0.0,0.0,0.0,0.0,41459200.0,0.0,0.0
1983-03-03,0.0,0.0,0.0,0.0,24748800.0,0.0,0.0
1983-03-04,0.0,0.0,0.0,0.0,12710400.0,0.0,0.0
1983-03-07,0.0,0.0,0.0,0.0,14912000.0,0.0,0.0
1983-03-08,0.0,0.0,0.0,0.0,136518400.0,0.0,0.0
1983-03-09,0.0,0.0,0.0,0.0,30176000.0,0.0,0.0
1983-03-10,0.0,0.0,0.0,0.0,36064000.0,0.0,0.0
1983-03-11,0.0,0.0,0.0,0.0,17331200.0,0.0,0.0
1983-03-14,0.0,0.0,0.0,0.0,11609600.0,0.0,0.0
1983-03-15,0.0,0.0,0.0,0.0,17952000.0,0.0,0.0
1983-03-16,0.0,0.0,0.0,0.0,12864000.0,0.0,0.0
1983-03-17,0.0,0.0,0.0,0.0,13145600.0,0.0,0.0
1983-03-18,0.0,0.0,0.0,0.0,11404800.0,0.0,0.0
1983-03-21,0.0,0.0,0.0,0.0,5964800.0,0.0,0.0
1983-03-22,0.0,0.0,0.0,0.0,20006400.0,0.0,0.0
1983-03-23,0.0,0.0,0.0,0.0,12896000.0,0.0,0.0
1983-03-24,0.0,0.0,0.0,0.0,14739200.0,0.0,0.0
1983-03-25,0.0,0.0,0.0,0.0,14348800.0,0.0,0.0
1983-03-28,0.0,0.0,0.0,0.0,8678400.0,0.0,0.0
1983-03-29,0.0,0.0,0.0,0.0,5651200.0,0.0,0.0
1983-03-30,0.0,0.0,0.0,0.0,19116800.0,0.0,0.0
1983-03-31,0.0,0.0,0.0,0.0,9990400.0,0.0,0.0
1983-04-04,0.0,0.0,0.0,0.0,4006400.0,0.0,0.0
1983-04-05,0.0,0.0,0.0,0.0,4729600.0,0.0,0.0
1983-04-06,0.0,0.0,0.0,0.0,7142400.0,0.0,0.0
1983-04-07,0.0,0.0,0.0,0.0,6873600.0,0.0,0.0
1983-04-08,0.0,0.0,0.0,0.0,10841600.0,0.0,0.0
1983-04-11,0.0,0.0,0.0,0.0,5708800.0,0.0,0.0
1983-04-12,0.0,0.0,0.0,0.0,13017600.0,0.0,0.0
1983-04-13,0.0,0.0,0.0,0.0,13395200.0,0.0,0.0
1983-04-14,0.0,0.0,0.0,0.0,6035200.0,0.0,0.0
1983-04-15,0.0,0.0,0.0,0.0,33395200.0,0.0,0.0
1983-04-18,0.0,0.0,0.0,0.0,25497600.0,0.0,0.0
1983-04-19,0.0,0.0,0.0,0.0,10054400.0,0.0,0.0
1983-04-20,0.0,0.0,0.0,0.0,16787200.0,0.0,0.0
1983-04-21,0.0,0.0,0.0,0.0,23481600.0,0.0,0.0
1983-04-22,0.0,0.0,0.0,0.0,49184000.0,0.0,0.0
1983-04-25,0.0,0.0,0.0,0.0,41824000.0,0.0,0.0
1983-04-26,0.0,0.0,0.0,0.0,42860800.0,0.0,0.0
1983-04-27,0.0,0.0,0.0,0.0,34457600.0,0.0,0.0
1983-04-28,0.0,0.0,0.0,0.0,22726400.0,0.0,0.0
1983-04-29,0.0,0.0,0.0,0.0,18041600.0,0.0,0.0
1983-05-02,0.0,0.0,0.0,0.0,8793600.0,0.0,0.0
1983-05-03,0.0,0.0,0.0,0.0,8313600.0,0.0,0.0
1983-05-04,0.0,0.0,0.0,0.0,18944000.0,0.0,0.0
1983-05-05,0.0,0.0,0.0,0.0,4678400.0,0.0,0.0
1983-05-06,0.0,0.0,0.0,0.0,11232000.0,0.0,0.0
1983-05-09,0.0,0.0,0.0,0.0,8908800.0,0.0,0.0
1983-05-10,0.0,0.0,0.0,0.0,7385600.0,0.0,0.0
1983-05-11,0.0,0.0,0.0,0.0,6867200.0,0.0,0.0
1983-05-12,0.0,0.0,0.0,0.0,7622400.0,0.0,0.0
1983-05-13,0.0,0.0,0.0,0.0,4672000.0,0.0,0.0
1983-05-16,0.0,0.0,0.0,0.0,11750400.0,0.0,0.0
1983-05-17,0.0,0.0,0.0,0.0,7801600.0,0.0,0.0
1983-05-18,0.0,0.0,0.0,0.0,20236800.0,0.0,0.0
1983-05-19,0.0,0.0,0.0,0.0,13145600.0,0.0,0.0
1983-05-20,0.0,0.0,0.0,0.0,6009600.0,0.0,0.0
1983-05-23,0.0,0.0,0.0,0.0,3276800.0,0.0,0.0
1983-05-24,0.0,0.0,0.0,0.0,8819200.0,0.0,0.0
1983-05-25,0.0,0.0,0.0,0.0,5190400.0,0.0,0.0
1983-05-26,0.0,0.0,0.0,0.0,15750400.0,0.0,0.0
1983-05-27,0.0,0.0,0.0,0.0,5593600.0,0.0,0.0
1983-05-31,0.0,0.0,0.0,0.0,4032000.0,0.0,0.0
1983-06-01,0.0,0.0,0.0,0.0,5312000.0,0.0,0.0
1983-06-02,0.0,0.0,0.0,0.0,8512000.0,0.0,0.0
1983-06-03,0.0,0.0,0.0,0.0,7379200.0,0.0,0.0
1983-06-06,0.0,0.0,0.0,0.0,18265600.0,0.0,0.0
1983-06-07,0.0,0.0,0.0,0.0,6988800.0,0.0,0.0
1983-06-08,0.0,0.0,0.0,0.0,9395200.0,0.0,0.0
1983-06-09,0.0,0.0,0.0,0.0,5113600.0,0.0,0.0
1983-06-10,0.0,0.0,0.0,0.0,8153600.0,0.0,0.0
1983-06-13,0.0,0.0,0.0,0.0,2944000.0,0.0,0.0
1983-06-14,0.0,0.0,0.0,0.0,5190400.0,0.0,0.0
1983-06-15,0.0,0.0,0.0,0.0,6496000.0,0.0,0.0
1983-06-16,0.0,0.0,0.0,0.0,12467200.0,0.0,0.0
1983-06-17,0.0,0.0,0.0,0.0,5798400.0,0.0,0.0
1983-06-20,0.0,0.0,0.0,0.0,8096000.0,0.0,0.0
1983-06-21,0.0,0.0,0.0,0.0,4998400.0,0.0,0.0
1983-06-22,0.0,0.0,0.0,0.0,8998400.0,0.0,0.0
1983-06-23,0.0,0.0,0.0,0.0,9062400.0,0.0,0.0
1983-06-24,0.0,0.0,0.0,0.0,6355200.0,0.0,0.0
1983-06-27,0.0,0.0,0.0,0.0,7385600.0,0.0,0.0
1983-06-28,0.0,0.0,0.0,0.0,13011200.0,0.0,0.0
1983-06-29,0.0,0.0,0.0,0.0,15539200.0,0.0,0.0
1983-06-30,0.0,0.0,0.0,0.0,2278400.0,0.0,0.0
1983-07-01,0.0,0.0,0.0,0.0,7328000.0,0.0,0.0
1983-07-05,0.0,0.0,0.0,0.0,2470400.0,0.0,0.0
1983-07-06,0.0,0.0,0.0,0.0,14848000.0,0.0,0.0
1983-07-07,0.0,0.0,0.0,0.0,3411200.0,0.0,0.0
1983-07-08,0.0,0.0,0.0,0.0,12716800.0,0.0,0.0
1983-07-11,0.0,0.0,0.0,0.0,8768000.0,0.0,0.0
1983-07-12,0.0,0.0,0.0,0.0,6310400.0,0.0,0.0
1983-07-13,0.0,0.0,0.0,0.0,5843200.0,0.0,0.0
1983-07-14,0.0,0.0,0.0,0.0,13612800.0,0.0,0.0
1983-07-15,0.0,0.0,0.0,0.0,9600000.0,0.0,0.0
1983-07-18,0.0,0.0,0.0,0.0,5312000.0,0.0,0.0
1983-07-19,0.0,0.0,0.0,0.0,17408000.0,0.0,0.0
1983-07-20,0.0,0.0,0.0,0.0,9907200.0,0.0,0.0
1983-07-21,0.0,0.0,0.0,0.0,10553600.0,0.0,0.0
1983-07-22,0.0,0.0,0.0,0.0,17849600.0,0.0,0.0
1983-07-25,0.0,0.0,0.0,0.0,5728000.0,0.0,0.0
1983-07-26,0.0,0.0,0.0,0.0,8243200.0,0.0,0.0
1983-07-27,0.0,0.0,0.0,0.0,6374400.0,0.0,0.0
1983-07-28,0.0,0.0,0.0,0.0,7123200.0,0.0,0.0
1983-07-29,0.0,0.0,0.0,0.0,6585600.0,0.0,0.0
1983-08-01,0.0,0.0,0.0,0.0,4768000.0,0.0,0.0
1983-08-02,0.0,0.0,0.0,0.0,3782400.0,0.0,0.0
1983-08-03,0.0,0.0,0.0,0.0,6124800.0,0.0,0.0
1983-08-04,0.0,0.0,0.0,0.0,4889600.0,0.0,0.0
1983-08-05,0.0,0.0,0.0,0.0,2508800.0,0.0,0.0
1983-08-08,0.0,0.0,0.0,0.0,2675200.0,0.0,0.0
1983-08-09,0.0,0.0,0.0,0.0,3091200.0,0.0,0.0
1983-08-10,0.0,0.0,0.0,0.0,3398400.0,0.0,0.0
1983-08-11,0.0,0.0,0.0,0.0,3609600.0,0.0,0.0
1983-08-12,0.0,0.0,0.0,0.0,5600000.0,0.0,0.0
1983-08-15,0.0,0.0,0.0,0.0,15808000.0,0.0,0.0
1983-08-16,0.0,0.0,0.0,0.0,3808000.0,0.0,0.0
1983-08-17,0.0,0.0,0.0,0.0,5376000.0,0.0,0.0
1983-08-18,0.0,0.0,0.0,0.0,7942400.0,0.0,0.0
1983-08-19,0.0,0.0,0.0,0.0,2764800.0,0.0,0.0
1983-08-22,0.0,0.0,0.0,0.0,8249600.0,0.0,0.0
1983-08-23,0.0,0.0,0.0,0.0,4697600.0,0.0,0.0
1983-08-24,0.0,0.0,0.0,0.0,2771200.0,0.0,0.0
1983-08-25,0.0,0.0,0.0,0.0,6316800.0,0.0,0.0
1983-08-26,0.0,0.0,0.0,0.0,5670400.0,0.0,0.0
1983-08-29,0.0,0.0,0.0,0.0,4428800.0,0.0,0.0
1983-08-30,0.0,0.0,0.0,0.0,5235200.0,0.0,0.0
1983-08-31,0.0,0.0,0.0,0.0,6508800.0,0.0,0.0
1983-09-01,0.0,0.0,0.0,0.0,6112000.0,0.0,0.0
1983-09-02,0.0,0.0,0.0,0.0,3500800.0,0.0,0.0
1983-09-06,0.0,0.0,0.0,0.0,4115200.0,0.0,0.0
1983-09-07,0.0,0.0,0.0,0.0,9376000.0,0.0,0.0
1983-09-08,0.0,0.0,0.0,0.0,3443200.0,0.0,0.0
1983-09-09,0.0,0.0,0.0,0.0,5830400.0,0.0,0.0
1983-09-12,0.0,0.0,0.0,0.0,14886400.0,0.0,0.0
1983-09-13,0.0,0.0,0.0,0.0,4140800.0,0.0,0.0
1983-09-14,0.0,0.0,0.0,0.0,15795200.0,0.0,0.0
1983-09-15,0.0,0.0,0.0,0.0,4806400.0,0.0,0.0
1983-09-16,0.0,0.0,0.0,0.0,11142400.0,0.0,0.0
1983-09-19,0.0,0.0,0.0,0.0,13216000.0,0.0,0.0
1983-09-20,0.0,0.0,0.0,0.0,18220800.0,0.0,0.0
1983-09-21,0.0,0.0,0.0,0.0,21664000.0,0.0,0.0
1983-09-22,0.0,0.0,0.0,0.0,12716800.0,0.0,0.0
1983-09-23,0.0,0.0,0.0,0.0,13145600.0,0.0,0.0
1983-09-26,0.0,0.0,0.0,0.0,4595200.0,0.0,0.0
1983-09-27,0.0,0.0,0.0,0.0,10387200.0,0.0,0.0
1983-09-28,0.0,0.0,0.0,0.0,9721600.0,0.0,0.0
1983-09-29,0.0,0.0,0.0,0.0,4697600.0,0.0,0.0
1983-09-30,0.0,0.0,0.0,0.0,2208000.0,0.0,0.0
1983-10-03,0.0,0.0,0.0,0.0,14457600.0,0.0,0.0
1983-10-04,0.0,0.0,0.0,0.0,13152000.0,0.0,0.0
1983-10-05,0.0,0.0,0.0,0.0,31827200.0,0.0,0.0
1983-10-06,0.0,0.0,0.0,0.0,5401600.0,0.0,0.0
1983-10-07,0.0,0.0,0.0,0.0,10272000.0,0.0,0.0
1983-10-10,0.0,0.0,0.0,0.0,2880000.0,0.0,0.0
1983-10-11,0.0,0.0,0.0,0.0,12064000.0,0.0,0.0
1983-10-12,0.0,0.0,0.0,0.0,16908800.0,0.0,0.0
1983-10-13,0.0,0.0,0.0,0.0,13196800.0,0.0,0.0
1983-10-14,0.0,0.0,0.0,0.0,2950400.0,0.0,0.0
1983-10-17,0.0,0.0,0.0,0.0,1664000.0,0.0,0.0
1983-10-18,0.0,0.0,0.0,0.0,18771200.0,0.0,0.0
1983-10-19,0.0,0.0,0.0,0.0,5100800.0,0.0,0.0
1983-10-20,0.0,0.0,0.0,0.0,2880000.0,0.0,0.0
1983-10-21,0.0,0.0,0.0,0.0,3884800.0,0.0,0.0
1983-10-24,0.0,0.0,0.0,0.0,2169600.0,0.0,0.0
1983-10-25,0.0,0.0,0.0,0.0,2886400.0,0.0,0.0
1983-10-26,0.0,0.0,0.0,0.0,10732800.0,0.0,0.0
1983-10-27,0.0,0.0,0.0,0.0,1900800.0,0.0,0.0
1983-10-28,0.0,0.0,0.0,0.0,2220800.0,0.0,0.0
1983-10-31,0.0,0.0,0.0,0.0,6329600.0,0.0,0.0
1983-11-01,0.0,0.0,0.0,0.0,4883200.0,0.0,0.0
1983-11-02,0.0,0.0,0.0,0.0,2425600.0,0.0,0.0
1983-11-03,0.0,0.0,0.0,0.0,4953600.0,0.0,0.0
1983-11-04,0.0,0.0,0.0,0.0,5561600.0,0.0,0.0
1983-11-07,0.0,0.0,0.0,0.0,3385600.0,0.0,0.0
1983-11-08,0.0,0.0,0.0,0.0,4736000.0,0.0,0.0
1983-11-09,0.0,0.0,0.0,0.0,1964800.0,0.0,0.0
1983-11-10,0.0,0.0,0.0,0.0,1369600.0,0.0,0.0
1983-11-11,0.0,0.0,0.0,0.0,1196800.0,0.0,0.0
1983-11-14,0.0,0.0,0.0,0.0,4134400.0,0.0,0.0
1983-11-15,0.0,0.0,0.0,0.0,3334400.0,0.0,0.0
1983-11-16,0.0,0.0,0.0,0.0,3417600.0,0.0,0.0
1983-11-17,0.0,0.0,0.0,0.0,34329600.0,0.0,0.0
1983-11-18,0.0,0.0,0.0,0.0,21312000.0,0.0,0.0
1983-11-21,0.0,0.0,0.0,0.0,6470400.0,0.0,0.0
1983-11-22,0.0,0.0,0.0,0.0,10246400.0,0.0,0.0
1983-11-23,0.0,0.0,0.0,0.0,11084800.0,0.0,0.0
1983-11-25,0.0,0.0,0.0,0.0,9088000.0,0.0,0.0
1983-11-28,0.0,0.0,0.0,0.0,14182400.0,0.0,0.0
1983-11-29,0.0,0.0,0.0,0.0,8403200.0,0.0,0.0
1983-11-30,0.0,0.0,0.0,0.0,6937600.0,0.0,0.0
1983-12-01,0.0,0.0,0.0,0.0,5753600.0,0.0,0.0
1983-12-02,0.0,0.0,0.0,0.0,2265600.0,0.0,0.0
1983-12-05,0.0,0.0,0.0,0.0,8659200.0,0.0,0.0
1983-12-06,0.0,0.0,0.0,0.0,10246400.0,0.0,0.0
1983-12-07,0.0,0.0,0.0,0.0,2867200.0,0.0,0.0
1983-12-08,0.0,0.0,0.0,0.0,6304000.0,0.0,0.0
1983-12-09,0.0,0.0,0.0,0.0,4275200.0,0.0,0.0
1983-12-12,0.0,0.0,0.0,0.0,12000000.0,0.0,0.0
1983-12-13,0.0,0.0,0.0,0.0,8115200.0,0.0,0.0
1983-12-14,0.0,0.0,0.0,0.0,5766400.0,0.0,0.0
1983-12-15,0.0,0.0,0.0,0.0,8192000.0,0.0,0.0
1983-12-16,0.0,0.0,0.0,0.0,2969600.0,0.0,0.0
1983-12-19,0.0,0.0,0.0,0.0,3206400.0,0.0,0.0
1983-12-20,0.0,0.0,0.0,0.0,7411200.0,0.0,0.0
1983-12-21,0.0,0.0,0.0,0.0,23756800.0,0.0,0.0
1983-12-22,0.0,0.0,0.0,0.0,3296000.0,0.0,0.0
1983-12-23,0.0,0.0,0.0,0.0,2988800.0,0.0,0.0
1983-12-27,0.0,0.0,0.0,0.0,5011200.0,0.0,0.0
1983-12-28,0.0,0.0,0.0,0.0,5395200.0,0.0,0.0
1983-12-29,0.0,0.0,0.0,0.0,3539200.0,0.0,0.0
1983-12-30,0.0,0.0,0.0,0.0,7065600.0,0.0,0.0
1984-01-03,0.0,0.0,0.0,0.0,9331200.0,0.0,0.0
1984-01-04,0.0,0.0,0.0,0.0,7699200.0,0.0,0.0
1984-01-05,0.0,0.0,0.0,0.0,12524800.0,0.0,0.0
1984-01-06,0.0,0.0,0.0,0.0,9094400.0,0.0,0.0
1984-01-09,0.0,0.0,0.0,0.0,4012800.0,0.0,0.0
1984-01-10,0.0,0.0,0.0,0.0,11782400.0,0.0,0.0
1984-01-11,0.0,0.0,0.0,0.0,8281600.0,0.0,0.0
1984-01-12,0.0,0.0,0.0,0.0,10342400.0,0.0,0.0
1984-01-13,0.0,0.0,0.0,0.0,4102400.0,0.0,0.0
1984-01-16,0.0,0.0,0.0,0.0,3961600.0,0.0,0.0
1984-01-17,0.0,0.0,0.0,0.0,7833600.0,0.0,0.0
1984-01-18,0.0,0.0,0.0,0.0,2540800.0,0.0,0.0
1984-01-19,0.0,0.0,0.0,0.0,2380800.0,0.0,0.0
1984-01-20,0.0,0.0,0.0,0.0,3737600.0,0.0,0.0
1984-01-23,0.0,0.0,0.0,0.0,1702400.0,0.0,0.0
1984-01-24,0.0,0.0,0.0,0.0,5344000.0,0.0,0.0
1984-01-25,0.0,0.0,0.0,0.0,800000.0,0.0,0.0
1984-01-26,0.0,0.0,0.0,0.0,5766400.0,0.0,0.0
1984-01-27,0.0,0.0,0.0,0.0,3308800.0,0.0,0.0
1984-01-30,0.0,0.0,0.0,0.0,3584000.0,0.0,0.0
1984-01-31,0.0,0.0,0.0,0.0,23078400.0,0.0,0.0
1984-02-01,0.0,0.0,0.0,0.0,4019200.0,0.0,0.0
1984-02-02,0.0,0.0,0.0,0.0,6848000.0,0.0,0.0
1984-02-03,0.0,0.0,0.0,0.0,10054400.0,0.0,0.0
1984-02-06,0.0,0.0,0.0,0.0,3782400.0,0.0,0.0
1984-02-07,0.0,0.0,0.0,0.0,5344000.0,0.0,0.0
1984-02-08,0.0,0.0,0.0,0.0,53632000.0,0.0,0.0
1984-02-09,0.0,0.0,0.0,0.0,21369600.0,0.0,0.0
1984-02-10,0.0,0.0,0.0,0.0,4428800.0,0.0,0.0
1984-02-13,0.0,0.0,0.0,0.0,1888000.0,0.0,0.0
1984-02-14,0.0,0.0,0.0,0.0,17868800.0,0.0,0.0
1984-02-15,0.0,0.0,0.0,0.0,3468800.0,0.0,0.0
1984-02-16,0.0,0.0,0.0,0.0,4761600.0,0.0,0.0
1984-02-17,0.0,0.0,0.0,0.0,5312000.0,0.0,0.0
1984-02-21,0.0,0.0,0.0,0.0,3238400.0,0.0,0.0
1984-02-22,0.0,0.0,0.0,0.0,9363200.0,0.0,0.0
1984-02-23,0.0,0.0,0.0,0.0,3481600.0,0.0,0.0
1984-02-24,0.0,0.0,0.0,0.0,8851200.0,0.0,0.0
1984-02-27,0.0,0.0,0.0,0.0,6848000.0,0.0,0.0
1984-02-28,0.0,0.0,0.0,0.0,6668800.0,0.0,0.0
1984-02-29,0.0,0.0,0.0,0.0,18752000.0,0.0,0.0
1984-03-01,0.0,0.0,0.0,0.0,3936000.0,0.0,0.0
1984-03-02,0.0,0.0,0.0,0.0,17292800.0,0.0,0.0
1984-03-05,0.0,0.0,0.0,0.0,2777600.0,0.0,0.0
1984-03-06,0.0,0.0,0.0,0.0,3808000.0,0.0,0.0
1984-03-07,0.0,0.0,0.0,0.0,4358400.0,0.0,0.0
1984-03-08,0.0,0.0,0.0,0.0,5939200.0,0.0,0.0
1984-03-09,0.0,0.0,0.0,0.0,3078400.0,0.0,0.0
1984-03-12,0.0,0.0,0.0,0.0,17856000.0,0.0,0.0
1984-03-13,0.0,0.0,0.0,0.0,5990400.0,0.0,0.0
1984-03-14,0.0,0.0,0.0,0.0,15648000.0,0.0,0.0
1984-03-15,0.0,0.0,0.0,0.0,7462400.0,0.0,0.0
1984-03-16,0.0,0.0,0.0,0.0,8064000.0,0.0,0.0
1984-03-19,0.0,0.0,0.0,0.0,4051200.0,0.0,0.0
1984-03-20,0.0,0.0,0.0,0.0,1888000.0,0.0,0.0
1984-03-21,0.0,0.0,0.0,0.0,5248000.0,0.0,0.0
1984-03-22,0.0,0.0,0.0,0.0,21561600.0,0.0,0.0
1984-03-23,0.0,0.0,0.0,0.0,4320000.0,0.0,0.0
1984-03-26,0.0,0.0,0.0,0.0,2105600.0,0.0,0.0
1984-03-27,0.0,0.0,0.0,0.0,4153600.0,0.0,0.0
1984-03-28,0.0,0.0,0.0,0.0,16307200.0,0.0,0.0
1984-03-29,0.0,0.0,0.0,0.0,1644800.0,0.0,0.0
1984-03-30,0.0,0.0,0.0,0.0,1811200.0,0.0,0.0
1984-04-02,0.0,0.0,0.0,0.0,2419200.0,0.0,0.0
1984-04-03,0.0,0.0,0.0,0.0,14918400.0,0.0,0.0
1984-04-04,0.0,0.0,0.0,0.0,8300800.0,0.0,0.0
1984-04-05,0.0,0.0,0.0,0.0,24524800.0,0.0,0.0
1984-04-06,0.0,0.0,0.0,0.0,8934400.0,0.0,0.0
1984-04-09,0.0,0.0,0.0,0.0,11609600.0,0.0,0.0
1984-04-10,0.0,0.0,0.0,0.0,4300800.0,0.0,0.0
1984-04-11,0.0,0.0,0.0,0.0,5990400.0,0.0,0.0
1984-04-12,0.0,0.0,0.0,0.0,8076800.0,0.0,0.0
1984-04-13,0.0,0.0,0.0,0.0,8012800.0,0.0,0.0
1984-04-16,0.0,0.0,0.0,0.0,2425600.0,0.0,0.0
1984-04-17,0.0,0.0,0.0,0.0,4857600.0,0.0,0.0
1984-04-18,0.0,0.0,0.0,0.0,2355200.0,0.0,0.0
1984-04-19,0.0,0.0,0.0,0.0,2931200.0,0.0,0.0
1984-04-23,0.0,0.0,0.0,0.0,2425600.0,0.0,0.0
1984-04-24,0.0,0.0,0.0,0.0,2515200.0,0.0,0.0
1984-04-25,0.0,0.0,0.0,0.0,2758400.0,0.0,0.0
1984-04-26,0.0,0.0,0.0,0.0,10400000.0,0.0,0.0
1984-04-27,0.0,0.0,0.0,0.0,2240000.0,0.0,0.0
1984-04-30,0.0,0.0,0.0,0.0,1964800.0,0.0,0.0
1984-05-01,0.0,0.0,0.0,0.0,12908800.0,0.0,0.0
1984-05-02,0.0,0.0,0.0,0.0,8480000.0,0.0,0.0
1984-05-03,0.0,0.0,0.0,0.0,4070400.0,0.0,0.0
1984-05-04,0.0,0.0,0.0,0.0,5484800.0,0.0,0.0
1984-05-07,0.0,0.0,0.0,0.0,857600.0,0.0,0.0
1984-05-08,0.0,0.0,0.0,0.0,3648000.0,0.0,0.0
1984-05-09,0.0,0.0,0.0,0.0,1587200.0,0.0,0.0
1984-05-10,0.0,0.0,0.0,0.0,8339200.0,0.0,0.0
1984-05-11,0.0,0.0,0.0,0.0,3539200.0,0.0,0.0
1984-05-14,0.0,0.0,0.0,0.0,710400.0,0.0,0.0
1984-05-15,0.0,0.0,0.0,0.0,4153600.0,0.0,0.0
1984-05-16,0.0,0.0,0.0,0.0,1811200.0,0.0,0.0
1984-05-17,0.0,0.0,0.0,0.0,3430400.0,0.0,0.0
1984-05-18,0.0,0.0,0.0,0.0,4076800.0,0.0,0.0
1984-05-21,0.0,0.0,0.0,0.0,21952000.0,0.0,0.0
1984-05-22,0.0,0.0,0.0,0.0,1011200.0,0.0,0.0
1984-05-23,0.0,0.0,0.0,0.0,7808000.0,0.0,0.0
1984-05-24,0.0,0.0,0.0,0.0,2848000.0,0.0,0.0
1984-05-25,0.0,0.0,0.0,0.0,1203200.0,0.0,0.0
1984-05-29,0.0,0.0,0.0,0.0,3948800.0,0.0,0.0
1984-05-30,0.0,0.0,0.0,0.0,6169600.0,0.0,0.0
1984-05-31,0.0,0.0,0.0,0.0,1945600.0,0.0,0.0
1984-06-01,0.0,0.0,0.0,0.0,2534400.0,0.0,0.0
1984-06-04,0.0,0.0,0.0,0.0,6054400.0,0.0,0.0
1984-06-05,0.0,0.0,0.0,0.0,1305600.0,0.0,0.0
1984-06-06,0.0,0.0,0.0,0.0,1824000.0,0.0,0.0
1984-06-07,0.0,0.0,0.0,0.0,1056000.0,0.0,0.0
1984-06-08,0.0,0.0,0.0,0.0,8102400.0,0.0,0.0
1984-06-11,0.0,0.0,0.0,0.0,1190400.0,0.0,0.0
1984-06-12,0.0,0.0,0.0,0.0,2380800.0,0.0,0.0
1984-06-13,0.0,0.0,0.0,0.0,3289600.0,0.0,0.0
1984-06-14,0.0,0.0,0.0,0.0,2374400.0,0.0,0.0
1984-06-15,0.0,0.0,0.0,0.0,1977600.0,0.0,0.0
1984-06-18,0.0,0.0,0.0,0.0,684800.0,0.0,0.0
1984-06-19,0.0,0.0,0.0,0.0,665600.0,0.0,0.0
1984-06-20,0.0,0.0,0.0,0.0,2540800.0,0.0,0.0
1984-06-21,0.0,0.0,0.0,0.0,4422400.0,0.0,0.0
1984-06-22,0.0,0.0,0.0,0.0,5043200.0,0.0,0.0
1984-06-25,0.0,0.0,0.0,0.0,1408000.0,0.0,0.0
1984-06-26,0.0,0.0,0.0,0.0,3097600.0,0.0,0.0
1984-06-27,0.0,0.0,0.0,0.0,3718400.0,0.0,0.0
1984-06-28,0.0,0.0,0.0,0.0,3097600.0,0.0,0.0
1984-06-29,0.0,0.0,0.0,0.0,9376000.0,0.0,0.0
1984-07-02,0.0,0.0,0.0,0.0,2150400.0,0.0,0.0
1984-07-03,0.0,0.0,0.0,0.0,4345600.0,0.0,0.0
1984-07-05,0.0,0.0,0.0,0.0,4819200.0,0.0,0.0
1984-07-06,0.0,0.0,0.0,0.0,1446400.0,0.0,0.0
1984-07-09,0.0,0.0,0.0,0.0,3571200.0,0.0,0.0
1984-07-10,0.0,0.0,0.0,0.0,3353600.0,0.0,0.0
1984-07-11,0.0,0.0,0.0,0.0,5299200.0,0.0,0.0
1984-07-12,0.0,0.0,0.0,0.0,2713600.0,0.0,0.0
1984-07-13,0.0,0.0,0.0,0.0,2585600.0,0.0,0.0
1984-07-16,0.0,0.0,0.0,0.0,4019200.0,0.0,0.0
1984-07-17,0.0,0.0,0.0,0.0,1939200.0,0.0,0.0
1984-07-18,0.0,0.0,0.0,0.0,7980800.0,0.0,0.0
1984-07-19,0.0,0.0,0.0,0.0,3116800.0,0.0,0.0
1984-07-20,0.0,0.0,0.0,0.0,2515200.0,0.0,0.0
1984-07-23,0.0,0.0,0.0,0.0,4755200.0,0.0,0.0
1984-07-24,0.0,0.0,0.0,0.0,4825600.0,0.0,0.0
1984-07-25,0.0,0.0,0.0,0.0,9254400.0,0.0,0.0
1984-07-26,0.0,0.0,0.0,0.0,1817600.0,0.0,0.0
1984-07-27,0.0,0.0,0.0,0.0,1964800.0,0.0,0.0
1984-07-30,0.0,0.0,0.0,0.0,1580800.0,0.0,0.0
1984-07-31,0.0,0.0,0.0,0.0,1529600.0,0.0,0.0
1984-08-01,0.0,0.0,0.0,0.0,3270400.0,0.0,0.0
1984-08-02,0.0,0.0,0.0,0.0,23097600.0,0.0,0.0
1984-08-03,0.0,0.0,0.0,0.0,7705600.0,0.0,0.0
1984-08-06,0.0,0.0,0.0,0.0,15404800.0,0.0,0.0
1984-08-07,0.0,0.0,0.0,0.0,18937600.0,0.0,0.0
1984-08-08,0.0,0.0,0.0,0.0,8633600.0,0.0,0.0
1984-08-09,0.0,0.0,0.0,0.0,11257600.0,0.0,0.0
1984-08-10,0.0,0.0,0.0,0.0,48832000.0,0.0,0.0
1984-08-13,0.0,0.0,0.0,0.0,8364800.0,0.0,0.0
1984-08-14,0.0,0.0,0.0,0.0,4780800.0,0.0,0.0
1984-08-15,0.0,0.0,0.0,0.0,10227200.0,0.0,0.0
1984-08-16,0.0,0.0,0.0,0.0,3283200.0,0.0,0.0
1984-08-17,0.0,0.0,0.0,0.0,5420800.0,0.0,0.0
1984-08-20,0.0,0.0,0.0,0.0,16678400.0,0.0,0.0
1984-08-21,0.0,0.0,0.0,0.0,6073600.0,0.0,0.0
1984-08-22,0.0,0.0,0.0,0.0,12364800.0,0.0,0.0
1984-08-23,0.0,0.0,0.0,0.0,7404800.0,0.0,0.0
1984-08-24,0.0,0.0,0.0,0.0,838400.0,0.0,0.0
1984-08-27,0.0,0.0,0.0,0.0,2636800.0,0.0,0.0
1984-08-28,0.0,0.0,0.0,0.0,992000.0,0.0,0.0
1984-08-29,0.0,0.0,0.0,0.0,9331200.0,0.0,0.0
1984-08-30,0.0,0.0,0.0,0.0,6201600.0,0.0,0.0
1984-08-31,0.0,0.0,0.0,0.0,4928000.0,0.0,0.0
1984-09-04,0.0,0.0,0.0,0.0,6828800.0,0.0,0.0
1984-09-05,0.0,0.0,0.0,0.0,7308800.0,0.0,0.0
1984-09-06,0.0,0.0,0.0,0.0,2131200.0,0.0,0.0
1984-09-07,0.0,0.0,0.0,0.0,3904000.0,0.0,0.0
1984-09-10,0.0,0.0,0.0,0.0,2144000.0,0.0,0.0
1984-09-11,0.0,0.0,0.0,0.0,4524800.0,0.0,0.0
1984-09-12,0.0,0.0,0.0,0.0,8281600.0,0.0,0.0
1984-09-13,0.0,0.0,0.0,0.0,1664000.0,0.0,0.0
1984-09-14,0.0,0.0,0.0,0.0,3776000.0,0.0,0.0
1984-09-17,0.0,0.0,0.0,0.0,2432000.0,0.0,0.0
1984-09-18,0.0,0.0,0.0,0.0,4153600.0,0.0,0.0
1984-09-19,0.0,0.0,0.0,0.0,3136000.0,0.0,0.0
1984-09-20,0.0,0.0,0.0,0.0,2348800.0,0.0,0.0
1984-09-21,0.0,0.0,0.0,0.0,5228800.0,0.0,0.0
1984-09-24,0.0,0.0,0.0,0.0,6336000.0,0.0,0.0
1984-09-25,0.0,0.0,0.0,0.0,9440000.0,0.0,0.0
1984-09-26,0.0,0.0,0.0,0.0,4806400.0,0.0,0.0
1984-09-27,0.0,0.0,0.0,0.0,1606400.0,0.0,0.0
1984-09-28,0.0,0.0,0.0,0.0,5817600.0,0.0,0.0
1984-10-01,0.0,0.0,0.0,0.0,2393600.0,0.0,0.0
1984-10-02,0.0,0.0,0.0,0.0,5164800.0,0.0,0.0
1984-10-03,0.0,0.0,0.0,0.0,640000.0,0.0,0.0
1984-10-04,0.0,0.0,0.0,0.0,2892800.0,0.0,0.0
1984-10-05,0.0,0.0,0.0,0.0,8633600.0,0.0,0.0
1984-10-08,0.0,0.0,0.0,0.0,1024000.0,0.0,0.0
1984-10-09,0.0,0.0,0.0,0.0,4697600.0,0.0,0.0
1984-10-10,0.0,0.0,0.0,0.0,3449600.0,0.0,0.0
1984-10-11,0.0,0.0,0.0,0.0,4467200.0,0.0,0.0
1984-10-12,0.0,0.0,0.0,0.0,659200.0,0.0,0.0
1984-10-15,0.0,0.0,0.0,0.0,2822400.0,0.0,0.0
1984-10-16,0.0,0.0,0.0,0.0,4172800.0,0.0,0.0
1984-10-17,0.0,0.0,0.0,0.0,966400.0,0.0,0.0
1984-10-18,0.0,0.0,0.0,0.0,2579200.0,0.0,0.0
1984-10-19,0.0,0.0,0.0,0.0,6419200.0,0.0,0.0
1984-10-22,0.0,0.0,0.0,0.0,3980800.0,0.0,0.0
1984-10-23,0.0,0.0,0.0,0.0,2060800.0,0.0,0.0
1984-10-24,0.0,0.0,0.0,0.0,7072000.0,0.0,0.0
1984-10-25,0.0,0.0,0.0,0.0,7142400.0,0.0,0.0
1984-10-26,0.0,0.0,0.0,0.0,5683200.0,0.0,0.0
1984-10-29,0.0,0.0,0.0,0.0,4832000.0,0.0,0.0
1984-10-30,0.0,0.0,0.0,0.0,7558400.0,0.0,0.0
1984-10-31,0.0,0.0,0.0,0.0,17120000.0,0.0,0.0
1984-11-01,0.0,0.0,0.0,0.0,14950400.0,0.0,0.0
1984-11-02,0.0,0.0,0.0,0.0,8787200.0,0.0,0.0
1984-11-05,0.0,0.0,0.0,0.0,2624000.0,0.0,0.0
1984-11-06,0.0,0.0,0.0,0.0,5452800.0,0.0,0.0
1984-11-07,0.0,0.0,0.0,0.0,9632000.0,0.0,0.0
1984-11-08,0.0,0.0,0.0,0.0,2585600.0,0.0,0.0
1984-11-09,0.0,0.0,0.0,0.0,2092800.0,0.0,0.0
1984-11-12,0.0,0.0,0.0,0.0,2464000.0,0.0,0.0
1984-11-13,0.0,0.0,0.0,0.0,5529600.0,0.0,0.0
1984-11-14,0.0,0.0,0.0,0.0,35968000.0,0.0,0.0
1984-11-15,0.0,0.0,0.0,0.0,3219200.0,0.0,0.0
1984-11-16,0.0,0.0,0.0,0.0,3296000.0,0.0,0.0
1984-11-19,0.0,0.0,0.0,0.0,1612800.0,0.0,0.0
1984-11-20,0.0,0.0,0.0,0.0,3334400.0,0.0,0.0
1984-11-21,0.0,0.0,0.0,0.0,14291200.0,0.0,0.0
1984-11-23,0.0,0.0,0.0,0.0,9996800.0,0.0,0.0
1984-11-26,0.0,0.0,0.0,0.0,7238400.0,0.0,0.0
1984-11-27,0.0,0.0,0.0,0.0,16115200.0,0.0,0.0
1984-11-28,0.0,0.0,0.0,0.0,6547200.0,0.0,0.0
1984-11-29,0.0,0.0,0.0,0.0,19174400.0,0.0,0.0
1984-11-30,0.0,0.0,0.0,0.0,5030400.0,0.0,0.0
1984-12-03,0.0,0.0,0.0,0.0,2304000.0,0.0,0.0
1984-12-04,0.0,0.0,0.0,0.0,1728000.0,0.0,0.0
1984-12-05,0.0,0.0,0.0,0.0,1984000.0,0.0,0.0
1984-12-06,0.0,0.0,0.0,0.0,3872000.0,0.0,0.0
1984-12-07,0.0,0.0,0.0,0.0,5472000.0,0.0,0.0
1984-12-10,0.0,0.0,0.0,0.0,3283200.0,0.0,0.0
1984-12-11,0.0,0.0,0.0,0.0,4121600.0,0.0,0.0
1984-12-12,0.0,0.0,0.0,0.0,5977600.0,0.0,0.0
1984-12-13,0.0,0.0,0.0,0.0,2483200.0,0.0,0.0
1984-12-14,0.0,0.0,0.0,0.0,6342400.0,0.0,0.0
1984-12-17,0.0,0.0,0.0,0.0,2419200.0,0.0,0.0
1984-12-18,0.0,0.0,0.0,0.0,8992000.0,0.0,0.0
1984-12-19,0.0,0.0,0.0,0.0,29292800.0,0.0,0.0
1984-12-20,0.0,0.0,0.0,0.0,5088000.0,0.0,0.0
1984-12-21,0.0,0.0,0.0,0.0,4889600.0,0.0,0.0
1984-12-24,0.0,0.0,0.0,0.0,2092800.0,0.0,0.0
1984-12-26,0.0,0.0,0.0,0.0,4966400.0,0.0,0.0
1984-12-27,0.0,0.0,0.0,0.0,6086400.0,0.0,0.0
1984-12-28,0.0,0.0,0.0,0.0,8723200.0,0.0,0.0
1984-12-31,0.0,0.0,0.0,0.0,9292800.0,0.0,0.0
1985-01-02,0.0,0.0,0.0,0.0,5401600.0,0.0,0.0
1985-01-03,0.0,0.0,0.0,0.0,14662400.0,0.0,0.0
1985-01-04,0.0,0.0,0.0,0.0,15737600.0,0.0,0.0
1985-01-07,0.0,0.0,0.0,0.0,9484800.0,0.0,0.0
1985-01-08,0.0,0.0,0.0,0.0,23788800.0,0.0,0.0
1985-01-09,0.0,0.0,0.0,0.0,7731200.0,0.0,0.0
1985-01-10,0.0,0.0,0.0,0.0,9190400.0,0.0,0.0
1985-01-11,0.0,0.0,0.0,0.0,6380800.0,0.0,0.0
1985-01-14,0.0,0.0,0.0,0.0,24857600.0,0.0,0.0
1985-01-15,0.0,0.0,0.0,0.0,8499200.0,0.0,0.0
1985-01-16,0.0,0.0,0.0,0.0,9120000.0,0.0,0.0
1985-01-17,0.0,0.0,0.0,0.0,7680000.0,0.0,0.0
1985-01-18,0.0,0.0,0.0,0.0,8288000.0,0.0,0.0
1985-01-21,0.0,0.0,0.0,0.0,18054400.0,0.0,0.0
1985-01-22,0.0,0.0,0.0,0.0,20940800.0,0.0,0.0
1985-01-23,0.0,0.0,0.0,0.0,18694400.0,0.0,0.0
1985-01-24,0.0,0.0,0.0,0.0,19481600.0,0.0,0.0
1985-01-25,0.0,0.0,0.0,0.0,9299200.0,0.0,0.0
1985-01-28,0.0,0.0,0.0,0.0,5440000.0,0.0,0.0
1985-01-29,0.0,0.0,0.0,0.0,3942400.0,0.0,0.0
1985-01-30,0.0,0.0,0.0,0.0,12595200.0,0.0,0.0
1985-01-31,0.0,0.0,0.0,0.0,7040000.0,0.0,0.0
1985-02-01,0.0,0.0,0.0,0.0,3059200.0,0.0,0.0
1985-02-04,0.0,0.0,0.0,0.0,3257600.0,0.0,0.0
1985-02-05,0.0,0.0,0.0,0.0,7904000.0,0.0,0.0
1985-02-06,0.0,0.0,0.0,0.0,4467200.0,0.0,0.0
1985-02-07,0.0,0.0,0.0,0.0,4480000.0,0.0,0.0
1985-02-08,0.0,0.0,0.0,0.0,3667200.0,0.0,0.0
1985-02-11,0.0,0.0,0.0,0.0,4435200.0,0.0,0.0
1985-02-12,0.0,0.0,0.0,0.0,4582400.0,0.0,0.0
1985-02-13,0.0,0.0,0.0,0.0,2208000.0,0.0,0.0
1985-02-14,0.0,0.0,0.0,0.0,12044800.0,0.0,0.0
1985-02-15,0.0,0.0,0.0,0.0,4377600.0,0.0,0.0
1985-02-19,0.0,0.0,0.0,0.0,17126400.0,0.0,0.0
1985-02-20,0.0,0.0,0.0,0.0,13830400.0,0.0,0.0
1985-02-21,0.0,0.0,0.0,0.0,2496000.0,0.0,0.0
1985-02-22,0.0,0.0,0.0,0.0,5017600.0,0.0,0.0
1985-02-25,0.0,0.0,0.0,0.0,4960000.0,0.0,0.0
1985-02-26,0.0,0.0,0.0,0.0,12492800.0,0.0,0.0
1985-02-27,0.0,0.0,0.0,0.0,2784000.0,0.0,0.0
1985-02-28,0.0,0.0,0.0,0.0,8499200.0,0.0,0.0
1985-03-01,0.0,0.0,0.0,0.0,7603200.0,0.0,0.0
1985-03-04,0.0,0.0,0.0,0.0,6233600.0,0.0,0.0
1985-03-05,0.0,0.0,0.0,0.0,1766400.0,0.0,0.0
1985-03-06,0.0,0.0,0.0,0.0,11104000.0,0.0,0.0
1985-03-07,0.0,0.0,0.0,0.0,4633600.0,0.0,0.0
1985-03-08,0.0,0.0,0.0,0.0,4550400.0,0.0,0.0
1985-03-11,0.0,0.0,0.0,0.0,6348800.0,0.0,0.0
1985-03-12,0.0,0.0,0.0,0.0,5676800.0,0.0,0.0
1985-03-13,0.0,0.0,0.0,0.0,2496000.0,0.0,0.0
1985-03-14,0.0,0.0,0.0,0.0,3846400.0,0.0,0.0
1985-03-15,0.0,0.0,0.0,0.0,5388800.0,0.0,0.0
1985-03-18,0.0,0.0,0.0,0.0,4736000.0,0.0,0.0
1985-03-19,0.0,0.0,0.0,0.0,5772800.0,0.0,0.0
1985-03-20,0.0,0.0,0.0,0.0,2086400.0,0.0,0.0
1985-03-21,0.0,0.0,0.0,0.0,1875200.0,0.0,0.0
1985-03-22,0.0,0.0,0.0,0.0,992000.0,0.0,0.0
1985-03-25,0.0,0.0,0.0,0.0,1907200.0,0.0,0.0
1985-03-26,0.0,0.0,0.0,0.0,5536000.0,0.0,0.0
1985-03-27,0.0,0.0,0.0,0.0,7430400.0,0.0,0.0
1985-03-28,0.0,0.0,0.0,0.0,2073600.0,0.0,0.0
1985-03-29,0.0,0.0,0.0,0.0,1408000.0,0.0,0.0
1985-04-01,0.0,0.0,0.0,0.0,2476800.0,0.0,0.0
1985-04-02,0.0,0.0,0.0,0.0,6528000.0,0.0,0.0
1985-04-03,0.0,0.0,0.0,0.0,3795200.0,0.0,0.0
1985-04-04,0.0,0.0,0.0,0.0,7635200.0,0.0,0.0
1985-04-08,0.0,0.0,0.0,0.0,5856000.0,0.0,0.0
1985-04-09,0.0,0.0,0.0,0.0,11468800.0,0.0,0.0
1985-04-10,0.0,0.0,0.0,0.0,17657600.0,0.0,0.0
1985-04-11,0.0,0.0,0.0,0.0,5107200.0,0.0,0.0
1985-04-12,0.0,0.0,0.0,0.0,2675200.0,0.0,0.0
1985-04-15,0.0,0.0,0.0,0.0,14412800.0,0.0,0.0
1985-04-16,0.0,0.0,0.0,0.0,16640000.0,0.0,0.0
1985-04-17,0.0,0.0,0.0,0.0,32518400.0,0.0,0.0
1985-04-18,0.0,0.0,0.0,0.0,39622400.0,0.0,0.0
1985-04-19,0.0,0.0,0.0,0.0,11078400.0,0.0,0.0
1985-04-22,0.0,0.0,0.0,0.0,4761600.0,0.0,0.0
1985-04-23,0.0,0.0,0.0,0.0,7596800.0,0.0,0.0
1985-04-24,0.0,0.0,0.0,0.0,2182400.0,0.0,0.0
1985-04-25,0.0,0.0,0.0,0.0,2681600.0,0.0,0.0
1985-04-26,0.0,0.0,0.0,0.0,4473600.0,0.0,0.0
1985-04-29,0.0,0.0,0.0,0.0,2208000.0,0.0,0.0
1985-04-30,0.0,0.0,0.0,0.0,7072000.0,0.0,0.0
1985-05-01,0.0,0.0,0.0,0.0,17222400.0,0.0,0.0
1985-05-02,0.0,0.0,0.0,0.0,9452800.0,0.0,0.0
1985-05-03,0.0,0.0,0.0,0.0,4985600.0,0.0,0.0
1985-05-06,0.0,0.0,0.0,0.0,9331200.0,0.0,0.0
1985-05-07,0.0,0.0,0.0,0.0,11532800.0,0.0,0.0
1985-05-08,0.0,0.0,0.0,0.0,6310400.0,0.0,0.0
1985-05-09,0.0,0.0,0.0,0.0,12710400.0,0.0,0.0
1985-05-10,0.0,0.0,0.0,0.0,4339200.0,0.0,0.0
1985-05-13,0.0,0.0,0.0,0.0,3731200.0,0.0,0.0
1985-05-14,0.0,0.0,0.0,0.0,5644800.0,0.0,0.0
1985-05-15,0.0,0.0,0.0,0.0,12556800.0,0.0,0.0
1985-05-16,0.0,0.0,0.0,0.0,5081600.0,0.0,0.0
1985-05-17,0.0,0.0,0.0,0.0,18496000.0,0.0,0.0
1985-05-20,0.0,0.0,0.0,0.0,16889600.0,0.0,0.0
1985-05-21,0.0,0.0,0.0,0.0,21440000.0,0.0,0.0
1985-05-22,0.0,0.0,0.0,0.0,12454400.0,0.0,0.0
1985-05-23,0.0,0.0,0.0,0.0,5516800.0,0.0,0.0
1985-05-24,0.0,0.0,0.0,0.0,2534400.0,0.0,0.0
1985-05-28,0.0,0.0,0.0,0.0,12537600.0,0.0,0.0
1985-05-29,0.0,0.0,0.0,0.0,15084800.0,0.0,0.0
1985-05-30,0.0,0.0,0.0,0.0,10156800.0,0.0,0.0
1985-05-31,0.0,0.0,0.0,0.0,7052800.0,0.0,0.0
1985-06-03,0.0,0.0,0.0,0.0,7923200.0,0.0,0.0
1985-06-04,0.0,0.0,0.0,0.0,6316800.0,0.0,0.0
1985-06-05,0.0,0.0,0.0,0.0,8390400.0,0.0,0.0
1985-06-06,0.0,0.0,0.0,0.0,5792000.0,0.0,0.0
1985-06-07,0.0,0.0,0.0,0.0,6656000.0,0.0,0.0
1985-06-10,0.0,0.0,0.0,0.0,4211200.0,0.0,0.0
1985-06-11,0.0,0.0,0.0,0.0,3961600.0,0.0,0.0
1985-06-12,0.0,0.0,0.0,0.0,6758400.0,0.0,0.0
1985-06-13,0.0,0.0,0.0,0.0,32384000.0,0.0,0.0
1985-06-14,0.0,0.0,0.0,0.0,8768000.0,0.0,0.0
1985-06-17,0.0,0.0,0.0,0.0,7769600.0,0.0,0.0
1985-06-18,0.0,0.0,0.0,0.0,4486400.0,0.0,0.0
1985-06-19,0.0,0.0,0.0,0.0,8428800.0,0.0,0.0
1985-06-20,0.0,0.0,0.0,0.0,7852800.0,0.0,0.0
1985-06-21,0.0,0.0,0.0,0.0,5427200.0,0.0,0.0
1985-06-24,0.0,0.0,0.0,0.0,10188800.0,0.0,0.0
1985-06-25,0.0,0.0,0.0,0.0,4556800.0,0.0,0.0
1985-06-26,0.0,0.0,0.0,0.0,3443200.0,0.0,0.0
1985-06-27,0.0,0.0,0.0,0.0,10707200.0,0.0,0.0
1985-06-28,0.0,0.0,0.0,0.0,11712000.0,0.0,0.0
1985-07-01,0.0,0.0,0.0,0.0,6028800.0,0.0,0.0
1985-07-02,0.0,0.0,0.0,0.0,10790400.0,0.0,0.0
1985-07-03,0.0,0.0,0.0,0.0,2521600.0,0.0,0.0
1985-07-05,0.0,0.0,0.0,0.0,3398400.0,0.0,0.0
1985-07-08,0.0,0.0,0.0,0.0,2572800.0,0.0,0.0
1985-07-09,0.0,0.0,0.0,0.0,4460800.0,0.0,0.0
1985-07-10,0.0,0.0,0.0,0.0,24550400.0,0.0,0.0
1985-07-11,0.0,0.0,0.0,0.0,18822400.0,0.0,0.0
1985-07-12,0.0,0.0,0.0,0.0,9548800.0,0.0,0.0
1985-07-15,0.0,0.0,0.0,0.0,18016000.0,0.0,0.0
1985-07-16,0.0,0.0,0.0,0.0,4198400.0,0.0,0.0
1985-07-17,0.0,0.0,0.0,0.0,17107200.0,0.0,0.0
1985-07-18,0.0,0.0,0.0,0.0,5414400.0,0.0,0.0
1985-07-19,0.0,0.0,0.0,0.0,7353600.0,0.0,0.0
1985-07-22,0.0,0.0,0.0,0.0,5228800.0,0.0,0.0
1985-07-23,0.0,0.0,0.0,0.0,7916800.0,0.0,0.0
1985-07-24,0.0,0.0,0.0,0.0,10022400.0,0.0,0.0
1985-07-25,0.0,0.0,0.0,0.0,4211200.0,0.0,0.0
1985-07-26,0.0,0.0,0.0,0.0,5036800.0,0.0,0.0
1985-07-29,0.0,0.0,0.0,0.0,7110400.0,0.0,0.0
1985-07-30,0.0,0.0,0.0,0.0,5107200.0,0.0,0.0
1985-07-31,0.0,0.0,0.0,0.0,2924800.0,0.0,0.0
1985-08-01,0.0,0.0,0.0,0.0,1568000.0,0.0,0.0
1985-08-02,0.0,0.0,0.0,0.0,4998400.0,0.0,0.0
1985-08-05,0.0,0.0,0.0,0.0,5209600.0,0.0,0.0
1985-08-06,0.0,0.0,0.0,0.0,3891200.0,0.0,0.0
1985-08-07,0.0,0.0,0.0,0.0,3052800.0,0.0,0.0
1985-08-08,0.0,0.0,0.0,0.0,1632000.0,0.0,0.0
1985-08-09,0.0,0.0,0.0,0.0,4236800.0,0.0,0.0
1985-08-12,0.0,0.0,0.0,0.0,4000000.0,0.0,0.0
1985-08-13,0.0,0.0,0.0,0.0,6464000.0,0.0,0.0
1985-08-14,0.0,0.0,0.0,0.0,3360000.0,0.0,0.0
1985-08-15,0.0,0.0,0.0,0.0,4761600.0,0.0,0.0
1985-08-16,0.0,0.0,0.0,0.0,1292800.0,0.0,0.0
1985-08-19,0.0,0.0,0.0,0.0,2361600.0,0.0,0.0
1985-08-20,0.0,0.0,0.0,0.0,5510400.0,0.0,0.0
1985-08-21,0.0,0.0,0.0,0.0,44652800.0,0.0,0.0
1985-08-22,0.0,0.0,0.0,0.0,3494400.0,0.0,0.0
1985-08-23,0.0,0.0,0.0,0.0,5638400.0,0.0,0.0
1985-08-26,0.0,0.0,0.0,0.0,7404800.0,0.0,0.0
1985-08-27,0.0,0.0,0.0,0.0,4460800.0,0.0,0.0
1985-08-28,0.0,0.0,0.0,0.0,23052800.0,0.0,0.0
1985-08-29,0.0,0.0,0.0,0.0,39699200.0,0.0,0.0
1985-08-30,0.0,0.0,0.0,0.0,9017600.0,0.0,0.0
1985-09-03,0.0,0.0,0.0,0.0,10572800.0,0.0,0.0
1985-09-04,0.0,0.0,0.0,0.0,6867200.0,0.0,0.0
1985-09-05,0.0,0.0,0.0,0.0,4812800.0,0.0,0.0
1985-09-06,0.0,0.0,0.0,0.0,3987200.0,0.0,0.0
1985-09-09,0.0,0.0,0.0,0.0,8204800.0,0.0,0.0
1985-09-10,0.0,0.0,0.0,0.0,6150400.0,0.0,0.0
1985-09-11,0.0,0.0,0.0,0.0,9913600.0,0.0,0.0
1985-09-12,0.0,0.0,0.0,0.0,5689600.0,0.0,0.0
1985-09-13,0.0,0.0,0.0,0.0,4966400.0,0.0,0.0
1985-09-16,0.0,0.0,0.0,0.0,5177600.0,0.0,0.0
1985-09-17,0.0,0.0,0.0,0.0,4473600.0,0.0,0.0
1985-09-18,0.0,0.0,0.0,0.0,4115200.0,0.0,0.0
1985-09-19,0.0,0.0,0.0,0.0,5619200.0,0.0,0.0
1985-09-20,0.0,0.0,0.0,0.0,2924800.0,0.0,0.0
1985-09-23,0.0,0.0,0.0,0.0,12358400.0,0.0,0.0
1985-09-24,0.0,0.0,0.0,0.0,8358400.0,0.0,0.0
1985-09-25,0.0,0.0,0.0,0.0,12089600.0,0.0,0.0
1985-09-26,0.0,0.0,0.0,0.0,26937600.0,0.0,0.0
1985-09-30,0.0,0.0,0.0,0.0,20729600.0,0.0,0.0
1985-10-01,0.0,0.0,0.0,0.0,32377600.0,0.0,0.0
1985-10-02,0.0,0.0,0.0,0.0,20147200.0,0.0,0.0
1985-10-03,0.0,0.0,0.0,0.0,11244800.0,0.0,0.0
1985-10-04,0.0,0.0,0.0,0.0,40198400.0,0.0,0.0
1985-10-07,0.0,0.0,0.0,0.0,31251200.0,0.0,0.0
1985-10-08,0.0,0.0,0.0,0.0,12857600.0,0.0,0.0
1985-10-09,0.0,0.0,0.0,0.0,20819200.0,0.0,0.0
1985-10-10,0.0,0.0,0.0,0.0,13952000.0,0.0,0.0
1985-10-11,0.0,0.0,0.0,0.0,15718400.0,0.0,0.0
1985-10-14,0.0,0.0,0.0,0.0,7929600.0,0.0,0.0
1985-10-15,0.0,0.0,0.0,0.0,9708800.0,0.0,0.0
1985-10-16,0.0,0.0,0.0,0.0,10822400.0,0.0,0.0
1985-10-17,0.0,0.0,0.0,0.0,28332800.0,0.0,0.0
1985-10-18,0.0,0.0,0.0,0.0,15168000.0,0.0,0.0
1985-10-21,0.0,0.0,0.0,0.0,4409600.0,0.0,0.0
1985-10-22,0.0,0.0,0.0,0.0,11110400.0,0.0,0.0
1985-10-23,0.0,0.0,0.0,0.0,6521600.0,0.0,0.0
1985-10-24,0.0,0.0,0.0,0.0,12544000.0,0.0,0.0
1985-10-25,0.0,0.0,0.0,0.0,4204800.0,0.0,0.0
1985-10-28,0.0,0.0,0.0,0.0,6726400.0,0.0,0.0
1985-10-29,0.0,0.0,0.0,0.0,11046400.0,0.0,0.0
1985-10-30,0.0,0.0,0.0,0.0,5612800.0,0.0,0.0
1985-10-31,0.0,0.0,0.0,0.0,6124800.0,0.0,0.0
1985-11-01,0.0,0.0,0.0,0.0,3257600.0,0.0,0.0
1985-11-04,0.0,0.0,0.0,0.0,1587200.0,0.0,0.0
1985-11-05,0.0,0.0,0.0,0.0,5376000.0,0.0,0.0
1985-11-06,0.0,0.0,0.0,0.0,6323200.0,0.0,0.0
1985-11-07,0.0,0.0,0.0,0.0,9900800.0,0.0,0.0
1985-11-08,0.0,0.0,0.0,0.0,8224000.0,0.0,0.0
1985-11-11,0.0,0.0,0.0,0.0,6592000.0,0.0,0.0
1985-11-12,0.0,0.0,0.0,0.0,8006400.0,0.0,0.0
1985-11-13,0.0,0.0,0.0,0.0,5664000.0,0.0,0.0
1985-11-14,0.0,0.0,0.0,0.0,6368000.0,0.0,0.0
1985-11-15,0.0,0.0,0.0,0.0,8025600.0,0.0,0.0
1985-11-18,0.0,0.0,0.0,0.0,13139200.0,0.0,0.0
1985-11-19,0.0,0.0,0.0,0.0,8230400.0,0.0,0.0
1985-11-20,0.0,0.0,0.0,0.0,7456000.0,0.0,0.0
1985-11-21,0.0,0.0,0.0,0.0,17382400.0,0.0,0.0
1985-11-22,0.0,0.0,0.0,0.0,14483200.0,0.0,0.0
1985-11-25,0.0,0.0,0.0,0.0,6771200.0,0.0,0.0
1985-11-26,0.0,0.0,0.0,0.0,7027200.0,0.0,0.0
1985-11-27,0.0,0.0,0.0,0.0,16288000.0,0.0,0.0
1985-11-29,0.0,0.0,0.0,0.0,5094400.0,0.0,0.0
1985-12-02,0.0,0.0,0.0,0.0,6867200.0,0.0,0.0
1985-12-03,0.0,0.0,0.0,0.0,16793600.0,0.0,0.0
1985-12-04,0.0,0.0,0.0,0.0,8998400.0,0.0,0.0
1985-12-05,0.0,0.0,0.0,0.0,11865600.0,0.0,0.0
1985-12-06,0.0,0.0,0.0,0.0,5580800.0,0.0,0.0
1985-12-09,0.0,0.0,0.0,0.0,7065600.0,0.0,0.0
1985-12-10,0.0,0.0,0.0,0.0,12806400.0,0.0,0.0
1985-12-11,0.0,0.0,0.0,0.0,8108800.0,0.0,0.0
1985-12-12,0.0,0.0,0.0,0.0,25459200.0,0.0,0.0
1985-12-13,0.0,0.0,0.0,0.0,21459200.0,0.0,0.0
1985-12-16,0.0,0.0,0.0,0.0,8275200.0,0.0,0.0
1985-12-17,0.0,0.0,0.0,0.0,9664000.0,0.0,0.0
1985-12-18,0.0,0.0,0.0,0.0,9081600.0,0.0,0.0
1985-12-19,0.0,0.0,0.0,0.0,3968000.0,0.0,0.0
1985-12-20,0.0,0.0,0.0,0.0,13849600.0,0.0,0.0
1985-12-23,0.0,0.0,0.0,0.0,3859200.0,0.0,0.0
1985-12-24,0.0,0.0,0.0,0.0,2137600.0,0.0,0.0
1985-12-26,0.0,0.0,0.0,0.0,979200.0,0.0,0.0
1985-12-27,0.0,0.0,0.0,0.0,3046400.0,0.0,0.0
1985-12-30,0.0,0.0,0.0,0.0,6764800.0,0.0,0.0
1985-12-31,0.0,0.0,0.0,0.0,3564800.0,0.0,0.0
1986-01-02,0.0,0.0,0.0,0.0,5894400.0,0.0,0.0
1986-01-03,0.0,0.0,0.0,0.0,56889600.0,0.0,0.0
1986-01-06,0.0,0.0,0.0,0.0,46112000.0,0.0,0.0
1986-01-07,0.0,0.0,0.0,0.0,20185600.0,0.0,0.0
1986-01-08,0.0,0.0,0.0,0.0,71110400.0,0.0,0.0
1986-01-09,0.0,0.0,0.0,0.0,37881600.0,0.0,0.0
1986-01-10,0.0,0.0,0.0,0.0,21497600.0,0.0,0.0
1986-01-13,0.0,0.0,0.0,0.0,10406400.0,0.0,0.0
1986-01-14,0.0,0.0,0.0,0.0,34707200.0,0.0,0.0
1986-01-15,0.0,0.0,0.0,0.0,22995200.0,0.0,0.0
1986-01-16,0.0,0.0,0.0,0.0,64288000.0,0.0,0.0
1986-01-17,0.0,0.0,0.0,0.0,23699200.0,0.0,0.0
1986-01-20,0.0,0.0,0.0,0.0,13356800.0,0.0,0.0
1986-01-21,0.0,0.0,0.0,0.0,29593600.0,0.0,0.0
1986-01-22,0.0,0.0,0.0,0.0,15916800.0,0.0,0.0
1986-01-23,0.0,0.0,0.0,0.0,8979200.0,0.0,0.0
1986-01-24,0.0,0.0,0.0,0.0,21113600.0,0.0,0.0
1986-01-27,0.0,0.0,0.0,0.0,21350400.0,0.0,0.0
1986-01-28,0.0,0.0,0.0,0.0,34636800.0,0.0,0.0
1986-01-29,0.0,0.0,0.0,0.0,24755200.0,0.0,0.0
1986-01-30,0.0,0.0,0.0,0.0,10169600.0,0.0,0.0
1986-01-31,0.0,0.0,0.0,0.0,28697600.0,0.0,0.0
1986-02-03,0.0,0.0,0.0,0.0,9734400.0,0.0,0.0
1986-02-04,0.0,0.0,0.0,0.0,10374400.0,0.0,0.0
1986-02-05,0.0,0.0,0.0,0.0,17504000.0,0.0,0.0
1986-02-06,0.0,0.0,0.0,0.0,21203200.0,0.0,0.0
1986-02-07,0.0,0.0,0.0,0.0,4979200.0,0.0,0.0
1986-02-10,0.0,0.0,0.0,0.0,12531200.0,0.0,0.0
1986-02-11,0.0,0.0,0.0,0.0,26700800.0,0.0,0.0
1986-02-12,0.0,0.0,0.0,0.0,38553600.0,0.0,0.0
1986-02-13,0.0,0.0,0.0,0.0,13612800.0,0.0,0.0
1986-02-14,0.0,0.0,0.0,0.0,6912000.0,0.0,0.0
1986-02-18,0.0,0.0,0.0,0.0,14560000.0,0.0,0.0
1986-02-19,0.0,0.0,0.0,0.0,54828800.0,0.0,0.0
1986-02-20,0.0,0.0,0.0,0.0,44108800.0,0.0,0.0
1986-02-21,0.0,0.0,0.0,0.0,14457600.0,0.0,0.0
1986-02-24,0.0,0.0,0.0,0.0,11014400.0,0.0,0.0
1986-02-25,0.0,0.0,0.0,0.0,5811200.0,0.0,0.0
1986-02-26,0.0,0.0,0.0,0.0,7891200.0,0.0,0.0
1986-02-27,0.0,0.0,0.0,0.0,8550400.0,0.1008,0.0
1986-02-28,0.0,0.0,0.0,0.0,11449600.0,0.0,0.0
1986-03-03,0.0,0.0,0.0,0.0,7993600.0,0.0,0.0
1986-03-04,0.0,0.0,0.0,0.0,23993600.0,0.0,0.0
1986-03-05,0.0,0.0,0.0,0.0,14758400.0,0.0,0.0
1986-03-06,0.0,0.0,0.0,0.0,20646400.0,0.0,0.0
1986-03-07,0.0,0.0,0.0,0.0,36160000.0,0.0,0.0
1986-03-10,0.0,0.0,0.0,0.0,63411200.0,0.0,0.0
1986-03-11,0.0,0.0,0.0,0.0,20864000.0,0.0,0.0
1986-03-12,0.0,0.0,0.0,0.0,19724800.0,0.0,0.0
1986-03-13,0.0,0.0,0.0,0.0,11648000.0,0.0,0.0
1986-03-14,0.0,0.0,0.0,0.0,17011200.0,0.0,0.0
1986-03-17,0.0,0.0,0.0,0.0,11699200.0,0.0,0.0
1986-03-18,0.0,0.0,0.0,0.0,24275200.0,0.0,0.0
1986-03-19,0.0,0.0,0.0,0.0,14489600.0,0.0,0.0
1986-03-20,0.0,0.0,0.0,0.0,15750400.0,0.0,0.0
1986-03-21,0.0,0.0,0.0,0.0,25638400.0,0.0,0.0
1986-03-24,0.0,0.0,0.0,0.0,59865600.0,0.0,0.0
1986-03-25,0.0,0.0,0.0,0.0,29171200.0,0.0,0.0
1986-03-26,0.0,0.0,0.0,0.0,80198400.0,0.0,0.0
1986-03-27,0.0,0.0,0.0,0.0,47904000.0,0.0,0.0
1986-03-31,0.0,0.0,0.0,0.0,19404800.0,0.0,0.0
1986-04-01,0.0,0.0,0.0,0.0,5164800.0,0.0,0.0
1986-04-02,0.0,0.0,0.0,0.0,23635200.0,0.0,0.0
1986-04-03,0.0,0.0,0.0,0.0,11443200.0,0.0,0.0
1986-04-04,0.0,0.0,0.0,0.0,30899200.0,0.0,0.0
1986-04-07,0.0,0.0,0.0,0.0,27929600.0,0.0,0.0
1986-04-08,0.0,0.0,0.0,0.0,15200000.0,0.0,0.0
1986-04-09,0.0,0.0,0.0,0.0,19046400.0,0.0,0.0
1986-04-10,0.0,0.0,0.0,0.0,22412800.0,0.0,0.0
1986-04-11,0.0,0.0,0.0,0.0,22406400.0,0.0,0.0
1986-04-14,0.0,0.0,0.0,0.0,13152000.0,0.0,0.0
1986-04-15,0.0,0.0,0.0,0.0,17753600.0,0.0,0.0
1986-04-16,0.0,0.0,0.0,0.0,20518400.0,0.0,0.0
1986-04-17,0.0,0.0,0.0,0.0,20064000.0,0.0,0.0
1986-04-18,0.0,0.0,0.0,0.0,26438400.0,0.0,0.0
1986-04-21,0.0,0.0,0.0,0.0,23475200.0,0.0,0.0
1986-04-22,0.0,0.0,0.0,0.0,24953600.0,0.0,0.0
1986-04-23,0.0,0.0,0.0,0.0,10918400.0,0.0,0.0
1986-04-24,0.0,0.0,0.0,0.0,9657600.0,0.0,0.0
1986-04-25,0.0,0.0,0.0,0.0,7923200.0,0.0,0.0
1986-04-28,0.0,0.0,0.0,0.0,6867200.0,0.0,0.0
1986-04-29,0.0,0.0,0.0,0.0,9049600.0,0.0,0.0
1986-04-30,0.0,0.0,0.0,0.0,22316800.0,0.0,0.0
1986-05-01,0.0,0.0,0.0,0.0,8857600.0,0.0,0.0
1986-05-02,0.0,0.0,0.0,0.0,13894400.0,0.0,0.0
1986-05-05,0.0,0.0,0.0,0.0,7161600.0,0.0,0.0
1986-05-06,0.0,0.0,0.0,0.0,14035200.0,0.0,0.0
1986-05-07,0.0,0.0,0.0,0.0,7238400.0,0.0,0.0
1986-05-08,0.0,0.0,0.0,0.0,9900800.0,0.0,0.0
1986-05-09,0.0,0.0,0.0,0.0,16486400.0,0.0,0.0
1986-05-12,0.0,0.0,0.0,0.0,11040000.0,0.0,0.0
1986-05-13,0.0,0.0,0.0,0.0,14508800.0,0.0,0.0
1986-05-14,0.0,0.0,0.0,0.0,15980800.0,0.0,0.0
1986-05-15,0.0,0.0,0.0,0.0,6656000.0,0.0,0.0
1986-05-16,0.0,0.0,0.0,0.0,5120000.0,0.0,0.0
1986-05-19,0.0,0.0,0.0,0.0,3238400.0,0.0,0.0
1986-05-20,0.0,0.0,0.0,0.0,12032000.0,0.0,0.0
1986-05-21,0.0,0.0,0.0,0.0,6246400.0,0.0,0.0
1986-05-22,0.0,0.0,0.0,0.0,12595200.0,0.0,0.0
1986-05-23,0.0,0.0,0.0,0.0,2956800.0,0.0,0.0
1986-05-27,0.0,0.0,0.0,0.0,12812800.0,0.0,0.0
1986-05-28,0.0,0.0,0.0,0.0,10784000.0,0.0,0.0
1986-05-29,0.0,0.0,0.0,0.0,11705600.0,0.0,0.0
1986-05-30,0.0,0.0,0.0,0.0,20947200.0,0.1008,0.0
1986-06-02,0.0,0.0,0.0,0.0,7328000.0,0.0,0.0
1986-06-03,0.0,0.0,0.0,0.0,6963200.0,0.0,0.0
1986-06-04,0.0,0.0,0.0,0.0,7782400.0,0.0,0.0
1986-06-05,0.0,0.0,0.0,0.0,23718400.0,0.0,0.0
1986-06-06,0.0,0.0,0.0,0.0,33817600.0,0.0,0.0
1986-06-09,0.0,0.0,0.0,0.0,22400000.0,0.0,0.0
1986-06-10,0.0,0.0,0.0,0.0,16659200.0,0.0,0.0
1986-06-11,0.0,0.0,0.0,0.0,7481600.0,0.0,0.0
1986-06-12,0.0,0.0,0.0,0.0,10355200.0,0.0,0.0
1986-06-13,0.0,0.0,0.0,0.0,10636800.0,0.0,0.0
1986-06-16,0.0,0.0,0.0,0.0,6649600.0,0.0,0.0
1986-06-17,0.0,0.0,0.0,0.0,12576000.0,0.0,0.0
1986-06-18,0.0,0.0,0.0,0.0,8038400.0,0.0,0.0
1986-06-19,0.0,0.0,0.0,0.0,14419200.0,0.0,0.0
1986-06-20,0.0,0.0,0.0,0.0,41312000.0,0.0,0.0
1986-06-23,0.0,0.0,0.0,0.0,31257600.0,0.0,0.0
1986-06-24,0.0,0.0,0.0,0.0,40332800.0,0.0,0.0
1986-06-25,0.0,0.0,0.0,0.0,37587200.0,0.0,0.0
1986-06-26,0.0,0.0,0.0,0.0,86022400.0,0.0,0.0
1986-06-27,0.0,0.0,0.0,0.0,36403200.0,0.0,0.0
1986-06-30,0.0,0.0,0.0,0.0,14675200.0,0.0,0.0
1986-07-01,0.0,0.0,0.0,0.0,33132800.0,0.0,0.0
1986-07-02,0.0,0.0,0.0,0.0,34969600.0,0.0,0.0
1986-07-03,0.0,0.0,0.0,0.0,12198400.0,0.0,0.0
1986-07-07,0.0,0.0,0.0,0.0,33529600.0,0.0,0.0
1986-07-08,0.0,0.0,0.0,0.0,16300800.0,0.0,0.0
1986-07-09,0.0,0.0,0.0,0.0,15577600.0,0.0,0.0
1986-07-10,0.0,0.0,0.0,0.0,22355200.0,0.0,0.0
1986-07-11,0.0,0.0,0.0,0.0,11788800.0,0.0,0.0
1986-07-14,0.0,0.0,0.0,0.0,11481600.0,0.0,0.0
1986-07-15,0.0,0.0,0.0,0.0,10400000.0,0.0,0.0
1986-07-16,0.0,0.0,0.0,0.0,5177600.0,0.0,0.0
1986-07-17,0.0,0.0,0.0,0.0,8774400.0,0.0,0.0
1986-07-18,0.0,0.0,0.0,0.0,13715200.0,0.0,0.0
1986-07-21,0.0,0.0,0.0,0.0,8096000.0,0.0,0.0
1986-07-22,0.0,0.0,0.0,0.0,33868800.0,0.0,0.0
1986-07-23,0.0,0.0,0.0,0.0,37875200.0,0.0,0.0
1986-07-24,0.0,0.0,0.0,0.0,44748800.0,0.0,0.0
1986-07-25,0.0,0.0,0.0,0.0,17305600.0,0.0,0.0
1986-07-28,0.0,0.0,0.0,0.0,17811200.0,0.0,0.0
1986-07-29,0.0,0.0,0.0,0.0,16921600.0,0.0,0.0
1986-07-30,0.0,0.0,0.0,0.0,11084800.0,0.0,0.0
1986-07-31,0.0,0.0,0.0,0.0,26924800.0,0.0,0.0
1986-08-01,0.0,0.0,0.0,0.0,17792000.0,0.0,0.0
1986-08-04,0.0,0.0,0.0,0.0,17216000.0,0.0,0.0
1986-08-05,0.0,0.0,0.0,0.0,13683200.0,0.0,0.0
1986-08-06,0.0,0.0,0.0,0.0,7936000.0,0.0,0.0
1986-08-07,0.0,0.0,0.0,0.0,30598400.0,0.0,0.0
1986-08-08,0.0,0.0,0.0,0.0,28096000.0,0.0,0.0
1986-08-11,0.0,0.0,0.0,0.0,13612800.0,0.0,0.0
1986-08-12,0.0,0.0,0.0,0.0,11897600.0,0.0,0.0
1986-08-13,0.0,0.0,0.0,0.0,15366400.0,0.0,0.0
1986-08-14,0.0,0.0,0.0,0.0,24070400.0,0.0,0.0
1986-08-15,0.0,0.0,0.0,0.0,13644800.0,0.0,0.0
1986-08-18,0.0,0.0,0.0,0.0,15187200.0,0.0,0.0
1986-08-19,0.0,0.0,0.0,0.0,9267200.0,0.0,0.0
1986-08-20,0.0,0.0,0.0,0.0,11872000.0,0.0,0.0
1986-08-21,0.0,0.0,0.0,0.0,7641600.0,0.0,0.0
1986-08-22,0.0,0.0,0.0,0.0,10790400.0,0.0,0.0
1986-08-25,0.0,0.0,0.0,0.0,6489600.0,0.0,0.0
1986-08-26,0.0,0.0,0.0,0.0,11020800.0,0.0,0.0
1986-08-27,0.0,0.0,0.0,0.0,9664000.0,0.0,0.0
1986-08-28,0.0,0.0,0.0,0.0,8160000.0,0.0,0.0
1986-08-29,0.0,0.0,0.0,0.0,10284800.0,0.1008,0.0
1986-09-02,0.0,0.0,0.0,0.0,13427200.0,0.0,0.0
1986-09-03,0.0,0.0,0.0,0.0,20486400.0,0.0,0.0
1986-09-04,0.0,0.0,0.0,0.0,20006400.0,0.0,0.0
1986-09-05,0.0,0.0,0.0,0.0,16742400.0,0.0,0.0
1986-09-08,0.0,0.0,0.0,0.0,13651200.0,0.0,0.0
1986-09-09,0.0,0.0,0.0,0.0,9024000.0,0.0,0.0
1986-09-10,0.0,0.0,0.0,0.0,12851200.0,0.0,0.0
1986-09-11,0.0,0.0,0.0,0.0,17894400.0,0.0,0.0
1986-09-12,0.0,0.0,0.0,0.0,23859200.0,0.0,0.0
1986-09-15,0.0,0.0,0.0,0.0,10604800.0,0.0,0.0
1986-09-16,0.0,0.0,0.0,0.0,10636800.0,0.0,0.0
1986-09-17,0.0,0.0,0.0,0.0,22355200.0,0.0,0.0
1986-09-18,0.0,0.0,0.0,0.0,5036800.0,0.0,0.0
1986-09-19,0.0,0.0,0.0,0.0,15942400.0,0.0,0.0
1986-09-22,0.0,0.0,0.0,0.0,11500800.0,0.0,0.0
1986-09-23,0.0,0.0,0.0,0.0,15993600.0,0.0,0.0
1986-09-24,0.0,0.0,0.0,0.0,31859200.0,0.0,0.0
1986-09-25,0.0,0.0,0.0,0.0,21657600.0,0.0,0.0
1986-09-26,0.0,0.0,0.0,0.0,23296000.0,0.0,0.0
1986-09-29,0.0,0.0,0.0,0.0,13465600.0,0.0,0.0
1986-09-30,0.0,0.0,0.0,0.0,13542400.0,0.0,0.0
1986-10-01,0.0,0.0,0.0,0.0,34944000.0,0.0,0.0
1986-10-02,0.0,0.0,0.0,0.0,64774400.0,0.0,0.0
1986-10-03,0.0,0.0,0.0,0.0,36588800.0,0.0,0.0
1986-10-06,0.0,0.0,0.0,0.0,9708800.0,0.0,0.0
1986-10-07,0.0,0.0,0.0,0.0,12972800.0,0.0,0.0
1986-10-08,0.0,0.0,0.0,0.0,35264000.0,0.0,0.0
1986-10-09,0.0,0.0,0.0,0.0,20249600.0,0.0,0.0
1986-10-10,0.0,0.0,0.0,0.0,14848000.0,0.0,0.0
1986-10-13,0.0,0.0,0.0,0.0,5024000.0,0.0,0.0
1986-10-14,0.0,0.0,0.0,0.0,12832000.0,0.0,0.0
1986-10-15,0.0,0.0,0.0,0.0,8089600.0,0.0,0.0
1986-10-16,0.0,0.0,0.0,0.0,1932800.0,0.0,0.0
1986-10-17,0.0,0.0,0.0,0.0,11366400.0,0.0,0.0
1986-10-20,0.0,0.0,0.0,0.0,6470400.0,0.0,0.0
1986-10-21,0.0,0.0,0.0,0.0,27142400.0,0.0,0.0
1986-10-22,0.0,0.0,0.0,0.0,14643200.0,0.0,0.0
1986-10-23,0.0,0.0,0.0,0.0,80428800.0,0.0,0.0
1986-10-24,0.0,0.0,0.0,0.0,14521600.0,0.0,0.0
1986-10-27,0.0,0.0,0.0,0.0,7520000.0,0.0,0.0
1986-10-28,0.0,0.0,0.0,0.0,10560000.0,0.0,0.0
1986-10-29,0.0,0.0,0.0,0.0,17164800.0,0.0,0.0
1986-10-30,0.0,0.0,0.0,0.0,16992000.0,0.0,0.0
1986-10-31,0.0,0.0,0.0,0.0,71136000.0,0.0,0.0
1986-11-03,0.0,0.0,0.0,0.0,119686400.0,0.0,0.0
1986-11-04,0.0,0.0,0.0,0.0,84793600.0,0.0,0.0
1986-11-05,0.0,0.0,0.0,0.0,84947200.0,0.0,0.0
1986-11-06,0.0,0.0,0.0,0.0,24550400.0,0.0,0.0
1986-11-07,0.0,0.0,0.0,0.0,56908800.0,0.0,0.0
1986-11-10,0.0,0.0,0.0,0.0,18553600.0,0.0,0.0
1986-11-11,0.0,0.0,0.0,0.0,13881600.0,0.0,0.0
1986-11-12,0.0,0.0,0.0,0.0,9740800.0,0.0,0.0
1986-11-13,0.0,0.0,0.0,0.0,28524800.0,0.0,0.0
1986-11-14,0.0,0.0,0.0,0.0,21024000.0,0.0,0.0
1986-11-17,0.0,0.0,0.0,0.0,11225600.0,0.0,0.0
1986-11-18,0.0,0.0,0.0,0.0,10374400.0,0.0,0.0
1986-11-19,0.0,0.0,0.0,0.0,12915200.0,0.0,0.0
1986-11-20,0.0,0.0,0.0,0.0,10425600.0,0.0,0.0
1986-11-21,0.0,0.0,0.0,0.0,10387200.0,0.0,0.0
1986-11-24,0.0,0.0,0.0,0.0,15180800.0,0.0,0.0
1986-11-25,0.0,0.0,0.0,0.0,6681600.0,0.0,0.0
1986-11-26,0.0,0.0,0.0,0.0,21824000.0,0.0,0.0
1986-11-28,0.0,0.0,0.0,0.0,12428800.0,0.0,0.0
1986-12-01,0.0,0.0,0.0,0.0,20780800.0,0.0,0.0
1986-12-02,0.0,0.0,0.0,0.0,29011200.0,0.0,0.0
1986-12-03,0.0,0.0,0.0,0.0,23424000.0,0.0,0.0
1986-12-04,0.0,0.0,0.0,0.0,16838400.0,0.0,0.0
1986-12-05,0.0,0.0,0.0,0.0,24966400.0,0.0,0.0
1986-12-08,0.0,0.0,0.0,0.0,19526400.0,0.0,0.0
1986-12-09,0.0,0.0,0.0,0.0,15225600.0,0.1008,0.0
1986-12-10,0.0,0.0,0.0,0.0,19968000.0,0.0,0.0
1986-12-11,0.0,0.0,0.0,0.0,15001600.0,0.0,0.0
1986-12-12,0.0,0.0,0.0,0.0,14809600.0,0.0,0.0
1986-12-15,0.0,0.0,0.0,0.0,13478400.0,0.0,0.0
1986-12-16,0.0,0.0,0.0,0.0,13100800.0,0.0,0.0
1986-12-17,0.0,0.0,0.0,0.0,16384000.0,0.0,0.0
1986-12-18,0.0,0.0,0.0,0.0,19756800.0,0.0,0.0
1986-12-19,0.0,0.0,0.0,0.0,14950400.0,0.0,0.0
1986-12-22,0.0,0.0,0.0,0.0,13689600.0,0.0,0.0
1986-12-23,0.0,0.0,0.0,0.0,11648000.0,0.0,0.0
1986-12-24,0.0,0.0,0.0,0.0,11564800.0,0.0,0.0
1986-12-26,0.0,0.0,0.0,0.0,5420800.0,0.0,0.0
1986-12-29,0.0,0.0,0.0,0.0,11724800.0,0.0,0.0
1986-12-30,0.0,0.0,0.0,0.0,8896000.0,0.0,0.0
1986-12-31,0.0,0.0,0.0,0.0,5132800.0,0.0,0.0
1987-01-02,0.0,0.0,0.0,0.0,3238400.0,0.0,0.0
1987-01-05,0.0,0.0,0.0,0.0,13862400.0,0.0,0.0
1987-01-06,0.0,0.0,0.0,0.0,13529600.0,0.0,0.0
1987-01-07,0.0,0.0,0.0,0.0,17952000.0,0.0,0.0
1987-01-08,0.0,0.0,0.0,0.0,15308800.0,0.0,0.0
1987-01-09,0.0,0.0,0.0,0.0,18355200.0,0.0,0.0
1987-01-12,0.0,0.0,0.0,0.0,10086400.0,0.0,0.0
1987-01-13,0.0,0.0,0.0,0.0,36300800.0,0.0,0.0
1987-01-14,0.0,0.0,0.0,0.0,20524800.0,0.0,0.0
1987-01-15,0.0,0.0,0.0,0.0,31244800.0,0.0,0.0
1987-01-16,0.0,0.0,0.0,0.0,7404800.0,0.0,0.0
1987-01-19,0.0,0.0,0.0,0.0,5772800.0,0.0,0.0
1987-01-20,0.0,0.0,0.0,0.0,19750400.0,0.0,0.0
1987-01-21,0.0,0.0,0.0,0.0,16531200.0,0.0,0.0
1987-01-22,0.0,0.0,0.0,0.0,18169600.0,0.0,0.0
1987-01-23,0.0,0.0,0.0,0.0,35219200.0,0.0,0.0
1987-01-26,0.0,0.0,0.0,0.0,7507200.0,0.0,0.0
1987-01-27,0.0,0.0,0.0,0.0,15481600.0,0.0,0.0
1987-01-28,0.0,0.0,0.0,0.0,9657600.0,0.0,0.0
1987-01-29,0.0,0.0,0.0,0.0,20390400.0,0.0,0.0
1987-01-30,0.0,0.0,0.0,0.0,8448000.0,0.0,0.0
1987-02-02,0.0,0.0,0.0,0.0,20339200.0,0.0,0.0
1987-02-03,0.0,0.0,0.0,0.0,17190400.0,0.0,0.0
1987-02-04,0.0,0.0,0.0,0.0,9836800.0,0.0,0.0
1987-02-05,0.0,0.0,0.0,0.0,13491200.0,0.0,0.0
1987-02-06,0.0,0.0,0.0,0.0,8115200.0,0.0,0.0
1987-02-09,0.0,0.0,0.0,0.0,7321600.0,0.0,0.0
1987-02-10,0.0,0.0,0.0,0.0,7827200.0,0.0,0.0
1987-02-11,0.0,0.0,0.0,0.0,41862400.0,0.0,0.0
1987-02-12,0.0,0.0,0.0,0.0,22316800.0,0.0,0.0
1987-02-13,0.0,0.0,0.0,0.0,5708800.0,0.0,0.0
1987-02-17,0.0,0.0,0.0,0.0,17548800.0,0.0,0.0
1987-02-18,0.0,0.0,0.0,0.0,9113600.0,0.0,0.0
1987-02-19,0.0,0.0,0.0,0.0,12128000.0,0.0,0.0
1987-02-20,0.0,0.0,0.0,0.0,5958400.0,0.0,0.0
1987-02-23,0.0,0.0,0.0,0.0,26470400.0,0.0,0.0
1987-02-24,0.0,0.0,0.0,0.0,6944000.0,0.0,0.0
1987-02-25,0.0,0.0,0.0,0.0,14028800.0,0.0,0.0
1987-02-26,0.0,0.0,0.0,0.0,5862400.0,0.0,0.0
1987-02-27,0.0,0.0,0.0,0.0,33459200.0,0.0,0.0
1987-03-02,0.0,0.0,0.0,0.0,30278400.0,0.0,0.0
1987-03-03,0.0,0.0,0.0,0.0,10150400.0,0.0,0.0
1987-03-04,0.0,0.0,0.0,0.0,21990400.0,0.0,0.0
1987-03-05,0.0,0.0,0.0,0.0,36057600.0,0.0,0.0
1987-03-06,0.0,0.0,0.0,0.0,42156800.0,0.0,0.0
1987-03-09,0.0,0.0,0.0,0.0,27468800.0,0.0,0.0
1987-03-10,0.0,0.0,0.0,0.0,73260800.0,0.0,0.0
1987-03-11,0.0,0.0,0.0,0.0,81446400.0,0.0,0.0
1987-03-12,0.0,0.0,0.0,0.0,97420800.0,0.0,0.0
1987-03-13,0.0,0.0,0.0,0.0,41324800.0,0.0,0.0
1987-03-16,0.0,0.0,0.0,0.0,37113600.0,0.1008,0.0
1987-03-17,0.0,0.0,0.0,0.0,21696000.0,0.0,0.0
1987-03-18,0.0,0.0,0.0,0.0,27705600.0,0.0,0.0
1987-03-19,0.0,0.0,0.0,0.0,23673600.0,0.0,0.0
1987-03-20,0.0,0.0,0.0,0.0,51801600.0,0.0,0.0
1987-03-23,0.0,0.0,0.0,0.0,42764800.0,0.0,0.0
1987-03-24,0.0,0.0,0.0,0.0,38259200.0,0.0,0.0
1987-03-25,0.0,0.0,0.0,0.0,31059200.0,0.0,0.0
1987-03-26,0.0,0.0,0.0,0.0,72704000.0,0.0,0.0
1987-03-27,0.0,0.0,0.0,0.0,39718400.0,0.0,0.0
1987-03-30,0.0,0.0,0.0,0.0,65401600.0,0.0,0.0
1987-03-31,0.0,0.0,0.0,0.0,22982400.0,0.0,0.0
1987-04-01,0.0,0.0,0.0,0.0,12307200.0,0.0,0.0
1987-04-02,0.0,0.0,0.0,0.0,9843200.0,0.0,0.0
1987-04-03,0.0,0.0,0.0,0.0,14553600.0,0.0,0.0
1987-04-06,0.0,0.0,0.0,0.0,27276800.0,0.0,0.0
1987-04-07,0.0,0.0,0.0,0.0,21235200.0,0.0,0.0
1987-04-08,0.0,0.0,0.0,0.0,12185600.0,0.0,0.0
1987-04-09,0.0,0.0,0.0,0.0,21094400.0,0.0,0.0
1987-04-10,0.0,0.0,0.0,0.0,15315200.0,0.0,0.0
1987-04-13,0.0,0.0,0.0,0.0,20172800.0,0.0,0.0
1987-04-14,0.0,0.0,0.0,0.0,18022400.0,0.0,0.0
1987-04-15,0.0,0.0,0.0,0.0,45376000.0,0.0,0.0
1987-04-16,0.0,0.0,0.0,0.0,13804800.0,0.0,0.0
1987-04-20,0.0,0.0,0.0,0.0,8883200.0,0.0,0.0
1987-04-21,0.0,0.0,0.0,0.0,35308800.0,0.0,0.0
1987-04-22,0.0,0.0,0.0,0.0,52793600.0,0.0,0.0
1987-04-23,0.0,0.0,0.0,0.0,13049600.0,0.0,0.0
1987-04-24,0.0,0.0,0.0,0.0,7155200.0,0.0,0.0
1987-04-27,0.0,0.0,0.0,0.0,7328000.0,0.0,0.0
1987-04-28,0.0,0.0,0.0,0.0,7091200.0,0.0,0.0
1987-04-29,0.0,0.0,0.0,0.0,4979200.0,0.0,0.0
1987-04-30,0.0,0.0,0.0,0.0,7257600.0,0.0,0.0
1987-05-01,0.0,0.0,0.0,0.0,6585600.0,0.0,0.0
1987-05-04,0.0,0.0,0.0,0.0,3558400.0,0.0,0.0
1987-05-05,0.0,0.0,0.0,0.0,10752000.0,0.0,0.0
1987-05-06,0.0,0.0,0.0,0.0,12518400.0,0.0,0.0
1987-05-07,0.0,0.0,0.0,0.0,14406400.0,0.0,0.0
1987-05-08,0.0,0.0,0.0,0.0,17036800.0,0.0,0.0
1987-05-11,0.0,0.0,0.0,0.0,10848000.0,0.0,0.0
1987-05-12,0.0,0.0,0.0,0.0,9740800.0,0.0,0.0
1987-05-13,0.0,0.0,0.0,0.0,6611200.0,0.0,0.0
1987-05-14,0.0,0.0,0.0,0.0,23206400.0,0.0,0.0
1987-05-15,0.0,0.0,0.0,0.0,6841600.0,0.0,0.0
1987-05-18,0.0,0.0,0.0,0.0,6227200.0,0.0,0.0
1987-05-19,0.0,0.0,0.0,0.0,5254400.0,0.0,0.0
1987-05-20,0.0,0.0,0.0,0.0,14393600.0,0.0,0.0
1987-05-21,0.0,0.0,0.0,0.0,26739200.0,0.0,0.0
1987-05-22,0.0,0.0,0.0,0.0,21491200.0,0.0,0.0
1987-05-26,0.0,0.0,0.0,0.0,9740800.0,0.0,0.0
1987-05-27,0.0,0.0,0.0,0.0,6310400.0,0.0,0.0
1987-05-28,0.0,0.0,0.0,0.0,11910400.0,0.0,0.0
1987-05-29,0.0,0.0,0.0,0.0,103148800.0,0.0,0.0
1987-06-01,0.0,0.0,0.0,0.0,11808000.0,0.0,0.0
1987-06-02,0.0,0.0,0.0,0.0,22355200.0,0.0,0.0
1987-06-03,0.0,0.0,0.0,0.0,5478400.0,0.0,0.0
1987-06-04,0.0,0.0,0.0,0.0,7084800.0,0.0,0.0
1987-06-05,0.0,0.0,0.0,0.0,17478400.0,0.0,0.0
1987-06-08,0.0,0.0,0.0,0.0,38848000.0,0.0,0.0
1987-06-09,0.0,0.0,0.0,0.0,25472000.0,0.0,0.0
1987-06-10,0.0,0.0,0.0,0.0,18873600.0,0.0,0.0
1987-06-11,0.0,0.0,0.0,0.0,7571200.0,0.0,0.0
1987-06-12,0.0,0.0,0.0,0.0,12979200.0,0.0,0.0
1987-06-15,0.0,0.0,0.0,0.0,19296000.0,0.1008,0.0
1987-06-16,0.0,0.0,0.0,0.0,15008000.0,0.0,0.0
1987-06-17,0.0,0.0,0.0,0.0,6547200.0,0.0,0.0
1987-06-18,0.0,0.0,0.0,0.0,12032000.0,0.0,0.0
1987-06-19,0.0,0.0,0.0,0.0,11840000.0,0.0,0.0
1987-06-22,0.0,0.0,0.0,0.0,21126400.0,0.0,0.0
1987-06-23,0.0,0.0,0.0,0.0,17830400.0,0.0,0.0
1987-06-24,0.0,0.0,0.0,0.0,10208000.0,0.0,0.0
1987-06-25,0.0,0.0,0.0,0.0,12460800.0,0.0,0.0
1987-06-26,0.0,0.0,0.0,0.0,12652800.0,0.0,0.0
1987-06-29,0.0,0.0,0.0,0.0,9152000.0,0.0,0.0
1987-06-30,0.0,0.0,0.0,0.0,24089600.0,0.0,0.0
1987-07-01,0.0,0.0,0.0,0.0,14092800.0,0.0,0.0
1987-07-02,0.0,0.0,0.0,0.0,13913600.0,0.0,0.0
1987-07-06,0.0,0.0,0.0,0.0,10617600.0,0.0,0.0
1987-07-07,0.0,0.0,0.0,0.0,5958400.0,0.0,0.0
1987-07-08,0.0,0.0,0.0,0.0,13702400.0,0.0,0.0
1987-07-09,0.0,0.0,0.0,0.0,19072000.0,0.0,0.0
1987-07-10,0.0,0.0,0.0,0.0,5875200.0,0.0,0.0
1987-07-13,0.0,0.0,0.0,0.0,29734400.0,0.0,0.0
1987-07-14,0.0,0.0,0.0,0.0,31129600.0,0.0,0.0
1987-07-15,0.0,0.0,0.0,0.0,20934400.0,0.0,0.0
1987-07-16,0.0,0.0,0.0,0.0,10323200.0,0.0,0.0
1987-07-17,0.0,0.0,0.0,0.0,8953600.0,0.0,0.0
1987-07-20,0.0,0.0,0.0,0.0,11801600.0,0.0,0.0
1987-07-21,0.0,0.0,0.0,0.0,10380800.0,0.0,0.0
1987-07-22,0.0,0.0,0.0,0.0,24467200.0,0.0,0.0
1987-07-23,0.0,0.0,0.0,0.0,63174400.0,0.0,0.0
1987-07-24,0.0,0.0,0.0,0.0,68550400.0,0.0,0.0
1987-07-27,0.0,0.0,0.0,0.0,13932800.0,0.0,0.0
1987-07-28,0.0,0.0,0.0,0.0,14944000.0,0.0,0.0
1987-07-29,0.0,0.0,0.0,0.0,17164800.0,0.0,0.0
1987-07-30,0.0,0.0,0.0,0.0,83596800.0,0.0,0.0
1987-07-31,0.0,0.0,0.0,0.0,37664000.0,0.0,0.0
1987-08-03,0.0,0.0,0.0,0.0,20313600.0,0.0,0.0
1987-08-04,0.0,0.0,0.0,0.0,9273600.0,0.0,0.0
1987-08-05,0.0,0.0,0.0,0.0,6636800.0,0.0,0.0
1987-08-06,0.0,0.0,0.0,0.0,6528000.0,0.0,0.0
1987-08-07,0.0,0.0,0.0,0.0,12992000.0,0.0,0.0
1987-08-10,0.0,0.0,0.0,0.0,11795200.0,0.0,0.0
1987-08-11,0.0,0.0,0.0,0.0,27462400.0,0.0,0.0
1987-08-12,0.0,0.0,0.0,0.0,46118400.0,0.0,0.0
1987-08-13,0.0,0.0,0.0,0.0,14444800.0,0.0,0.0
1987-08-14,0.0,0.0,0.0,0.0,5766400.0,0.0,0.0
1987-08-17,0.0,0.0,0.0,0.0,7667200.0,0.0,0.0
1987-08-18,0.0,0.0,0.0,0.0,14259200.0,0.0,0.0
1987-08-19,0.0,0.0,0.0,0.0,12166400.0,0.0,0.0
1987-08-20,0.0,0.0,0.0,0.0,12736000.0,0.0,0.0
1987-08-21,0.0,0.0,0.0,0.0,2553600.0,0.0,0.0
1987-08-24,0.0,0.0,0.0,0.0,11712000.0,0.0,0.0
1987-08-25,0.0,0.0,0.0,0.0,29171200.0,0.0,0.0
1987-08-26,0.0,0.0,0.0,0.0,11334400.0,0.0,0.0
1987-08-27,0.0,0.0,0.0,0.0,4768000.0,0.0,0.0
1987-08-28,0.0,0.0,0.0,0.0,17920000.0,0.0,0.0
1987-08-31,0.0,0.0,0.0,0.0,8953600.0,0.0,0.0
1987-09-01,0.0,0.0,0.0,0.0,15852800.0,0.0,0.0
1987-09-02,0.0,0.0,0.0,0.0,21504000.0,0.0,0.0
1987-09-03,0.0,0.0,0.0,0.0,16723200.0,0.0,0.0
1987-09-04,0.0,0.0,0.0,0.0,13100800.0,0.1008,0.0
1987-09-08,0.0,0.0,0.0,0.0,20480000.0,0.0,0.0
1987-09-09,0.0,0.0,0.0,0.0,34118400.0,0.0,0.0
1987-09-10,0.0,0.0,0.0,0.0,47180800.0,0.0,0.0
1987-09-11,0.0,0.0,0.0,0.0,15744000.0,0.0,0.0
1987-09-14,0.0,0.0,0.0,0.0,16838400.0,0.0,0.0
1987-09-15,0.0,0.0,0.0,0.0,13235200.0,0.0,0.0
1987-09-16,0.0,0.0,0.0,0.0,12390400.0,0.0,0.0
1987-09-17,0.0,0.0,0.0,0.0,21062400.0,0.0,0.0
1987-09-18,0.0,0.0,0.0,0.0,16659200.0,0.0,0.0
1987-09-21,0.0,0.0,0.0,0.0,53612800.0,0.0,0.0
1987-09-22,0.0,0.0,0.0,0.0,46387200.0,0.0,0.0
1987-09-23,0.0,0.0,0.0,0.0,49408000.0,0.0,0.0
1987-09-24,0.0,0.0,0.0,0.0,15116800.0,0.0,0.0
1987-09-25,0.0,0.0,0.0,0.0,6816000.0,0.0,0.0
1987-09-28,0.0,0.0,0.0,0.0,12083200.0,0.0,0.0
1987-09-29,0.0,0.0,0.0,0.0,9689600.0,0.0,0.0
1987-09-30,0.0,0.0,0.0,0.0,26950400.0,0.0,0.0
1987-10-01,0.0,0.0,0.0,0.0,11852800.0,0.0,0.0
1987-10-02,0.0,0.0,0.0,0.0,8403200.0,0.0,0.0
1987-10-05,0.0,0.0,0.0,0.0,3699200.0,0.0,0.0
1987-10-06,0.0,0.0,0.0,0.0,10617600.0,0.0,0.0
1987-10-07,0.0,0.0,0.0,0.0,17926400.0,0.0,0.0
1987-10-08,0.0,0.0,0.0,0.0,15737600.0,0.0,0.0
1987-10-09,0.0,0.0,0.0,0.0,24288000.0,0.0,0.0
1987-10-12,0.0,0.0,0.0,0.0,18771200.0,0.0,0.0
1987-10-13,0.0,0.0,0.0,0.0,7008000.0,0.0,0.0
1987-10-14,0.0,0.0,0.0,0.0,9292800.0,0.0,0.0
1987-10-15,0.0,0.0,0.0,0.0,8729600.0,0.0,0.0
1987-10-16,0.0,0.0,0.0,0.0,38963200.0,0.0,0.0
1987-10-19,0.0,0.0,0.0,0.0,28851200.0,0.0,0.0
1987-10-20,0.0,0.0,0.0,0.0,48736000.0,0.0,0.0
1987-10-21,0.0,0.0,0.0,0.0,52947200.0,0.0,0.0
1987-10-22,0.0,0.0,0.0,0.0,35980800.0,0.0,0.0
1987-10-23,0.0,0.0,0.0,0.0,20832000.0,0.0,0.0
1987-10-26,0.0,0.0,0.0,0.0,82393600.0,0.0,0.0
1987-10-27,0.0,0.0,0.0,0.0,95641600.0,0.0,0.0
1987-10-28,0.0,0.0,0.0,0.0,18963200.0,0.0,0.0
1987-10-29,0.0,0.0,0.0,0.0,6361600.0,0.0,0.0
1987-10-30,0.0,0.0,0.0,0.0,17651200.0,0.0,0.0
1987-11-02,0.0,0.0,0.0,0.0,13094400.0,0.0,0.0
1987-11-03,0.0,0.0,0.0,0.0,15692800.0,0.0,0.0
1987-11-04,0.0,0.0,0.0,0.0,4684800.0,0.0,0.0
1987-11-05,0.0,0.0,0.0,0.0,6892800.0,0.0,0.0
1987-11-06,0.0,0.0,0.0,0.0,9036800.0,0.0,0.0
1987-11-09,0.0,0.0,0.0,0.0,6227200.0,0.0,0.0
1987-11-10,0.0,0.0,0.0,0.0,7788800.0,0.0,0.0
1987-11-11,0.0,0.0,0.0,0.0,57190400.0,0.0,0.0
1987-11-12,0.0,0.0,0.0,0.0,6310400.0,0.0,0.0
1987-11-13,0.0,0.0,0.0,0.0,1625600.0,0.0,0.0
1987-11-16,0.0,0.0,0.0,0.0,6835200.0,0.0,0.0
1987-11-17,0.0,0.0,0.0,0.0,19808000.0,0.0,0.0
1987-11-18,0.0,0.0,0.0,0.0,20364800.0,0.0,0.0
1987-11-19,0.0,0.0,0.0,0.0,6105600.0,0.0,0.0
1987-11-20,0.0,0.0,0.0,0.0,8339200.0,0.0,0.0
1987-11-23,0.0,0.0,0.0,0.0,5792000.0,0.0,0.0
1987-11-24,0.0,0.0,0.0,0.0,4396800.0,0.0,0.0
1987-11-25,0.0,0.0,0.0,0.0,9068800.0,0.0,0.0
1987-11-27,0.0,0.0,0.0,0.0,1779200.0,0.0,0.0
1987-11-30,0.0,0.0,0.0,0.0,65158400.0,0.0,0.0
1987-12-01,0.0,0.0,0.0,0.0,7187200.0,0.0,0.0
1987-12-02,0.0,0.0,0.0,0.0,9395200.0,0.0,0.0
1987-12-03,0.0,0.0,0.0,0.0,9753600.0,0.0,0.0
1987-12-04,0.0,0.0,0.0,0.0,9465600.0,0.0,0.0
1987-12-07,0.0,0.0,0.0,0.0,5523200.0,0.1008,0.0
1987-12-08,0.0,0.0,0.0,0.0,9081600.0,0.0,0.0
1987-12-09,0.0,0.0,0.0,0.0,4761600.0,0.0,0.0
1987-12-10,0.0,0.0,0.0,0.0,6944000.0,0.0,0.0
1987-12-11,0.0,0.0,0.0,0.0,1593600.0,0.0,0.0
1987-12-14,0.0,0.0,0.0,0.0,11532800.0,0.0,0.0
1987-12-15,0.0,0.0,0.0,0.0,13760000.0,0.0,0.0
1987-12-16,0.0,0.0,0.0,0.0,26873600.0,0.0,0.0
1987-12-17,0.0,0.0,0.0,0.0,22048000.0,0.0,0.0
1987-12-18,0.0,0.0,0.0,0.0,11392000.0,0.0,0.0
1987-12-21,0.0,0.0,0.0,0.0,16665600.0,0.0,0.0
1987-12-22,0.0,0.0,0.0,0.0,10022400.0,0.0,0.0
1987-12-23,0.0,0.0,0.0,0.0,15884800.0,0.0,0.0
1987-12-24,0.0,0.0,0.0,0.0,3161600.0,0.0,0.0
1987-12-28,0.0,0.0,0.0,0.0,11673600.0,0.0,0.0
1987-12-29,0.0,0.0,0.0,0.0,8326400.0,0.0,0.0
1987-12-30,0.0,0.0,0.0,0.0,4486400.0,0.0,0.0
1987-12-31,0.0,0.0,0.0,0.0,16332800.0,0.0,0.0
1988-01-04,0.0,0.0,0.0,0.0,12204800.0,0.0,0.0
1988-01-05,0.0,0.0,0.0,0.0,55865600.0,0.0,0.0
1988-01-06,0.0,0.0,0.0,0.0,24083200.0,0.0,0.0
1988-01-07,0.0,0.0,0.0,0.0,23795200.0,0.0,0.0
1988-01-08,0.0,0.0,0.0,0.0,13772800.0,0.0,0.0
1988-01-11,0.0,0.0,0.0,0.0,30572800.0,0.0,0.0
1988-01-12,0.0,0.0,0.0,0.0,13472000.0,0.0,0.0
1988-01-13,0.0,0.0,0.0,0.0,13843200.0,0.0,0.0
1988-01-14,0.0,0.0,0.0,0.0,6700800.0,0.0,0.0
1988-01-15,0.0,0.0,0.0,0.0,9952000.0,0.0,0.0
1988-01-18,0.0,0.0,0.0,0.0,2860800.0,0.0,0.0
1988-01-19,0.0,0.0,0.0,0.0,2912000.0,0.0,0.0
1988-01-20,0.0,0.0,0.0,0.0,17920000.0,0.0,0.0
1988-01-21,0.0,0.0,0.0,0.0,7961600.0,0.0,0.0
1988-01-22,0.0,0.0,0.0,0.0,9574400.0,0.0,0.0
1988-01-25,0.0,0.0,0.0,0.0,15385600.0,0.0,0.0
1988-01-26,0.0,0.0,0.0,0.0,9305600.0,0.0,0.0
1988-01-27,0.0,0.0,0.0,0.0,7014400.0,0.0,0.0
1988-01-28,0.0,0.0,0.0,0.0,10156800.0,0.0,0.0
1988-01-29,0.0,0.0,0.0,0.0,12998400.0,0.0,0.0
1988-02-01,0.0,0.0,0.0,0.0,16838400.0,0.0,0.0
1988-02-02,0.0,0.0,0.0,0.0,17075200.0,0.0,0.0
1988-02-03,0.0,0.0,0.0,0.0,29753600.0,0.0,0.0
1988-02-04,0.0,0.0,0.0,0.0,17529600.0,0.0,0.0
1988-02-05,0.0,0.0,0.0,0.0,23891200.0,0.0,0.0
1988-02-08,0.0,0.0,0.0,0.0,27443200.0,0.0,0.0
1988-02-09,0.0,0.0,0.0,0.0,8288000.0,0.0,0.0
1988-02-10,0.0,0.0,0.0,0.0,7910400.0,0.0,0.0
1988-02-11,0.0,0.0,0.0,0.0,10515200.0,0.0,0.0
1988-02-12,0.0,0.0,0.0,0.0,10099200.0,0.0,0.0
1988-02-16,0.0,0.0,0.0,0.0,35244800.0,0.0,0.0
1988-02-17,0.0,0.0,0.0,0.0,27596800.0,0.0,0.0
1988-02-18,0.0,0.0,0.0,0.0,19558400.0,0.0,0.0
1988-02-19,0.0,0.0,0.0,0.0,12761600.0,0.0,0.0
1988-02-22,0.0,0.0,0.0,0.0,10784000.0,0.0,0.0
1988-02-23,0.0,0.0,0.0,0.0,12288000.0,0.0,0.0
1988-02-24,0.0,0.0,0.0,0.0,7616000.0,0.0,0.0
1988-02-25,0.0,0.0,0.0,0.0,18803200.0,0.0,0.0
1988-02-26,0.0,0.0,0.0,0.0,10259200.0,0.0,0.0
1988-02-29,0.0,0.0,0.0,0.0,22809600.0,0.0,0.0
1988-03-01,0.0,0.0,0.0,0.0,25644800.0,0.0,0.0
1988-03-02,0.0,0.0,0.0,0.0,107276800.0,0.0,0.0
1988-03-03,0.0,0.0,0.0,0.0,48192000.0,0.0,0.0
1988-03-04,0.0,0.0,0.0,0.0,19532800.0,0.0,0.0
1988-03-07,0.0,0.0,0.0,0.0,14208000.0,0.0,0.0
1988-03-08,0.0,0.0,0.0,0.0,15456000.0,0.0,0.0
1988-03-09,0.0,0.0,0.0,0.0,45248000.0,0.0,0.0
1988-03-10,0.0,0.0,0.0,0.0,52697600.0,0.0,0.0
1988-03-11,0.0,0.0,0.0,0.0,26790400.0,0.0,0.0
1988-03-14,0.0,0.0,0.0,0.0,9894400.0,0.1008,0.0
1988-03-15,0.0,0.0,0.0,0.0,22931200.0,0.0,0.0
1988-03-16,0.0,0.0,0.0,0.0,16704000.0,0.0,0.0
1988-03-17,0.0,0.0,0.0,0.0,66067200.0,0.0,0.0
1988-03-18,0.0,0.0,0.0,0.0,155475200.0,0.0,0.0
1988-03-21,0.0,0.0,0.0,0.0,35526400.0,0.0,0.0
1988-03-22,0.0,0.0,0.0,0.0,33619200.0,0.0,0.0
1988-03-23,0.0,0.0,0.0,0.0,24428800.0,0.0,0.0
1988-03-24,0.0,0.0,0.0,0.0,26489600.0,0.0,0.0
1988-03-25,0.0,0.0,0.0,0.0,59910400.0,0.0,0.0
1988-03-28,0.0,0.0,0.0,0.0,39660800.0,0.0,0.0
1988-03-29,0.0,0.0,0.0,0.0,34732800.0,0.0,0.0
1988-03-30,0.0,0.0,0.0,0.0,37017600.0,0.0,0.0
1988-03-31,0.0,0.0,0.0,0.0,83020800.0,0.0,0.0
1988-04-04,0.0,0.0,0.0,0.0,70048000.0,0.0,0.0
1988-04-05,0.0,0.0,0.0,0.0,60352000.0,0.0,0.0
1988-04-06,0.0,0.0,0.0,0.0,11526400.0,0.0,0.0
1988-04-07,0.0,0.0,0.0,0.0,17401600.0,0.0,0.0
1988-04-08,0.0,0.0,0.0,0.0,27692800.0,0.0,0.0
1988-04-11,0.0,0.0,0.0,0.0,13574400.0,0.0,0.0
1988-04-12,0.0,0.0,0.0,0.0,9657600.0,0.0,0.0
1988-04-13,0.0,0.0,0.0,0.0,17696000.0,0.0,0.0
1988-04-14,0.0,0.0,0.0,0.0,34604800.0,0.0,0.0
1988-04-15,0.0,0.0,0.0,0.0,17945600.0,0.0,0.0
1988-04-18,0.0,0.0,0.0,0.0,13529600.0,0.0,0.0
1988-04-19,0.0,0.0,0.0,0.0,10457600.0,0.0,0.0
1988-04-20,0.0,0.0,0.0,0.0,9043200.0,0.0,0.0
1988-04-21,0.0,0.0,0.0,0.0,24422400.0,0.0,0.0
1988-04-22,0.0,0.0,0.0,0.0,5881600.0,0.0,0.0
1988-04-25,0.0,0.0,0.0,0.0,6368000.0,0.0,0.0
1988-04-26,0.0,0.0,0.0,0.0,10316800.0,0.0,0.0
1988-04-27,0.0,0.0,0.0,0.0,18995200.0,0.0,0.0
1988-04-28,0.0,0.0,0.0,0.0,15648000.0,0.0,0.0
1988-04-29,0.0,0.0,0.0,0.0,14316800.0,0.0,0.0
1988-05-02,0.0,0.0,0.0,0.0,6259200.0,0.0,0.0
1988-05-03,0.0,0.0,0.0,0.0,8934400.0,0.0,0.0
1988-05-04,0.0,0.0,0.0,0.0,24000000.0,0.0,0.0
1988-05-05,0.0,0.0,0.0,0.0,13792000.0,0.0,0.0
1988-05-06,0.0,0.0,0.0,0.0,16121600.0,0.0,0.0
1988-05-09,0.0,0.0,0.0,0.0,25606400.0,0.0,0.0
1988-05-10,0.0,0.0,0.0,0.0,21036800.0,0.0,0.0
1988-05-11,0.0,0.0,0.0,0.0,21958400.0,0.0,0.0
1988-05-12,0.0,0.0,0.0,0.0,21280000.0,0.0,0.0
1988-05-13,0.0,0.0,0.0,0.0,9420800.0,0.0,0.0
1988-05-16,0.0,0.0,0.0,0.0,16979200.0,0.0,0.0
1988-05-17,0.0,0.0,0.0,0.0,13529600.0,0.0,0.0
1988-05-18,0.0,0.0,0.0,0.0,18803200.0,0.0,0.0
1988-05-19,0.0,0.0,0.0,0.0,9209600.0,0.0,0.0
1988-05-20,0.0,0.0,0.0,0.0,5286400.0,0.0,0.0
1988-05-23,0.0,0.0,0.0,0.0,9145600.0,0.0,0.0
1988-05-24,0.0,0.0,0.0,0.0,9094400.0,0.0,0.0
1988-05-25,0.0,0.0,0.0,0.0,10220800.0,0.0,0.0
1988-05-26,0.0,0.0,0.0,0.0,6451200.0,0.0,0.0
1988-05-27,0.0,0.0,0.0,0.0,4486400.0,0.0,0.0
1988-05-31,0.0,0.0,0.0,0.0,18668800.0,0.0,0.0
1988-06-01,0.0,0.0,0.0,0.0,9708800.0,0.0,0.0
1988-06-02,0.0,0.0,0.0,0.0,8211200.0,0.0,0.0
1988-06-03,0.0,0.0,0.0,0.0,2489600.0,0.0,0.0
1988-06-06,0.0,0.0,0.0,0.0,6496000.0,0.0,0.0
1988-06-07,0.0,0.0,0.0,0.0,10944000.0,0.0,0.0
1988-06-08,0.0,0.0,0.0,0.0,23795200.0,0.0,0.0
1988-06-09,0.0,0.0,0.0,0.0,20076800.0,0.0,0.0
1988-06-10,0.0,0.0,0.0,0.0,18400000.0,0.0,0.0
1988-06-13,0.0,0.0,0.0,0.0,28556800.0,0.1008,0.0
1988-06-14,0.0,0.0,0.0,0.0,42041600.0,0.0,0.0
1988-06-15,0.0,0.0,0.0,0.0,9139200.0,0.0,0.0
1988-06-16,0.0,0.0,0.0,0.0,15718400.0,0.0,0.0
1988-06-17,0.0,0.0,0.0,0.0,15955200.0,0.0,0.0
1988-06-20,0.0,0.0,0.0,0.0,8748800.0,0.0,0.0
1988-06-21,0.0,0.0,0.0,0.0,18355200.0,0.0,0.0
1988-06-22,0.0,0.0,0.0,0.0,28358400.0,0.0,0.0
1988-06-23,0.0,0.0,0.0,0.0,17184000.0,0.0,0.0
1988-06-24,0.0,0.0,0.0,0.0,28800000.0,0.0,0.0
1988-06-27,0.0,0.0,0.0,0.0,16524800.0,0.0,0.0
1988-06-28,0.0,0.0,0.0,0.0,31116800.0,0.0,0.0
1988-06-29,0.0,0.0,0.0,0.0,42201600.0,0.0,0.0
1988-06-30,0.0,0.0,0.0,0.0,23392000.0,0.0,0.0
1988-07-01,0.0,0.0,0.0,0.0,9996800.0,0.0,0.0
1988-07-05,0.0,0.0,0.0,0.0,17516800.0,0.0,0.0
1988-07-06,0.0,0.0,0.0,0.0,16556800.0,0.0,0.0
1988-07-07,0.0,0.0,0.0,0.0,9728000.0,0.0,0.0
1988-07-08,0.0,0.0,0.0,0.0,5312000.0,0.0,0.0
1988-07-11,0.0,0.0,0.0,0.0,3001600.0,0.0,0.0
1988-07-12,0.0,0.0,0.0,0.0,10406400.0,0.0,0.0
1988-07-13,0.0,0.0,0.0,0.0,48921600.0,0.0,0.0
1988-07-14,0.0,0.0,0.0,0.0,20537600.0,0.0,0.0
1988-07-15,0.0,0.0,0.0,0.0,14790400.0,0.0,0.0
1988-07-18,0.0,0.0,0.0,0.0,13446400.0,0.0,0.0
1988-07-19,0.0,0.0,0.0,0.0,12755200.0,0.0,0.0
1988-07-20,0.0,0.0,0.0,0.0,5952000.0,0.0,0.0
1988-07-21,0.0,0.0,0.0,0.0,10643200.0,0.0,0.0
1988-07-22,0.0,0.0,0.0,0.0,15193600.0,0.0,0.0
1988-07-25,0.0,0.0,0.0,0.0,4864000.0,0.0,0.0
1988-07-26,0.0,0.0,0.0,0.0,5811200.0,0.0,0.0
1988-07-27,0.0,0.0,0.0,0.0,6284800.0,0.0,0.0
1988-07-28,0.0,0.0,0.0,0.0,9772800.0,0.0,0.0
1988-07-29,0.0,0.0,0.0,0.0,9472000.0,0.0,0.0
1988-08-01,0.0,0.0,0.0,0.0,14668800.0,0.0,0.0
1988-08-02,0.0,0.0,0.0,0.0,12761600.0,0.0,0.0
1988-08-03,0.0,0.0,0.0,0.0,15001600.0,0.0,0.0
1988-08-04,0.0,0.0,0.0,0.0,30624000.0,0.0,0.0
1988-08-05,0.0,0.0,0.0,0.0,10675200.0,0.0,0.0
1988-08-08,0.0,0.0,0.0,0.0,7680000.0,0.0,0.0
1988-08-09,0.0,0.0,0.0,0.0,11564800.0,0.0,0.0
1988-08-10,0.0,0.0,0.0,0.0,8044800.0,0.0,0.0
1988-08-11,0.0,0.0,0.0,0.0,9632000.0,0.0,0.0
1988-08-12,0.0,0.0,0.0,0.0,2246400.0,0.0,0.0
1988-08-15,0.0,0.0,0.0,0.0,11289600.0,0.0,0.0
1988-08-16,0.0,0.0,0.0,0.0,13414400.0,0.0,0.0
1988-08-17,0.0,0.0,0.0,0.0,8000000.0,0.0,0.0
1988-08-18,0.0,0.0,0.0,0.0,4780800.0,0.0,0.0
1988-08-19,0.0,0.0,0.0,0.0,7443200.0,0.0,0.0
1988-08-22,0.0,0.0,0.0,0.0,8544000.0,0.0,0.0
1988-08-23,0.0,0.0,0.0,0.0,30598400.0,0.0,0.0
1988-08-24,0.0,0.0,0.0,0.0,17689600.0,0.0,0.0
1988-08-25,0.0,0.0,0.0,0.0,4953600.0,0.0,0.0
1988-08-26,0.0,0.0,0.0,0.0,2643200.0,0.0,0.0
1988-08-29,0.0,0.0,0.0,0.0,13241600.0,0.0,0.0
1988-08-30,0.0,0.0,0.0,0.0,8716800.0,0.0,0.0
1988-08-31,0.0,0.0,0.0,0.0,17420800.0,0.0,0.0
1988-09-01,0.0,0.0,0.0,0.0,13523200.0,0.0,0.0
1988-09-02,0.0,0.0,0.0,0.0,14099200.0,0.0,0.0
1988-09-06,0.0,0.0,0.0,0.0,13971200.0,0.0,0.0
1988-09-07,0.0,0.0,0.0,0.0,19059200.0,0.0,0.0
1988-09-08,0.0,0.0,0.0,0.0,63532800.0,0.0,0.0
1988-09-09,0.0,0.0,0.0,0.0,63987200.0,0.0,0.0
1988-09-12,0.0,0.0,0.0,0.0,28121600.0,0.1008,0.0
1988-09-13,0.0,0.0,0.0,0.0,29638400.0,0.0,0.0
1988-09-14,0.0,0.0,0.0,0.0,27827200.0,0.0,0.0
1988-09-15,0.0,0.0,0.0,0.0,17171200.0,0.0,0.0
1988-09-16,0.0,0.0,0.0,0.0,18848000.0,0.0,0.0
1988-09-19,0.0,0.0,0.0,0.0,85478400.0,0.0,0.0
1988-09-20,0.0,0.0,0.0,0.0,87628800.0,0.0,0.0
1988-09-21,0.0,0.0,0.0,0.0,26227200.0,0.0,0.0
1988-09-22,0.0,0.0,0.0,0.0,37689600.0,0.0,0.0
1988-09-23,0.0,0.0,0.0,0.0,39756800.0,0.0,0.0
1988-09-26,0.0,0.0,0.0,0.0,14182400.0,0.0,0.0
1988-09-27,0.0,0.0,0.0,0.0,17132800.0,0.0,0.0
1988-09-28,0.0,0.0,0.0,0.0,20128000.0,0.0,0.0
1988-09-29,0.0,0.0,0.0,0.0,10828800.0,0.0,0.0
1988-09-30,0.0,0.0,0.0,0.0,19392000.0,0.0,0.0
1988-10-03,0.0,0.0,0.0,0.0,6835200.0,0.0,0.0
1988-10-04,0.0,0.0,0.0,0.0,3321600.0,0.0,0.0
1988-10-05,0.0,0.0,0.0,0.0,11366400.0,0.0,0.0
1988-10-06,0.0,0.0,0.0,0.0,19718400.0,0.0,0.0
1988-10-07,0.0,0.0,0.0,0.0,58252800.0,0.0,0.0
1988-10-10,0.0,0.0,0.0,0.0,27385600.0,0.0,0.0
1988-10-11,0.0,0.0,0.0,0.0,23097600.0,0.0,0.0
1988-10-12,0.0,0.0,0.0,0.0,15430400.0,0.0,0.0
1988-10-13,0.0,0.0,0.0,0.0,11033600.0,0.0,0.0
1988-10-14,0.0,0.0,0.0,0.0,53990400.0,0.0,0.0
1988-10-17,0.0,0.0,0.0,0.0,12934400.0,0.0,0.0
1988-10-18,0.0,0.0,0.0,0.0,10969600.0,0.0,0.0
1988-10-19,0.0,0.0,0.0,0.0,23328000.0,0.0,0.0
1988-10-20,0.0,0.0,0.0,0.0,13286400.0,0.0,0.0
1988-10-21,0.0,0.0,0.0,0.0,52838400.0,0.0,0.0
1988-10-24,0.0,0.0,0.0,0.0,14809600.0,0.0,0.0
1988-10-25,0.0,0.0,0.0,0.0,19436800.0,0.0,0.0
1988-10-26,0.0,0.0,0.0,0.0,15942400.0,0.0,0.0
1988-10-27,0.0,0.0,0.0,0.0,22252800.0,0.0,0.0
1988-10-28,0.0,0.0,0.0,0.0,17862400.0,0.0,0.0
1988-10-31,0.0,0.0,0.0,0.0,8512000.0,0.0,0.0
1988-11-01,0.0,0.0,0.0,0.0,12332800.0,0.0,0.0
1988-11-02,0.0,0.0,0.0,0.0,16224000.0,0.0,0.0
1988-11-03,0.0,0.0,0.0,0.0,77049600.0,0.0,0.0
1988-11-04,0.0,0.0,0.0,0.0,21184000.0,0.0,0.0
1988-11-07,0.0,0.0,0.0,0.0,29465600.0,0.0,0.0
1988-11-08,0.0,0.0,0.0,0.0,10406400.0,0.0,0.0
1988-11-09,0.0,0.0,0.0,0.0,10854400.0,0.0,0.0
1988-11-10,0.0,0.0,0.0,0.0,25376000.0,0.0,0.0
1988-11-11,0.0,0.0,0.0,0.0,30156800.0,0.0,0.0
1988-11-14,0.0,0.0,0.0,0.0,14732800.0,0.0,0.0
1988-11-15,0.0,0.0,0.0,0.0,21504000.0,0.0,0.0
1988-11-16,0.0,0.0,0.0,0.0,36371200.0,0.0,0.0
1988-11-17,0.0,0.0,0.0,0.0,22259200.0,0.0,0.0
1988-11-18,0.0,0.0,0.0,0.0,16780800.0,0.0,0.0
1988-11-21,0.0,0.0,0.0,0.0,15289600.0,0.0,0.0
1988-11-22,0.0,0.0,0.0,0.0,118720000.0,0.0,0.0
1988-11-23,0.0,0.0,0.0,0.0,52921600.0,0.0,0.0
1988-11-25,0.0,0.0,0.0,0.0,21222400.0,0.0,0.0
1988-11-28,0.0,0.0,0.0,0.0,46105600.0,0.0,0.0
1988-11-29,0.0,0.0,0.0,0.0,101676800.0,0.0,0.0
1988-11-30,0.0,0.0,0.0,0.0,45510400.0,0.0,0.0
1988-12-01,0.0,0.0,0.0,0.0,27974400.0,0.0,0.0
1988-12-02,0.0,0.0,0.0,0.0,19084800.0,0.0,0.0
1988-12-05,0.0,0.0,0.0,0.0,39020800.0,0.0,0.0
1988-12-06,0.0,0.0,0.0,0.0,31532800.0,0.0,0.0
1988-12-07,0.0,0.0,0.0,0.0,27776000.0,0.0,0.0
1988-12-08,0.0,0.0,0.0,0.0,21081600.0,0.0,0.0
1988-12-09,0.0,0.0,0.0,0.0,18393600.0,0.0,0.0
1988-12-12,0.0,0.0,0.0,0.0,19532800.0,0.1504,0.0
1988-12-13,0.0,0.0,0.0,0.0,16729600.0,0.0,0.0
1988-12-14,0.0,0.0,0.0,0.0,37843200.0,0.0,0.0
1988-12-15,0.0,0.0,0.0,0.0,87148800.0,0.0,0.0
1988-12-16,0.0,0.0,0.0,0.0,106201600.0,0.0,0.0
1988-12-19,0.0,0.0,0.0,0.0,53030400.0,0.0,0.0
1988-12-20,0.0,0.0,0.0,0.0,41984000.0,0.0,0.0
1988-12-21,0.0,0.0,0.0,0.0,37158400.0,0.0,0.0
1988-12-22,0.0,0.0,0.0,0.0,38585600.0,0.0,0.0
1988-12-23,0.0,0.0,0.0,0.0,10316800.0,0.0,0.0
1988-12-27,0.0,0.0,0.0,0.0,20121600.0,0.0,0.0
1988-12-28,0.0,0.0,0.0,0.0,12454400.0,0.0,0.0
1988-12-29,0.0,0.0,0.0,0.0,22284800.0,0.0,0.0
1988-12-30,0.0,0.0,0.0,0.0,13344000.0,0.0,0.0
1989-01-03,0.0,0.0,0.0,0.0,19104000.0,0.0,0.0
1989-01-04,0.0,0.0,0.0,0.0,13427200.0,0.0,0.0
1989-01-05,0.0,0.0,0.0,0.0,22009600.0,0.0,0.0
1989-01-06,0.0,0.0,0.0,0.0,20928000.0,0.0,0.0
1989-01-09,0.0,0.0,0.0,0.0,25523200.0,0.0,0.0
1989-01-10,0.0,0.0,0.0,0.0,30400000.0,0.0,0.0
1989-01-11,0.0,0.0,0.0,0.0,37708800.0,0.0,0.0
1989-01-12,0.0,0.0,0.0,0.0,22412800.0,0.0,0.0
1989-01-13,0.0,0.0,0.0,0.0,26784000.0,0.0,0.0
1989-01-16,0.0,0.0,0.0,0.0,55584000.0,0.0,0.0
1989-01-17,0.0,0.0,0.0,0.0,20396800.0,0.0,0.0
1989-01-18,0.0,0.0,0.0,0.0,34156800.0,0.0,0.0
1989-01-19,0.0,0.0,0.0,0.0,36480000.0,0.0,0.0
1989-01-20,0.0,0.0,0.0,0.0,41491200.0,0.0,0.0
1989-01-23,0.0,0.0,0.0,0.0,20345600.0,0.0,0.0
1989-01-24,0.0,0.0,0.0,0.0,36032000.0,0.0,0.0
1989-01-25,0.0,0.0,0.0,0.0,21612800.0,0.0,0.0
1989-01-26,0.0,0.0,0.0,0.0,14188800.0,0.0,0.0
1989-01-27,0.0,0.0,0.0,0.0,22944000.0,0.0,0.0
1989-01-30,0.0,0.0,0.0,0.0,25145600.0,0.0,0.0
1989-01-31,0.0,0.0,0.0,0.0,29804800.0,0.0,0.0
1989-02-01,0.0,0.0,0.0,0.0,23488000.0,0.0,0.0
1989-02-02,0.0,0.0,0.0,0.0,20262400.0,0.0,0.0
1989-02-03,0.0,0.0,0.0,0.0,28544000.0,0.0,0.0
1989-02-06,0.0,0.0,0.0,0.0,21497600.0,0.0,0.0
1989-02-07,0.0,0.0,0.0,0.0,18432000.0,0.0,0.0
1989-02-08,0.0,0.0,0.0,0.0,16102400.0,0.0,0.0
1989-02-09,0.0,0.0,0.0,0.0,25734400.0,0.0,0.0
1989-02-10,0.0,0.0,0.0,0.0,20320000.0,0.0,0.0
1989-02-13,0.0,0.0,0.0,0.0,25542400.0,0.0,0.0
1989-02-14,0.0,0.0,0.0,0.0,16531200.0,0.0,0.0
1989-02-15,0.0,0.0,0.0,0.0,5862400.0,0.0,0.0
1989-02-16,0.0,0.0,0.0,0.0,5900800.0,0.0,0.0
1989-02-17,0.0,0.0,0.0,0.0,9990400.0,0.0,0.0
1989-02-21,0.0,0.0,0.0,0.0,12864000.0,0.0,0.0
1989-02-22,0.0,0.0,0.0,0.0,19091200.0,0.0,0.0
1989-02-23,0.0,0.0,0.0,0.0,23776000.0,0.0,0.0
1989-02-24,0.0,0.0,0.0,0.0,12947200.0,0.0,0.0
1989-02-27,0.0,0.0,0.0,0.0,11840000.0,0.0,0.0
1989-02-28,0.0,0.0,0.0,0.0,13164800.0,0.0,0.0
1989-03-01,0.0,0.0,0.0,0.0,18688000.0,0.00234,0.0
1989-03-02,0.0,0.0,0.0,0.0,8486400.0,0.0,0.0
1989-03-03,0.0,0.0,0.0,0.0,11308800.0,0.0,0.0
1989-03-06,0.0,0.0,0.0,0.0,24614400.0,0.0,0.0
1989-03-07,0.0,0.0,0.0,0.0,7360000.0,0.0,0.0
1989-03-08,0.0,0.0,0.0,0.0,23993600.0,0.0,0.0
1989-03-09,0.0,0.0,0.0,0.0,20499200.0,0.0,0.0
1989-03-10,0.0,0.0,0.0,0.0,28800000.0,0.0,0.0
1989-03-13,0.0,0.0,0.0,0.0,17856000.0,0.1504,0.0
1989-03-14,0.0,0.0,0.0,0.0,16531200.0,0.0,0.0
1989-03-15,0.0,0.0,0.0,0.0,12403200.0,0.0,0.0
1989-03-16,0.0,0.0,0.0,0.0,5945600.0,0.0,0.0
1989-03-17,0.0,0.0,0.0,0.0,25088000.0,0.0,0.0
1989-03-20,0.0,0.0,0.0,0.0,44000000.0,0.0,0.0
1989-03-21,0.0,0.0,0.0,0.0,50547200.0,0.0,0.0
1989-03-22,0.0,0.0,0.0,0.0,25011200.0,0.0,0.0
1989-03-23,0.0,0.0,0.0,0.0,23232000.0,0.0,0.0
1989-03-27,0.0,0.0,0.0,0.0,5894400.0,0.0,0.0
1989-03-28,0.0,0.0,0.0,0.0,15008000.0,0.0,0.0
1989-03-29,0.0,0.0,0.0,0.0,19436800.0,0.0,0.0
1989-03-30,0.0,0.0,0.0,0.0,13478400.0,0.0,0.0
1989-03-31,0.0,0.0,0.0,0.0,11091200.0,0.0,0.0
1989-04-03,0.0,0.0,0.0,0.0,29715200.0,0.0,0.0
1989-04-04,0.0,0.0,0.0,0.0,34822400.0,0.0,0.0
1989-04-05,0.0,0.0,0.0,0.0,10886400.0,0.0,0.0
1989-04-06,0.0,0.0,0.0,0.0,22572800.0,0.0,0.0
1989-04-07,0.0,0.0,0.0,0.0,22630400.0,0.0,0.0
1989-04-10,0.0,0.0,0.0,0.0,10777600.0,0.0,0.0
1989-04-11,0.0,0.0,0.0,0.0,22579200.0,0.0,0.0
1989-04-12,0.0,0.0,0.0,0.0,7494400.0,0.0,0.0
1989-04-13,0.0,0.0,0.0,0.0,13676800.0,0.0,0.0
1989-04-14,0.0,0.0,0.0,0.0,13849600.0,0.0,0.0
1989-04-17,0.0,0.0,0.0,0.0,18995200.0,0.0,0.0
1989-04-18,0.0,0.0,0.0,0.0,15225600.0,0.0,0.0
1989-04-19,0.0,0.0,0.0,0.0,9958400.0,0.0,0.0
1989-04-20,0.0,0.0,0.0,0.0,15180800.0,0.0,0.0
1989-04-21,0.0,0.0,0.0,0.0,6150400.0,0.0,0.0
1989-04-24,0.0,0.0,0.0,0.0,4371200.0,0.0,0.0
1989-04-25,0.0,0.0,0.0,0.0,18988800.0,0.0,0.0
1989-04-26,0.0,0.0,0.0,0.0,16032000.0,0.0,0.0
1989-04-27,0.0,0.0,0.0,0.0,9312000.0,0.0,0.0
1989-04-28,0.0,0.0,0.0,0.0,6547200.0,0.0,0.0
1989-05-01,0.0,0.0,0.0,0.0,10643200.0,0.0,0.0
1989-05-02,0.0,0.0,0.0,0.0,16153600.0,0.0,0.0
1989-05-03,0.0,0.0,0.0,0.0,16012800.0,0.0,0.0
1989-05-04,0.0,0.0,0.0,0.0,10566400.0,0.0,0.0
1989-05-05,0.0,0.0,0.0,0.0,12896000.0,0.0,0.0
1989-05-08,0.0,0.0,0.0,0.0,18163200.0,0.0,0.0
1989-05-09,0.0,0.0,0.0,0.0,10681600.0,0.0,0.0
1989-05-10,0.0,0.0,0.0,0.0,13171200.0,0.0,0.0
1989-05-11,0.0,0.0,0.0,0.0,6457600.0,0.0,0.0
1989-05-12,0.0,0.0,0.0,0.0,6899200.0,0.0,0.0
1989-05-15,0.0,0.0,0.0,0.0,15577600.0,0.0,0.0
1989-05-16,0.0,0.0,0.0,0.0,16243200.0,0.0,0.0
1989-05-17,0.0,0.0,0.0,0.0,24044800.0,0.0,0.0
1989-05-18,0.0,0.0,0.0,0.0,18137600.0,0.0,0.0
1989-05-19,0.0,0.0,0.0,0.0,34374400.0,0.0,0.0
1989-05-22,0.0,0.0,0.0,0.0,21587200.0,0.0,0.0
1989-05-23,0.0,0.0,0.0,0.0,14092800.0,0.0,0.0
1989-05-24,0.0,0.0,0.0,0.0,19699200.0,0.0,0.0
1989-05-25,0.0,0.0,0.0,0.0,10060800.0,0.0,0.0
1989-05-26,0.0,0.0,0.0,0.0,10649600.0,0.0,0.0
1989-05-30,0.0,0.0,0.0,0.0,18035200.0,0.0,0.0
1989-05-31,0.0,0.0,0.0,0.0,36377600.0,0.0,0.0
1989-06-01,0.0,0.0,0.0,0.0,19891200.0,0.0,0.0
1989-06-02,0.0,0.0,0.0,0.0,94860800.0,0.0,0.0
1989-06-05,0.0,0.0,0.0,0.0,45894400.0,0.0,0.0
1989-06-06,0.0,0.0,0.0,0.0,56064000.0,0.0,0.0
1989-06-07,0.0,0.0,0.0,0.0,86873600.0,0.0,0.0
1989-06-08,0.0,0.0,0.0,0.0,66432000.0,0.0,0.0
1989-06-09,0.0,0.0,0.0,0.0,22502400.0,0.0,0.0
1989-06-12,0.01,0.01,0.01,0.01,14784000.0,0.1504,0.0
1989-06-13,0.01,0.01,0.01,0.01,27193600.0,0.0,0.0
1989-06-14,0.01,0.01,0.01,0.01,17798400.0,0.0,0.0
1989-06-15,0.01,0.01,0.01,0.01,24249600.0,0.0,0.0
1989-06-16,0.01,0.01,0.01,0.01,17472000.0,0.0,0.0
1989-06-19,0.01,0.01,0.01,0.01,16121600.0,0.0,0.0
1989-06-20,0.01,0.01,0.01,0.01,15168000.0,0.0,0.0
1989-06-21,0.01,0.01,0.01,0.01,23302400.0,0.0,0.0
1989-06-22,0.01,0.01,0.01,0.01,13664000.0,0.0,0.0
1989-06-23,0.01,0.01,0.01,0.01,11596800.0,0.0,0.0
1989-06-26,0.01,0.01,0.01,0.01,9452800.0,0.0,0.0
1989-06-27,0.01,0.01,0.01,0.01,16377600.0,0.0,0.0
1989-06-28,0.01,0.01,0.01,0.01,12454400.0,0.0,0.0
1989-06-29,0.01,0.01,0.01,0.01,20288000.0,0.0,0.0
1989-06-30,0.01,0.01,0.01,0.01,17388800.0,0.0,0.0
1989-07-03,0.01,0.01,0.0,0.01,10022400.0,0.0,0.0
1989-07-05,0.01,0.01,0.01,0.01,21664000.0,0.0,0.0
1989-07-06,0.01,0.01,0.01,0.01,23059200.0,0.0,0.0
1989-07-07,0.01,0.01,0.01,0.01,21548800.0,0.0,0.0
1989-07-10,0.01,0.01,0.01,0.01,28825600.0,0.0,0.0
1989-07-11,0.01,0.01,0.01,0.01,35225600.0,0.0,0.0
1989-07-12,0.01,0.01,0.01,0.01,25644800.0,0.0,0.0
1989-07-13,0.01,0.01,0.01,0.01,43040000.0,0.0,0.0
1989-07-14,0.01,0.01,0.01,0.01,63136000.0,0.0,0.0
1989-07-17,0.01,0.01,0.01,0.01,30092800.0,0.0,0.0
1989-07-18,0.01,0.01,0.01,0.01,22579200.0,0.0,0.0
1989-07-19,0.01,0.01,0.01,0.01,37043200.0,0.0,0.0
1989-07-20,0.01,0.01,0.01,0.01,25702400.0,0.0,0.0
1989-07-21,0.01,0.01,0.01,0.01,30457600.0,0.0,0.0
1989-07-24,0.01,0.01,0.01,0.01,18272000.0,0.0,0.0
1989-07-25,0.01,0.01,0.01,0.01,37824000.0,0.0,0.0
1989-07-26,0.01,0.01,0.01,0.01,44307200.0,0.0,0.0
1989-07-27,0.01,0.01,0.01,0.01,36921600.0,0.0,0.0
1989-07-28,0.01,0.01,0.01,0.01,10406400.0,0.0,0.0
1989-07-31,0.01,0.01,0.01,0.01,23500800.0,0.0,0.0
1989-08-01,0.01,0.01,0.01,0.01,27801600.0,0.0,0.0
1989-08-02,0.01,0.01,0.01,0.01,10112000.0,0.0,0.0
1989-08-03,0.01,0.01,0.01,0.01,13497600.0,0.0,0.0
1989-08-04,0.01,0.01,0.01,0.01,23526400.0,0.0,0.0
1989-08-07,0.01,0.01,0.01,0.01,22022400.0,0.0,0.0
1989-08-08,0.01,0.01,0.01,0.01,16032000.0,0.0,0.0
1989-08-09,0.01,0.01,0.01,0.01,18368000.0,0.0,0.0
1989-08-10,0.01,0.01,0.01,0.01,26412800.0,0.0,0.0
1989-08-11,0.01,0.01,0.01,0.01,18176000.0,0.0,0.0
1989-08-14,0.01,0.01,0.01,0.01,21427200.0,0.0,0.0
1989-08-15,0.01,0.01,0.01,0.01,6252800.0,0.0,0.0
1989-08-16,0.01,0.01,0.01,0.01,16064000.0,0.0,0.0
1989-08-17,0.01,0.01,0.01,0.01,10009600.0,0.0,0.0
1989-08-18,0.01,0.01,0.01,0.01,12422400.0,0.0,0.0
1989-08-21,0.01,0.01,0.01,0.01,15590400.0,0.0,0.0
1989-08-22,0.01,0.01,0.01,0.01,7763200.0,0.0,0.0
1989-08-23,0.01,0.01,0.01,0.01,11340800.0,0.0,0.0
1989-08-24,0.01,0.01,0.01,0.01,29152000.0,0.0,0.0
1989-08-25,0.01,0.01,0.01,0.01,12902400.0,0.0,0.0
1989-08-28,0.01,0.01,0.01,0.01,14016000.0,0.0,0.0
1989-08-29,0.01,0.01,0.01,0.01,17689600.0,0.0,0.0
1989-08-30,0.01,0.01,0.01,0.01,27161600.0,0.0,0.0
1989-08-31,0.01,0.01,0.01,0.01,23091200.0,0.0,0.0
1989-09-01,0.01,0.01,0.01,0.01,30092800.0,0.0,0.0
1989-09-05,0.01,0.01,0.01,0.01,23852800.0,0.0,0.0
1989-09-06,0.01,0.01,0.01,0.01,12313600.0,0.0,0.0
1989-09-07,0.01,0.01,0.01,0.01,15686400.0,0.0,0.0
1989-09-08,0.01,0.01,0.01,0.01,41593600.0,0.0,0.0
1989-09-11,0.01,0.01,0.01,0.01,39232000.0,0.1504,0.0
1989-09-12,0.01,0.01,0.01,0.01,28320000.0,0.0,0.0
1989-09-13,0.01,0.01,0.01,0.01,53548800.0,0.0,0.0
1989-09-14,0.01,0.01,0.01,0.01,31308800.0,0.0,0.0
1989-09-15,0.01,0.01,0.01,0.01,25900800.0,0.0,0.0
1989-09-18,0.01,0.01,0.01,0.01,62412800.0,0.0,0.0
1989-09-19,0.01,0.01,0.01,0.01,59993600.0,0.0,0.0
1989-09-20,0.01,0.01,0.01,0.01,54214400.0,0.0,0.0
1989-09-21,0.01,0.01,0.01,0.01,70617600.0,0.0,0.0
1989-09-22,0.01,0.01,0.01,0.01,58560000.0,0.0,0.0
1989-09-25,0.01,0.01,0.01,0.01,48966400.0,0.0,0.0
1989-09-26,0.01,0.01,0.01,0.01,28326400.0,0.0,0.0
1989-09-27,0.01,0.01,0.01,0.01,47974400.0,0.0,0.0
1989-09-28,0.01,0.01,0.01,0.01,103283200.0,0.0,0.0
1989-09-29,0.01,0.01,0.01,0.01,34425600.0,0.0,0.0
1989-10-02,0.01,0.01,0.01,0.01,28710400.0,0.0,0.0
1989-10-03,0.01,0.01,0.01,0.01,20716800.0,0.0,0.0
1989-10-04,0.01,0.01,0.01,0.01,35577600.0,0.0,0.0
1989-10-05,0.01,0.01,0.01,0.01,19648000.0,0.0,0.0
1989-10-06,0.01,0.01,0.01,0.01,25523200.0,0.0,0.0
1989-10-09,0.01,0.01,0.01,0.01,12812800.0,0.0,0.0
1989-10-10,0.01,0.01,0.01,0.01,23430400.0,0.0,0.0
1989-10-11,0.01,0.01,0.01,0.01,14092800.0,0.0,0.0
1989-10-12,0.01,0.01,0.01,0.01,28640000.0,0.0,0.0
1989-10-13,0.01,0.01,0.01,0.01,48659200.0,0.0,0.0
1989-10-16,0.01,0.01,0.01,0.01,68166400.0,0.0,0.0
1989-10-17,0.01,0.01,0.01,0.01,29395200.0,0.0,0.0
1989-10-18,0.01,0.01,0.01,0.01,20480000.0,0.0,0.0
1989-10-19,0.01,0.01,0.01,0.01,21113600.0,0.0,0.0
1989-10-20,0.01,0.01,0.01,0.01,20480000.0,0.0,0.0
1989-10-23,0.01,0.01,0.01,0.01,14131200.0,0.0,0.0
1989-10-24,0.01,0.01,0.01,0.01,23238400.0,0.0,0.0
1989-10-25,0.01,0.01,0.01,0.01,4787200.0,0.0,0.0
1989-10-26,0.01,0.01,0.01,0.01,27353600.0,0.0,0.0
1989-10-27,0.01,0.01,0.01,0.01,45068800.0,0.0,0.0
1989-10-30,0.01,0.01,0.01,0.01,45740800.0,0.0,0.0
1989-10-31,0.01,0.01,0.01,0.01,18988800.0,0.0,0.0
1989-11-01,0.01,0.01,0.01,0.01,24256000.0,0.0,0.0
1989-11-02,0.01,0.01,0.01,0.01,46880000.0,0.0,0.0
1989-11-03,0.01,0.01,0.01,0.01,20435200.0,0.0,0.0
1989-11-06,0.01,0.01,0.01,0.01,20710400.0,0.0,0.0
1989-11-07,0.01,0.01,0.01,0.01,20089600.0,0.0,0.0
1989-11-08,0.01,0.01,0.01,0.01,47820800.0,0.0,0.0
1989-11-09,0.01,0.01,0.01,0.01,28716800.0,0.0,0.0
1989-11-10,0.01,0.01,0.01,0.01,30521600.0,0.0,0.0
1989-11-13,0.01,0.01,0.01,0.01,22528000.0,0.0,0.0
1989-11-14,0.01,0.01,0.01,0.01,15532800.0,0.0,0.0
1989-11-15,0.01,0.01,0.01,0.01,84230400.0,0.0,0.0
1989-11-16,0.01,0.01,0.01,0.01,40147200.0,0.0,0.0
1989-11-17,0.01,0.01,0.01,0.01,31308800.0,0.0,0.0
1989-11-20,0.01,0.01,0.01,0.01,19040000.0,0.0,0.0
1989-11-21,0.01,0.01,0.01,0.01,24025600.0,0.0,0.0
1989-11-22,0.01,0.01,0.01,0.01,18195200.0,0.0,0.0
1989-11-24,0.01,0.01,0.01,0.01,6080000.0,0.0,0.0
1989-11-27,0.01,0.01,0.01,0.01,16224000.0,0.0,0.0
1989-11-28,0.01,0.01,0.01,0.01,10732800.0,0.0,0.0
1989-11-29,0.01,0.01,0.01,0.01,41785600.0,0.0,0.0
1989-11-30,0.01,0.01,0.01,0.01,28787200.0,0.0,0.0
1989-12-01,0.01,0.01,0.01,0.01,55200000.0,0.0,0.0
1989-12-04,0.01,0.01,0.01,0.01,72691200.0,0.0,0.0
1989-12-05,0.01,0.01,0.01,0.01,26540800.0,0.0,0.0
1989-12-06,0.01,0.01,0.01,0.01,19020800.0,0.0,0.0
1989-12-07,0.01,0.01,0.01,0.01,19168000.0,0.0,0.0
1989-12-08,0.01,0.01,0.01,0.01,20576000.0,0.0,0.0
1989-12-11,0.01,0.01,0.01,0.01,17516800.0,0.2,0.0
1989-12-12,0.01,0.01,0.01,0.01,67942400.0,0.0,0.0
1989-12-13,0.01,0.01,0.01,0.01,52448000.0,0.0,0.0
1989-12-14,0.01,0.01,0.01,0.01,56307200.0,0.0,0.0
1989-12-15,0.01,0.01,0.01,0.01,36006400.0,0.0,0.0
1989-12-18,0.01,0.01,0.01,0.01,59488000.0,0.0,0.0
1989-12-19,0.01,0.01,0.01,0.01,42022400.0,0.0,0.0
1989-12-20,0.01,0.01,0.01,0.01,26636800.0,0.0,0.0
1989-12-21,0.01,0.01,0.01,0.01,12537600.0,0.0,0.0
1989-12-22,0.01,0.01,0.01,0.01,6707200.0,0.0,0.0
1989-12-26,0.01,0.01,0.01,0.01,5824000.0,0.0,0.0
1989-12-27,0.01,0.01,0.01,0.01,17484800.0,0.0,0.0
1989-12-28,0.01,0.01,0.01,0.01,29619200.0,0.0,0.0
1989-12-29,0.01,0.01,0.01,0.01,16300800.0,0.0,0.0
1990-01-02,0.01,0.01,0.01,0.01,34054400.0,0.0,0.0
1990-01-03,0.01,0.01,0.01,0.01,31616000.0,0.0,0.0
1990-01-04,0.01,0.01,0.01,0.01,13587200.0,0.0,0.0
1990-01-05,0.01,0.01,0.01,0.01,17523200.0,0.0,0.0
1990-01-08,0.01,0.01,0.01,0.01,9971200.0,0.0,0.0
1990-01-09,0.01,0.01,0.01,0.01,10982400.0,0.0,0.0
1990-01-10,0.01,0.01,0.01,0.01,20742400.0,0.0,0.0
1990-01-11,0.01,0.01,0.01,0.01,5683200.0,0.0,0.0
1990-01-12,0.01,0.01,0.01,0.01,11552000.0,0.0,0.0
1990-01-15,0.01,0.01,0.01,0.01,10707200.0,0.0,0.0
1990-01-16,0.01,0.01,0.01,0.01,20320000.0,0.0,0.0
1990-01-17,0.01,0.01,0.01,0.01,10739200.0,0.0,0.0
1990-01-18,0.01,0.01,0.01,0.01,12044800.0,0.0,0.0
1990-01-19,0.01,0.01,0.01,0.01,24678400.0,0.0,0.0
1990-01-22,0.01,0.01,0.01,0.01,20480000.0,0.0,0.0
1990-01-23,0.01,0.01,0.01,0.01,18406400.0,0.0,0.0
1990-01-24,0.01,0.01,0.01,0.01,50169600.0,0.0,0.0
1990-01-25,0.01,0.01,0.01,0.01,12537600.0,0.0,0.0
1990-01-26,0.01,0.01,0.01,0.01,16678400.0,0.0,0.0
1990-01-29,0.01,0.01,0.01,0.01,20492800.0,0.0,0.0
1990-01-30,0.01,0.01,0.01,0.01,22764800.0,0.0,0.0
1990-01-31,0.01,0.01,0.01,0.01,29702400.0,0.0,0.0
1990-02-01,0.01,0.01,0.01,0.01,61824000.0,0.0,0.0
1990-02-02,0.01,0.01,0.01,0.01,29811200.0,0.0,0.0
1990-02-05,0.01,0.01,0.01,0.01,22592000.0,0.0,0.0
1990-02-06,0.01,0.01,0.01,0.01,14105600.0,0.0,0.0
1990-02-07,0.01,0.01,0.01,0.01,12966400.0,0.0,0.0
1990-02-08,0.01,0.01,0.01,0.01,16793600.0,0.0,0.0
1990-02-09,0.01,0.01,0.01,0.01,23468800.0,0.0,0.0
1990-02-12,0.01,0.01,0.01,0.01,5977600.0,0.0,0.0
1990-02-13,0.01,0.01,0.01,0.01,27046400.0,0.0,0.0
1990-02-14,0.01,0.01,0.01,0.01,15481600.0,0.0,0.0
1990-02-15,0.01,0.01,0.01,0.01,13984000.0,0.0,0.0
1990-02-16,0.01,0.01,0.01,0.01,22918400.0,0.0,0.0
1990-02-20,0.01,0.01,0.01,0.01,8217600.0,0.0,0.0
1990-02-21,0.01,0.01,0.01,0.01,12902400.0,0.0,0.0
1990-02-22,0.01,0.01,0.01,0.01,18828800.0,0.0,0.0
1990-02-23,0.01,0.01,0.01,0.01,16460800.0,0.0,0.0
1990-02-26,0.01,0.01,0.01,0.01,9401600.0,0.0,0.0
1990-02-27,0.01,0.01,0.01,0.01,12614400.0,0.0,0.0
1990-02-28,0.01,0.01,0.01,0.01,18496000.0,0.0,0.0
1990-03-01,0.01,0.01,0.01,0.01,23750400.0,0.0,0.0
1990-03-02,0.01,0.01,0.01,0.01,41433600.0,0.0,0.0
1990-03-05,0.01,0.01,0.01,0.01,19372800.0,0.0,0.0
1990-03-06,0.01,0.01,0.01,0.01,16921600.0,0.0,0.0
1990-03-07,0.01,0.01,0.01,0.01,33292800.0,0.0,0.0
1990-03-08,0.01,0.01,0.01,0.01,22668800.0,0.0,0.0
1990-03-09,0.01,0.01,0.01,0.01,18822400.0,0.0,0.0
1990-03-12,0.02,0.02,0.01,0.02,18124800.0,0.2,0.0
1990-03-13,0.02,0.02,0.02,0.02,11705600.0,0.0,0.0
1990-03-14,0.02,0.02,0.01,0.02,17004800.0,0.0,0.0
1990-03-15,0.02,0.02,0.02,0.02,12633600.0,0.0,0.0
1990-03-16,0.02,0.02,0.02,0.02,31084800.0,0.0,0.0
1990-03-19,0.02,0.02,0.02,0.02,33491200.0,0.0,0.0
1990-03-20,0.02,0.02,0.02,0.02,27488000.0,0.0,0.0
1990-03-21,0.02,0.02,0.02,0.02,15814400.0,0.0,0.0
1990-03-22,0.02,0.02,0.02,0.02,29248000.0,0.0,0.0
1990-03-23,0.02,0.02,0.02,0.02,19264000.0,0.0,0.0
1990-03-26,0.02,0.02,0.02,0.02,35974400.0,0.0,0.0
1990-03-27,0.02,0.02,0.02,0.02,26784000.0,0.0,0.0
1990-03-28,0.02,0.02,0.02,0.02,39987200.0,0.0,0.0
1990-03-29,0.02,0.02,0.02,0.02,16838400.0,0.0,0.0
1990-03-30,0.02,0.02,0.02,0.02,21254400.0,0.0,0.0
1990-04-02,0.02,0.02,0.02,0.02,19731200.0,0.0,0.0
1990-04-03,0.02,0.02,0.02,0.02,19699200.0,0.0,0.0
1990-04-04,0.02,0.02,0.02,0.02,30227200.0,0.0,0.0
1990-04-05,0.02,0.02,0.02,0.02,33145600.0,0.0,0.0
1990-04-06,0.02,0.02,0.02,0.02,33580800.0,0.0,0.0
1990-04-09,0.02,0.02,0.02,0.02,20979200.0,0.0,0.0
1990-04-10,0.02,0.02,0.02,0.02,18310400.0,0.0,0.0
1990-04-11,0.02,0.02,0.02,0.02,15654400.0,0.0,0.0
1990-04-12,0.02,0.02,0.02,0.02,7865600.0,0.0,0.0
1990-04-16,0.02,0.02,0.02,0.02,14086400.0,0.0,0.0
1990-04-17,0.02,0.02,0.02,0.02,25798400.0,0.0,0.0
1990-04-18,0.02,0.02,0.02,0.02,17286400.0,0.0,0.0
1990-04-19,0.02,0.02,0.02,0.02,23443200.0,0.0,0.0
1990-04-20,0.02,0.02,0.02,0.02,21043200.0,0.0,0.0
1990-04-23,0.02,0.02,0.02,0.02,19488000.0,0.0,0.0
1990-04-24,0.02,0.02,0.02,0.02,11801600.0,0.0,0.0
1990-04-25,0.02,0.02,0.02,0.02,22777600.0,0.0,0.0
1990-04-26,0.02,0.02,0.02,0.02,15814400.0,0.0,0.0
1990-04-27,0.02,0.02,0.02,0.02,9363200.0,0.0,0.0
1990-04-30,0.02,0.02,0.02,0.02,24044800.0,0.0,0.0
1990-05-01,0.02,0.02,0.02,0.02,31552000.0,0.0,0.0
1990-05-02,0.02,0.02,0.02,0.02,33088000.0,0.0,0.0
1990-05-03,0.02,0.02,0.02,0.02,24646400.0,0.0,0.0
1990-05-04,0.02,0.02,0.02,0.02,14195200.0,0.0,0.0
1990-05-07,0.02,0.02,0.02,0.02,11347200.0,0.0,0.0
1990-05-08,0.02,0.02,0.02,0.02,8620800.0,0.0,0.0
1990-05-09,0.02,0.02,0.02,0.02,24518400.0,0.0,0.0
1990-05-10,0.02,0.02,0.02,0.02,14937600.0,0.0,0.0
1990-05-11,0.02,0.02,0.02,0.02,32288000.0,0.0,0.0
1990-05-14,0.02,0.02,0.02,0.02,32787200.0,0.0,0.0
1990-05-15,0.02,0.02,0.02,0.02,38368000.0,0.0,0.0
1990-05-16,0.02,0.02,0.02,0.02,36544000.0,0.0,0.0
1990-05-17,0.02,0.02,0.02,0.02,36076800.0,0.0,0.0
1990-05-18,0.02,0.02,0.02,0.02,25414400.0,0.0,0.0
1990-05-21,0.02,0.02,0.02,0.02,30694400.0,0.0,0.0
1990-05-22,0.02,0.02,0.02,0.02,27468800.0,0.0,0.0
1990-05-23,0.02,0.02,0.02,0.02,47603200.0,0.0,0.0
1990-05-24,0.02,0.02,0.02,0.02,48832000.0,0.0,0.0
1990-05-25,0.02,0.02,0.02,0.02,44793600.0,0.0,0.0
1990-05-29,0.02,0.02,0.02,0.02,29689600.0,0.0,0.0
1990-05-30,0.02,0.02,0.02,0.02,44428800.0,0.0,0.0
1990-05-31,0.02,0.02,0.02,0.02,25164800.0,0.0,0.0
1990-06-01,0.02,0.02,0.02,0.02,72313600.0,0.0,0.0
1990-06-04,0.02,0.02,0.02,0.02,38720000.0,0.0,0.0
1990-06-05,0.02,0.02,0.02,0.02,15628800.0,0.0,0.0
1990-06-06,0.02,0.02,0.02,0.02,18976000.0,0.0,0.0
1990-06-07,0.02,0.02,0.02,0.02,12556800.0,0.0,0.0
1990-06-08,0.02,0.02,0.02,0.02,17446400.0,0.0,0.0
1990-06-11,0.02,0.02,0.02,0.02,28972800.0,0.2,0.0
1990-06-12,0.02,0.02,0.02,0.02,19788800.0,0.0,0.0
1990-06-13,0.02,0.02,0.02,0.02,44115200.0,0.0,0.0
1990-06-14,0.02,0.02,0.02,0.02,13075200.0,0.0,0.0
1990-06-15,0.02,0.02,0.02,0.02,19827200.0,0.0,0.0
1990-06-18,0.02,0.02,0.02,0.02,25081600.0,0.0,0.0
1990-06-19,0.02,0.02,0.02,0.02,33856000.0,0.0,0.0
1990-06-20,0.02,0.02,0.02,0.02,30617600.0,0.0,0.0
1990-06-21,0.02,0.02,0.02,0.02,26924800.0,0.0,0.0
1990-06-22,0.02,0.02,0.02,0.02,29587200.0,0.0,0.0
1990-06-25,0.02,0.02,0.02,0.02,32121600.0,0.0,0.0
1990-06-26,0.02,0.02,0.02,0.02,58630400.0,0.0,0.0
1990-06-27,0.02,0.02,0.02,0.02,43078400.0,0.0,0.0
1990-06-28,0.02,0.02,0.02,0.02,82752000.0,0.0,0.0
1990-06-29,0.02,0.02,0.02,0.02,18003200.0,0.0,0.0
1990-07-02,0.02,0.02,0.02,0.02,20249600.0,0.0,0.0
1990-07-03,0.02,0.02,0.02,0.02,35500800.0,0.0,0.0
1990-07-05,0.02,0.02,0.02,0.02,20153600.0,0.0,0.0
1990-07-06,0.02,0.02,0.02,0.02,44416000.0,0.0,0.0
1990-07-09,0.02,0.03,0.02,0.03,100556800.0,0.0,0.0
1990-07-10,0.03,0.03,0.03,0.03,120480000.0,0.0,0.0
1990-07-11,0.03,0.03,0.03,0.03,35942400.0,0.0,0.0
1990-07-12,0.03,0.03,0.03,0.03,68716800.0,0.0,0.0
1990-07-13,0.03,0.03,0.03,0.03,36057600.0,0.0,0.0
1990-07-16,0.03,0.03,0.03,0.03,44844800.0,0.0,0.0
1990-07-17,0.03,0.03,0.03,0.03,42995200.0,0.0,0.0
1990-07-18,0.03,0.03,0.03,0.03,32774400.0,0.0,0.0
1990-07-19,0.03,0.03,0.03,0.03,37811200.0,0.0,0.0
1990-07-20,0.03,0.03,0.03,0.03,34163200.0,0.0,0.0
1990-07-23,0.03,0.03,0.03,0.03,50963200.0,0.0,0.0
1990-07-24,0.03,0.03,0.03,0.03,36812800.0,0.0,0.0
1990-07-25,0.03,0.03,0.03,0.03,36780800.0,0.0,0.0
1990-07-26,0.03,0.03,0.03,0.03,20339200.0,0.0,0.0
1990-07-27,0.03,0.03,0.03,0.03,11123200.0,0.0,0.0
1990-07-30,0.03,0.03,0.03,0.03,27968000.0,0.0,0.0
1990-07-31,0.03,0.03,0.03,0.03,32044800.0,0.0,0.0
1990-08-01,0.03,0.03,0.02,0.03,41420800.0,0.0,0.0
1990-08-02,0.03,0.03,0.02,0.03,25484800.0,0.0,0.0
1990-08-03,0.02,0.02,0.02,0.02,90028800.0,0.0,0.0
1990-08-06,0.02,0.02,0.02,0.02,70681600.0,0.0,0.0
1990-08-07,0.02,0.02,0.02,0.02,48518400.0,0.0,0.0
1990-08-08,0.02,0.02,0.02,0.02,79763200.0,0.0,0.0
1990-08-09,0.02,0.02,0.02,0.02,40166400.0,0.0,0.0
1990-08-10,0.02,0.02,0.02,0.02,40972800.0,0.0,0.0
1990-08-13,0.02,0.02,0.02,0.02,34796800.0,0.0,0.0
1990-08-14,0.02,0.02,0.02,0.02,24582400.0,0.0,0.0
1990-08-15,0.02,0.02,0.02,0.02,30342400.0,0.0,0.0
1990-08-16,0.02,0.02,0.02,0.02,35302400.0,0.0,0.0
1990-08-17,0.02,0.02,0.02,0.02,51020800.0,0.0,0.0
1990-08-20,0.02,0.02,0.02,0.02,40646400.0,0.0,0.0
1990-08-21,0.02,0.02,0.02,0.02,105702400.0,0.0,0.0
1990-08-22,0.02,0.02,0.02,0.02,86348800.0,0.0,0.0
1990-08-23,0.02,0.02,0.02,0.02,67539200.0,0.0,0.0
1990-08-24,0.02,0.02,0.02,0.02,46803200.0,0.0,0.0
1990-08-27,0.02,0.02,0.02,0.02,47718400.0,0.0,0.0
1990-08-28,0.02,0.02,0.02,0.02,33414400.0,0.0,0.0
1990-08-29,0.02,0.02,0.02,0.02,41593600.0,0.0,0.0
1990-08-30,0.02,0.02,0.02,0.02,29190400.0,0.0,0.0
1990-08-31,0.02,0.02,0.02,0.02,23155200.0,0.0,0.0
1990-09-04,0.02,0.02,0.02,0.02,37132800.0,0.0,0.0
1990-09-05,0.02,0.02,0.02,0.02,32364800.0,0.0,0.0
1990-09-06,0.02,0.02,0.02,0.02,38009600.0,0.0,0.0
1990-09-07,0.02,0.02,0.02,0.02,39398400.0,0.0,0.0
1990-09-10,0.02,0.03,0.02,0.02,30387200.0,0.2,0.0
1990-09-11,0.02,0.03,0.02,0.03,46860800.0,0.0,0.0
1990-09-12,0.03,0.03,0.03,0.03,35852800.0,0.0,0.0
1990-09-13,0.03,0.03,0.03,0.03,50931200.0,0.0,0.0
1990-09-14,0.03,0.03,0.03,0.03,49798400.0,0.0,0.0
1990-09-17,0.03,0.03,0.03,0.03,92172800.0,0.0,0.0
1990-09-18,0.03,0.03,0.03,0.03,46598400.0,0.0,0.0
1990-09-19,0.03,0.03,0.03,0.03,29094400.0,0.0,0.0
1990-09-20,0.03,0.03,0.02,0.02,41625600.0,0.0,0.0
1990-09-21,0.02,0.03,0.02,0.02,37209600.0,0.0,0.0
1990-09-24,0.02,0.02,0.02,0.02,27411200.0,0.0,0.0
1990-09-25,0.02,0.02,0.02,0.02,36915200.0,0.0,0.0
1990-09-26,0.02,0.02,0.02,0.02,36044800.0,0.0,0.0
1990-09-27,0.02,0.02,0.02,0.02,72166400.0,0.0,0.0
1990-09-28,0.02,0.02,0.02,0.02,49830400.0,0.0,0.0
1990-10-01,0.02,0.02,0.02,0.02,39584000.0,0.0,0.0
1990-10-02,0.02,0.02,0.02,0.02,37344000.0,0.0,0.0
1990-10-03,0.02,0.02,0.02,0.02,52646400.0,0.0,0.0
1990-10-04,0.02,0.02,0.02,0.02,33977600.0,0.0,0.0
1990-10-05,0.02,0.02,0.02,0.02,61996800.0,0.0,0.0
1990-10-08,0.02,0.02,0.02,0.02,20908800.0,0.0,2.0
1990-10-09,0.02,0.02,0.02,0.02,31350400.0,0.0,2.0
1990-10-10,0.02,0.02,0.02,0.02,36422400.0,0.0,0.0
1990-10-11,0.02,0.02,0.02,0.02,42633600.0,0.0,0.0
1990-10-12,0.02,0.02,0.02,0.02,36201600.0,0.0,0.0
1990-10-15,0.02,0.02,0.02,0.02,29603200.0,0.0,0.0
1990-10-16,0.02,0.02,0.02,0.02,17696000.0,0.0,0.0
1990-10-17,0.02,0.02,0.02,0.02,33072000.0,0.0,0.0
1990-10-18,0.02,0.02,0.02,0.02,35756800.0,0.0,0.0
1990-10-19,0.02,0.02,0.02,0.02,25849600.0,0.0,0.0
1990-10-22,0.02,0.02,0.02,0.02,21043200.0,0.0,0.0
1990-10-23,0.02,0.02,0.02,0.02,18403200.0,0.0,0.0
1990-10-24,0.02,0.02,0.02,0.02,10140800.0,0.0,0.0
1990-10-25,0.02,0.02,0.02,0.02,11478400.0,0.0,0.0
1990-10-26,0.02,0.02,0.02,0.02,7836800.0,0.0,0.0
1990-10-29,0.02,0.02,0.02,0.02,12892800.0,0.0,0.0
1990-10-30,0.02,0.02,0.02,0.02,8259200.0,0.0,0.0
1990-10-31,0.02,0.02,0.02,0.02,6137600.0,0.0,0.0
1990-11-01,0.02,0.02,0.02,0.02,8838400.0,0.0,0.0
1990-11-02,0.02,0.02,0.02,0.02,8934400.0,0.0,0.0
1990-11-05,0.02,0.02,0.02,0.02,9747200.0,0.0,0.0
1990-11-06,0.02,0.02,0.02,0.02,14704000.0,0.0,0.0
1990-11-07,0.02,0.02,0.02,0.02,32550400.0,0.0,0.0
1990-11-08,0.02,0.02,0.02,0.02,11536000.0,0.0,0.0
1990-11-09,0.02,0.02,0.02,0.02,9497600.0,0.0,0.0
1990-11-12,0.02,0.02,0.02,0.02,14857600.0,0.0,0.0
1990-11-13,0.02,0.02,0.02,0.02,22480000.0,0.0,0.0
1990-11-14,0.02,0.03,0.02,0.03,17299200.0,0.0,0.0
1990-11-15,0.03,0.03,0.02,0.03,15420800.0,0.0,0.0
1990-11-16,0.03,0.03,0.02,0.03,12252800.0,0.0,0.0
1990-11-19,0.03,0.03,0.02,0.03,8672000.0,0.0,0.0
1990-11-20,0.03,0.03,0.02,0.02,10499200.0,0.0,0.0
1990-11-21,0.02,0.02,0.02,0.02,10908800.0,0.0,0.0
1990-11-23,0.02,0.03,0.02,0.02,3321600.0,0.0,0.0
1990-11-26,0.02,0.03,0.02,0.03,8000000.0,0.0,0.0
1990-11-27,0.03,0.03,0.03,0.03,10627200.0,0.0,0.0
1990-11-28,0.03,0.03,0.03,0.03,11200000.0,0.0,0.0
1990-11-29,0.03,0.03,0.03,0.03,14864000.0,0.0,0.0
1990-11-30,0.03,0.03,0.02,0.02,83744000.0,0.0,0.0
1990-12-03,0.03,0.03,0.03,0.03,22774400.0,0.0,0.0
1990-12-04,0.03,0.03,0.03,0.03,15449600.0,0.0,0.0
1990-12-05,0.03,0.03,0.03,0.03,17200000.0,0.0,0.0
1990-12-06,0.03,0.03,0.03,0.03,31971200.0,0.0,0.0
1990-12-07,0.03,0.03,0.03,0.03,14108800.0,0.0,0.0
1990-12-10,0.03,0.03,0.03,0.03,9635200.0,0.14,0.0
1990-12-11,0.03,0.03,0.03,0.03,11475200.0,0.0,0.0
1990-12-12,0.03,0.03,0.03,0.03,32547200.0,0.0,0.0
1990-12-13,0.03,0.03,0.03,0.03,24921600.0,0.0,0.0
1990-12-14,0.03,0.03,0.03,0.03,13443200.0,0.0,0.0
1990-12-17,0.03,0.03,0.03,0.03,24134400.0,0.0,0.0
1990-12-18,0.03,0.03,0.03,0.03,21004800.0,0.0,0.0
1990-12-19,0.03,0.03,0.03,0.03,21254400.0,0.0,0.0
1990-12-20,0.03,0.03,0.03,0.03,17043200.0,0.0,0.0
1990-12-21,0.03,0.03,0.03,0.03,12598400.0,0.0,0.0
1990-12-24,0.03,0.03,0.03,0.03,3820800.0,0.0,0.0
1990-12-26,0.03,0.03,0.03,0.03,7033600.0,0.0,0.0
1990-12-27,0.03,0.03,0.03,0.03,8272000.0,0.0,0.0
1990-12-28,0.03,0.03,0.03,0.03,5027200.0,0.0,0.0
1990-12-31,0.03,0.03,0.03,0.03,6096000.0,0.0,0.0
1991-01-02,0.03,0.03,0.03,0.03,11961600.0,0.0,0.0
1991-01-03,0.03,0.03,0.03,0.03,11593600.0,0.0,0.0
1991-01-04,0.03,0.03,0.03,0.03,16348800.0,0.0,0.0
1991-01-07,0.03,0.03,0.03,0.03,9507200.0,0.0,0.0
1991-01-08,0.03,0.03,0.03,0.03,7577600.0,0.0,0.0
1991-01-09,0.03,0.03,0.03,0.03,12288000.0,0.0,0.0
1991-01-10,0.03,0.03,0.03,0.03,9891200.0,0.0,0.0
1991-01-11,0.03,0.03,0.03,0.03,5347200.0,0.0,0.0
1991-01-14,0.03,0.03,0.03,0.03,8281600.0,0.0,0.0
1991-01-15,0.03,0.03,0.03,0.03,10643200.0,0.0,0.0
1991-01-16,0.03,0.03,0.03,0.03,21116800.0,0.0,0.0
1991-01-17,0.03,0.04,0.03,0.03,36867200.0,0.0,0.0
1991-01-18,0.03,0.04,0.03,0.04,24278400.0,0.0,0.0
1991-01-21,0.04,0.04,0.04,0.04,14121600.0,0.0,0.0
1991-01-22,0.04,0.04,0.04,0.04,19504000.0,0.0,0.0
1991-01-23,0.04,0.04,0.04,0.04,16108800.0,0.0,0.0
1991-01-24,0.04,0.04,0.04,0.04,21667200.0,0.0,0.0
1991-01-25,0.04,0.04,0.04,0.04,8438400.0,0.0,0.0
1991-01-28,0.04,0.04,0.04,0.04,8400000.0,0.0,0.0
1991-01-29,0.04,0.04,0.04,0.04,12489600.0,0.0,0.0
1991-01-30,0.04,0.04,0.04,0.04,10422400.0,0.0,0.0
1991-01-31,0.04,0.04,0.04,0.04,15865600.0,0.0,0.0
1991-02-01,0.04,0.04,0.04,0.04,14323200.0,0.0,0.0
1991-02-04,0.04,0.04,0.04,0.04,14988800.0,0.0,0.0
1991-02-05,0.04,0.04,0.04,0.04,25020800.0,0.0,0.0
1991-02-06,0.04,0.04,0.04,0.04,18297600.0,0.0,0.0
1991-02-07,0.04,0.04,0.04,0.04,29667200.0,0.0,0.0
1991-02-08,0.04,0.04,0.04,0.04,12640000.0,0.0,0.0
1991-02-11,0.04,0.04,0.04,0.04,13296000.0,0.0,0.0
1991-02-12,0.04,0.04,0.04,0.04,12816000.0,0.0,0.0
1991-02-13,0.04,0.04,0.04,0.04,5843200.0,0.0,0.0
1991-02-14,0.04,0.04,0.04,0.04,57488000.0,0.0,0.0
1991-02-15,0.04,0.04,0.04,0.04,41075200.0,0.0,0.0
1991-02-19,0.04,0.04,0.04,0.04,24947200.0,0.0,0.0
1991-02-20,0.04,0.04,0.04,0.04,13590400.0,0.0,0.0
1991-02-21,0.04,0.04,0.04,0.04,12547200.0,0.0,0.0
1991-02-22,0.04,0.04,0.04,0.04,16304000.0,0.0,0.0
1991-02-25,0.04,0.04,0.04,0.04,12896000.0,0.0,0.0
1991-02-26,0.04,0.04,0.04,0.04,8598400.0,0.0,0.0
1991-02-27,0.04,0.04,0.04,0.04,9360000.0,0.0,0.0
1991-02-28,0.04,0.04,0.04,0.04,7228800.0,0.0,0.0
1991-03-01,0.04,0.04,0.04,0.04,6048000.0,0.0,0.0
1991-03-04,0.04,0.04,0.04,0.04,7507200.0,0.0,0.0
1991-03-05,0.04,0.04,0.04,0.04,11593600.0,0.0,0.0
1991-03-06,0.04,0.04,0.04,0.04,14188800.0,0.0,0.0
1991-03-07,0.04,0.04,0.04,0.04,7184000.0,0.0,0.0
1991-03-08,0.04,0.05,0.04,0.04,14217600.0,0.0,0.0
1991-03-11,0.05,0.05,0.05,0.05,5155200.0,0.14,0.0
1991-03-12,0.05,0.05,0.05,0.05,8870400.0,0.0,0.0
1991-03-13,0.05,0.05,0.05,0.05,6179200.0,0.0,0.0
1991-03-14,0.05,0.05,0.05,0.05,8508800.0,0.0,0.0
1991-03-15,0.05,0.05,0.05,0.05,14643200.0,0.0,0.0
1991-03-18,0.05,0.05,0.04,0.04,46121600.0,0.0,0.0
1991-03-19,0.04,0.04,0.04,0.04,57094400.0,0.0,0.0
1991-03-20,0.04,0.04,0.04,0.04,18745600.0,0.0,0.0
1991-03-21,0.04,0.04,0.04,0.04,12281600.0,0.0,0.0
1991-03-22,0.04,0.04,0.04,0.04,17369600.0,0.0,0.0
1991-03-25,0.04,0.04,0.04,0.04,11692800.0,0.0,0.0
1991-03-26,0.04,0.04,0.04,0.04,13369600.0,0.0,0.0
1991-03-27,0.04,0.04,0.04,0.04,10204800.0,0.0,0.0
1991-03-28,0.04,0.04,0.04,0.04,7177600.0,0.0,0.0
1991-04-01,0.04,0.04,0.04,0.04,6262400.0,0.0,0.0
1991-04-02,0.04,0.04,0.04,0.04,8140800.0,0.0,0.0
1991-04-03,0.04,0.04,0.04,0.04,38345600.0,0.0,0.0
1991-04-04,0.04,0.04,0.04,0.04,38761600.0,0.0,0.0
1991-04-05,0.04,0.04,0.04,0.04,12480000.0,0.0,0.0
1991-04-08,0.04,0.04,0.04,0.04,8614400.0,0.0,0.0
1991-04-09,0.04,0.04,0.04,0.04,16985600.0,0.0,0.0
1991-04-10,0.04,0.04,0.04,0.04,8675200.0,0.0,0.0
1991-04-11,0.04,0.04,0.04,0.04,12208000.0,0.0,0.0
1991-04-12,0.04,0.04,0.04,0.04,11347200.0,0.0,0.0
1991-04-15,0.04,0.04,0.04,0.04,6227200.0,0.0,0.0
1991-04-16,0.04,0.04,0.04,0.04,13731200.0,0.0,0.0
1991-04-17,0.04,0.04,0.04,0.04,20982400.0,0.0,0.0
1991-04-18,0.04,0.04,0.04,0.04,18585600.0,0.0,0.0
1991-04-19,0.04,0.04,0.04,0.04,9452800.0,0.0,0.0
1991-04-22,0.04,0.04,0.04,0.04,18380800.0,0.0,0.0
1991-04-23,0.04,0.04,0.04,0.04,12915200.0,0.0,0.0
1991-04-24,0.04,0.05,0.04,0.05,21104000.0,0.0,0.0
1991-04-25,0.05,0.05,0.04,0.04,12358400.0,0.0,0.0
1991-04-26,0.04,0.04,0.04,0.04,10288000.0,0.0,0.0
1991-04-29,0.04,0.04,0.04,0.04,6528000.0,0.0,0.0
1991-04-30,0.04,0.04,0.04,0.04,13481600.0,0.0,0.0
1991-05-01,0.04,0.04,0.04,0.04,12851200.0,0.0,0.0
1991-05-02,0.04,0.04,0.04,0.04,7744000.0,0.0,0.0
1991-05-03,0.04,0.04,0.04,0.04,7564800.0,0.0,0.0
1991-05-06,0.04,0.04,0.04,0.04,5430400.0,0.0,0.0
1991-05-07,0.04,0.04,0.04,0.04,8003200.0,0.0,0.0
1991-05-08,0.04,0.04,0.04,0.04,37308800.0,0.0,0.0
1991-05-09,0.04,0.04,0.04,0.04,20675200.0,0.0,0.0
1991-05-10,0.04,0.04,0.04,0.04,23433600.0,0.0,0.0
1991-05-13,0.04,0.04,0.04,0.04,11593600.0,0.0,0.0
1991-05-14,0.04,0.04,0.04,0.04,20208000.0,0.0,0.0
1991-05-15,0.04,0.04,0.04,0.04,21558400.0,0.0,0.0
1991-05-16,0.04,0.04,0.04,0.04,23462400.0,0.0,0.0
1991-05-17,0.04,0.04,0.04,0.04,29977600.0,0.0,0.0
1991-05-20,0.04,0.04,0.03,0.03,42400000.0,0.0,0.0
1991-05-21,0.03,0.04,0.03,0.04,25884800.0,0.0,0.0
1991-05-22,0.04,0.04,0.03,0.04,21315200.0,0.0,0.0
1991-05-23,0.04,0.04,0.04,0.04,20508800.0,0.0,0.0
1991-05-24,0.04,0.04,0.04,0.04,10083200.0,0.0,0.0
1991-05-28,0.04,0.04,0.04,0.04,15555200.0,0.0,0.0
1991-05-29,0.04,0.04,0.04,0.04,12358400.0,0.0,0.0
1991-05-30,0.04,0.04,0.03,0.03,18438400.0,0.0,0.0
1991-05-31,0.03,0.04,0.03,0.04,31040000.0,0.0,0.0
1991-06-03,0.04,0.04,0.04,0.04,33267200.0,0.0,0.0
1991-06-04,0.04,0.04,0.04,0.04,22611200.0,0.0,0.0
1991-06-05,0.04,0.04,0.04,0.04,20153600.0,0.0,0.0
1991-06-06,0.04,0.04,0.04,0.04,7916800.0,0.0,0.0
1991-06-07,0.04,0.04,0.04,0.04,10784000.0,0.0,0.0
1991-06-10,0.04,0.04,0.04,0.04,12102400.0,0.14,0.0
1991-06-11,0.04,0.04,0.04,0.04,16297600.0,0.0,0.0
1991-06-12,0.04,0.04,0.04,0.04,15676800.0,0.0,0.0
1991-06-13,0.04,0.04,0.04,0.04,14521600.0,0.0,0.0
1991-06-14,0.04,0.04,0.04,0.04,12883200.0,0.0,0.0
1991-06-17,0.04,0.04,0.04,0.04,4982400.0,0.0,0.0
1991-06-18,0.04,0.04,0.04,0.04,10691200.0,0.0,0.0
1991-06-19,0.04,0.04,0.04,0.04,13017600.0,0.0,0.0
1991-06-20,0.04,0.04,0.04,0.04,12896000.0,0.0,0.0
1991-06-21,0.04,0.04,0.04,0.04,9750400.0,0.0,0.0
1991-06-24,0.04,0.04,0.04,0.04,5820800.0,0.0,0.0
1991-06-25,0.04,0.04,0.04,0.04,7673600.0,0.0,0.0
1991-06-26,0.04,0.04,0.04,0.04,10432000.0,0.0,0.0
1991-06-27,0.04,0.04,0.04,0.04,18774400.0,0.0,0.0
1991-06-28,0.04,0.04,0.04,0.04,9606400.0,0.0,0.0
1991-07-01,0.04,0.04,0.04,0.04,8108800.0,0.0,0.0
1991-07-02,0.04,0.04,0.04,0.04,18524800.0,0.0,0.0
1991-07-03,0.04,0.04,0.04,0.04,23462400.0,0.0,0.0
1991-07-05,0.04,0.04,0.04,0.04,5430400.0,0.0,0.0
1991-07-08,0.04,0.04,0.04,0.04,20636800.0,0.0,0.0
1991-07-09,0.04,0.04,0.04,0.04,21952000.0,0.0,0.0
1991-07-10,0.04,0.04,0.04,0.04,56496000.0,0.0,0.0
1991-07-11,0.04,0.04,0.04,0.04,19299200.0,0.0,0.0
1991-07-12,0.04,0.04,0.04,0.04,14531200.0,0.0,0.0
1991-07-15,0.04,0.04,0.04,0.04,10092800.0,0.0,0.0
1991-07-16,0.04,0.04,0.04,0.04,14985600.0,0.0,0.0
1991-07-17,0.04,0.04,0.04,0.04,6985600.0,0.0,0.0
1991-07-18,0.04,0.04,0.04,0.04,10723200.0,0.0,0.0
1991-07-19,0.04,0.04,0.04,0.04,9344000.0,0.0,0.0
1991-07-22,0.04,0.04,0.04,0.04,11680000.0,0.0,0.0
1991-07-23,0.04,0.04,0.04,0.04,5603200.0,0.0,0.0
1991-07-24,0.04,0.04,0.04,0.04,6608000.0,0.0,0.0
1991-07-25,0.04,0.04,0.04,0.04,4396800.0,0.0,0.0
1991-07-26,0.04,0.04,0.04,0.04,2217600.0,0.0,0.0
1991-07-29,0.04,0.04,0.04,0.04,9849600.0,0.0,0.0
1991-07-30,0.04,0.04,0.04,0.04,9120000.0,0.0,0.0
1991-07-31,0.04,0.04,0.04,0.04,15628800.0,0.0,0.0
1991-08-01,0.04,0.05,0.04,0.05,19712000.0,0.0,0.0
1991-08-02,0.05,0.05,0.04,0.04,6230400.0,0.0,0.0
1991-08-05,0.04,0.04,0.04,0.04,7081600.0,0.0,0.0
1991-08-06,0.04,0.05,0.04,0.05,16633600.0,0.0,0.0
1991-08-07,0.05,0.05,0.04,0.04,9414400.0,0.0,0.0
1991-08-08,0.04,0.05,0.04,0.05,12441600.0,0.0,0.0
1991-08-09,0.05,0.05,0.05,0.05,6758400.0,0.0,0.0
1991-08-12,0.05,0.05,0.04,0.05,7612800.0,0.0,0.0
1991-08-13,0.05,0.05,0.05,0.05,29312000.0,0.0,0.0
1991-08-14,0.05,0.05,0.05,0.05,29894400.0,0.0,0.0
1991-08-15,0.05,0.05,0.05,0.05,23014400.0,0.0,0.0
1991-08-16,0.05,0.05,0.05,0.05,18835200.0,0.0,0.0
1991-08-19,0.05,0.05,0.04,0.05,24022400.0,0.0,0.0
1991-08-20,0.05,0.05,0.05,0.05,12748800.0,0.0,0.0
1991-08-21,0.05,0.05,0.05,0.05,14966400.0,0.0,0.0
1991-08-22,0.05,0.05,0.05,0.05,5744000.0,0.0,0.0
1991-08-23,0.05,0.05,0.05,0.05,12112000.0,0.0,0.0
1991-08-26,0.05,0.05,0.05,0.05,7648000.0,0.0,0.0
1991-08-27,0.05,0.05,0.05,0.05,6947200.0,0.0,0.0
1991-08-28,0.05,0.05,0.05,0.05,8640000.0,0.0,0.0
1991-08-29,0.05,0.05,0.05,0.05,6726400.0,0.0,0.0
1991-08-30,0.05,0.05,0.05,0.05,10681600.0,0.0,0.0
1991-09-03,0.05,0.05,0.05,0.05,23110400.0,0.0,0.0
1991-09-04,0.05,0.05,0.05,0.05,7020800.0,0.0,0.0
1991-09-05,0.05,0.05,0.05,0.05,5939200.0,0.0,0.0
1991-09-06,0.05,0.05,0.05,0.05,13139200.0,0.0,0.0
1991-09-09,0.06,0.06,0.05,0.05,2611200.0,0.14,0.0
1991-09-10,0.05,0.05,0.05,0.05,4054400.0,0.0,0.0
1991-09-11,0.05,0.05,0.05,0.05,5724800.0,0.0,0.0
1991-09-12,0.05,0.05,0.05,0.05,10809600.0,0.0,0.0
1991-09-13,0.05,0.06,0.05,0.05,8963200.0,0.0,0.0
1991-09-16,0.06,0.06,0.06,0.06,40179200.0,0.0,0.0
1991-09-17,0.06,0.06,0.06,0.06,16784000.0,0.0,0.0
1991-09-18,0.06,0.06,0.06,0.06,8633600.0,0.0,0.0
1991-09-19,0.06,0.06,0.06,0.06,11030400.0,0.0,0.0
1991-09-20,0.06,0.06,0.06,0.06,20880000.0,0.0,0.0
1991-09-23,0.06,0.06,0.06,0.06,7465600.0,0.0,0.0
1991-09-24,0.06,0.06,0.06,0.06,9033600.0,0.0,0.0
1991-09-25,0.06,0.06,0.06,0.06,14384000.0,0.0,0.0
1991-09-26,0.06,0.06,0.06,0.06,9097600.0,0.0,0.0
1991-09-27,0.06,0.06,0.06,0.06,8009600.0,0.0,0.0
1991-09-30,0.06,0.06,0.06,0.06,6700800.0,0.0,0.0
1991-10-01,0.06,0.06,0.06,0.06,15376000.0,0.0,0.0
1991-10-02,0.06,0.06,0.06,0.06,9417600.0,0.0,0.0
1991-10-03,0.06,0.06,0.06,0.06,16924800.0,0.0,0.0
1991-10-04,0.06,0.06,0.06,0.06,8784000.0,0.0,0.0
1991-10-07,0.06,0.06,0.06,0.06,4825600.0,0.0,0.0
1991-10-08,0.06,0.06,0.06,0.06,14281600.0,0.0,0.0
1991-10-09,0.06,0.06,0.06,0.06,20739200.0,0.0,0.0
1991-10-10,0.06,0.06,0.06,0.06,13225600.0,0.0,0.0
1991-10-11,0.06,0.06,0.06,0.06,10953600.0,0.0,0.0
1991-10-14,0.06,0.06,0.06,0.06,11372800.0,0.0,0.0
1991-10-15,0.06,0.06,0.06,0.06,10643200.0,0.0,0.0
1991-10-16,0.06,0.06,0.06,0.06,8483200.0,0.0,0.0
1991-10-17,0.06,0.06,0.06,0.06,24400000.0,0.0,0.0
1991-10-18,0.06,0.06,0.06,0.06,12758400.0,0.0,0.0
1991-10-21,0.06,0.06,0.06,0.06,7209600.0,0.0,0.0
1991-10-22,0.06,0.06,0.06,0.06,6841600.0,0.0,0.0
1991-10-23,0.06,0.06,0.06,0.06,5593600.0,0.0,0.0
1991-10-24,0.06,0.06,0.06,0.06,6316800.0,0.0,0.0
1991-10-25,0.06,0.06,0.06,0.06,4758400.0,0.0,0.0
1991-10-28,0.06,0.06,0.06,0.06,9382400.0,0.0,0.0
1991-10-29,0.06,0.06,0.06,0.06,7315200.0,0.0,0.0
1991-10-30,0.06,0.06,0.06,0.06,5363200.0,0.0,0.0
1991-10-31,0.06,0.06,0.06,0.06,10835200.0,0.0,0.0
1991-11-01,0.06,0.06,0.06,0.06,7296000.0,0.0,0.0
1991-11-04,0.06,0.06,0.06,0.06,8025600.0,0.0,0.0
1991-11-05,0.06,0.07,0.06,0.07,9788800.0,0.0,0.0
1991-11-06,0.07,0.07,0.06,0.06,8934400.0,0.0,0.0
1991-11-07,0.06,0.07,0.06,0.07,7977600.0,0.0,0.0
1991-11-08,0.07,0.07,0.07,0.07,11760000.0,0.0,0.0
1991-11-11,0.07,0.07,0.07,0.07,7968000.0,0.0,0.0
1991-11-12,0.07,0.07,0.07,0.07,17088000.0,0.0,0.0
1991-11-13,0.07,0.07,0.07,0.07,19635200.0,0.0,0.0
1991-11-14,0.07,0.07,0.07,0.07,14371200.0,0.0,0.0
1991-11-15,0.07,0.07,0.07,0.07,15104000.0,0.0,0.0
1991-11-18,0.07,0.07,0.06,0.07,13542400.0,0.0,0.0
1991-11-19,0.07,0.07,0.06,0.06,15472000.0,0.0,0.0
1991-11-20,0.06,0.06,0.06,0.06,7382400.0,0.0,0.0
1991-11-21,0.06,0.07,0.06,0.07,7788800.0,0.0,0.0
1991-11-22,0.07,0.07,0.07,0.07,7212800.0,0.0,0.0
1991-11-25,0.07,0.07,0.07,0.07,8297600.0,0.0,0.0
1991-11-26,0.07,0.07,0.06,0.07,10038400.0,0.0,0.0
1991-11-27,0.07,0.07,0.07,0.07,12582400.0,0.0,0.0
1991-11-29,0.07,0.07,0.07,0.07,2265600.0,0.0,0.0
1991-12-02,0.07,0.07,0.07,0.07,5907200.0,0.0,0.0
1991-12-03,0.07,0.07,0.07,0.07,10272000.0,0.0,0.0
1991-12-04,0.07,0.07,0.07,0.07,13692800.0,0.0,0.0
1991-12-05,0.07,0.07,0.06,0.06,5788800.0,0.0,0.0
1991-12-06,0.06,0.07,0.06,0.07,7564800.0,0.0,0.0
1991-12-09,0.07,0.07,0.07,0.07,3337600.0,0.1504,0.0
1991-12-10,0.07,0.07,0.07,0.07,4163200.0,0.0,0.0
1991-12-11,0.07,0.07,0.07,0.07,3872000.0,0.0,0.0
1991-12-12,0.07,0.07,0.07,0.07,7827200.0,0.0,0.0
1991-12-13,0.07,0.08,0.07,0.08,12809600.0,0.0,0.0
1991-12-16,0.08,0.08,0.08,0.08,15705600.0,0.0,0.0
1991-12-17,0.08,0.08,0.08,0.08,12998400.0,0.0,0.0
1991-12-18,0.08,0.08,0.08,0.08,10620800.0,0.0,0.0
1991-12-19,0.08,0.08,0.08,0.08,8598400.0,0.0,0.0
1991-12-20,0.08,0.08,0.08,0.08,8531200.0,0.0,0.0
1991-12-23,0.08,0.08,0.08,0.08,10908800.0,0.0,0.0
1991-12-24,0.08,0.08,0.08,0.08,7875200.0,0.0,0.0
1991-12-26,0.08,0.09,0.08,0.09,8822400.0,0.0,0.0
1991-12-27,0.09,0.09,0.09,0.09,8521600.0,0.0,0.0
1991-12-30,0.09,0.09,0.09,0.09,9644800.0,0.0,0.0
1991-12-31,0.09,0.09,0.09,0.09,12684800.0,0.0,0.0
1992-01-02,0.09,0.09,0.09,0.09,15763200.0,0.0,0.0
1992-01-03,0.09,0.09,0.09,0.09,8844800.0,0.0,0.0
1992-01-06,0.09,0.09,0.09,0.09,14140800.0,0.0,0.0
1992-01-07,0.09,0.09,0.09,0.09,8633600.0,0.0,0.0
1992-01-08,0.09,0.09,0.09,0.09,16582400.0,0.0,0.0
1992-01-09,0.09,0.09,0.09,0.09,5763200.0,0.0,0.0
1992-01-10,0.09,0.09,0.09,0.09,7152000.0,0.0,0.0
1992-01-13,0.09,0.09,0.09,0.09,6195200.0,0.0,0.0
1992-01-14,0.09,0.09,0.09,0.09,15520000.0,0.0,0.0
1992-01-15,0.09,0.1,0.09,0.09,19667200.0,0.0,0.0
1992-01-16,0.09,0.09,0.09,0.09,16854400.0,0.0,0.0
1992-01-17,0.09,0.09,0.09,0.09,12467200.0,0.0,0.0
1992-01-20,0.09,0.09,0.09,0.09,4140800.0,0.0,0.0
1992-01-21,0.09,0.09,0.09,0.09,6409600.0,0.0,0.0
1992-01-22,0.09,0.09,0.09,0.09,4528000.0,0.0,0.0
1992-01-23,0.09,0.09,0.09,0.09,5692800.0,0.0,0.0
1992-01-24,0.09,0.09,0.09,0.09,6822400.0,0.0,0.0
1992-01-27,0.09,0.09,0.09,0.09,7148800.0,0.0,0.0
1992-01-28,0.09,0.09,0.09,0.09,9292800.0,0.0,0.0
1992-01-29,0.09,0.09,0.09,0.09,8396800.0,0.0,0.0
1992-01-30,0.09,0.09,0.09,0.09,10102400.0,0.0,0.0
1992-01-31,0.09,0.09,0.09,0.09,7513600.0,0.0,0.0
1992-02-03,0.09,0.09,0.09,0.09,5088000.0,0.0,0.0
1992-02-04,0.09,0.09,0.09,0.09,5491200.0,0.0,0.0
1992-02-05,0.09,0.1,0.09,0.09,9948800.0,0.0,0.0
1992-02-06,0.09,0.09,0.09,0.09,5926400.0,0.0,0.0
1992-02-07,0.09,0.09,0.09,0.09,4534400.0,0.0,0.0
1992-02-10,0.09,0.09,0.09,0.09,4188800.0,0.0,0.0
1992-02-11,0.09,0.09,0.09,0.09,3715200.0,0.0,0.0
1992-02-12,0.09,0.09,0.09,0.09,4828800.0,0.0,0.0
1992-02-13,0.09,0.09,0.09,0.09,6966400.0,0.0,0.0
1992-02-14,0.09,0.09,0.09,0.09,4326400.0,0.0,0.0
1992-02-18,0.09,0.09,0.09,0.09,6870400.0,0.0,0.0
1992-02-19,0.09,0.09,0.09,0.09,8464000.0,0.0,0.0
1992-02-20,0.09,0.09,0.09,0.09,8678400.0,0.0,0.0
1992-02-21,0.09,0.09,0.08,0.09,14684800.0,0.0,0.0
1992-02-24,0.09,0.09,0.08,0.08,9360000.0,0.0,0.0
1992-02-25,0.08,0.09,0.08,0.09,7094400.0,0.0,0.0
1992-02-26,0.09,0.09,0.09,0.09,9235200.0,0.0,0.0
1992-02-27,0.09,0.09,0.09,0.09,7340800.0,0.0,0.0
1992-02-28,0.09,0.09,0.09,0.09,6886400.0,0.0,0.0
1992-03-02,0.09,0.09,0.09,0.09,5027200.0,0.0,0.0
1992-03-03,0.09,0.09,0.09,0.09,5814400.0,0.0,0.0
1992-03-04,0.09,0.09,0.09,0.09,3190400.0,0.0,0.0
1992-03-05,0.09,0.09,0.09,0.09,4172800.0,0.0,0.0
1992-03-06,0.09,0.09,0.09,0.09,6771200.0,0.0,0.0
1992-03-09,0.09,0.09,0.09,0.09,7305600.0,0.1504,0.0
1992-03-10,0.09,0.1,0.09,0.09,7216000.0,0.0,0.0
1992-03-11,0.09,0.1,0.09,0.09,9670400.0,0.0,0.0
1992-03-12,0.09,0.09,0.09,0.09,4944000.0,0.0,0.0
1992-03-13,0.09,0.1,0.09,0.1,10659200.0,0.0,0.0
1992-03-16,0.09,0.1,0.09,0.09,19014400.0,0.0,0.0
1992-03-17,0.09,0.09,0.09,0.09,13708800.0,0.0,0.0
1992-03-18,0.09,0.09,0.09,0.09,12054400.0,0.0,0.0
1992-03-19,0.09,0.09,0.09,0.09,12579200.0,0.0,0.0
1992-03-20,0.09,0.09,0.09,0.09,22268800.0,0.0,0.0
1992-03-23,0.09,0.09,0.09,0.09,4640000.0,0.0,0.0
1992-03-24,0.09,0.09,0.09,0.09,8156800.0,0.0,0.0
1992-03-25,0.09,0.09,0.09,0.09,8819200.0,0.0,0.0
1992-03-26,0.09,0.09,0.09,0.09,5094400.0,0.0,0.0
1992-03-27,0.09,0.09,0.09,0.09,5952000.0,0.0,0.0
1992-03-30,0.09,0.09,0.09,0.09,6272000.0,0.0,0.0
1992-03-31,0.09,0.09,0.09,0.09,4540800.0,0.0,0.0
1992-04-01,0.09,0.09,0.09,0.09,6313600.0,0.0,0.0
1992-04-02,0.09,0.09,0.09,0.09,7539200.0,0.0,0.0
1992-04-03,0.09,0.09,0.09,0.09,6412800.0,0.0,0.0
1992-04-06,0.09,0.09,0.09,0.09,6579200.0,0.0,0.0
1992-04-07,0.09,0.09,0.09,0.09,3523200.0,0.0,0.0
1992-04-08,0.09,0.09,0.08,0.09,11497600.0,0.0,0.0
1992-04-09,0.09,0.09,0.08,0.09,15660800.0,0.0,0.0
1992-04-10,0.09,0.09,0.09,0.09,12294400.0,0.0,0.0
1992-04-13,0.09,0.09,0.09,0.09,7977600.0,0.0,0.0
1992-04-14,0.09,0.09,0.09,0.09,11712000.0,0.0,0.0
1992-04-15,0.09,0.09,0.09,0.09,8364800.0,0.0,0.0
1992-04-16,0.09,0.09,0.09,0.09,7484800.0,0.0,0.0
1992-04-20,0.09,0.09,0.09,0.09,8252800.0,0.0,0.0
1992-04-21,0.09,0.09,0.09,0.09,9376000.0,0.0,0.0
1992-04-22,0.09,0.09,0.09,0.09,11718400.0,0.0,0.0
1992-04-23,0.09,0.09,0.09,0.09,10518400.0,0.0,0.0
1992-04-24,0.09,0.09,0.08,0.08,6832000.0,0.0,0.0
1992-04-27,0.08,0.08,0.08,0.08,38451200.0,0.0,0.0
1992-04-28,0.08,0.08,0.08,0.08,26294400.0,0.0,0.0
1992-04-29,0.08,0.08,0.08,0.08,20662400.0,0.0,0.0
1992-04-30,0.08,0.08,0.08,0.08,16624000.0,0.0,0.0
1992-05-01,0.08,0.08,0.08,0.08,15027200.0,0.0,0.0
1992-05-04,0.08,0.08,0.08,0.08,7100800.0,0.0,0.0
1992-05-05,0.08,0.08,0.08,0.08,11174400.0,0.0,0.0
1992-05-06,0.08,0.09,0.08,0.08,10393600.0,0.0,0.0
1992-05-07,0.08,0.08,0.08,0.08,6534400.0,0.0,0.0
1992-05-08,0.08,0.08,0.08,0.08,2864000.0,0.0,0.0
1992-05-11,0.08,0.09,0.08,0.09,5404800.0,0.0,0.0
1992-05-12,0.09,0.09,0.09,0.09,5913600.0,0.0,0.0
1992-05-13,0.09,0.09,0.09,0.09,5075200.0,0.0,0.0
1992-05-14,0.09,0.09,0.08,0.08,22124800.0,0.0,0.0
1992-05-15,0.08,0.08,0.08,0.08,33132800.0,0.0,0.0
1992-05-18,0.08,0.08,0.08,0.08,14204800.0,0.0,0.0
1992-05-19,0.08,0.08,0.08,0.08,6435200.0,0.0,0.0
1992-05-20,0.08,0.08,0.08,0.08,7859200.0,0.0,0.0
1992-05-21,0.08,0.08,0.08,0.08,9804800.0,0.0,0.0
1992-05-22,0.08,0.08,0.08,0.08,9564800.0,0.0,0.0
1992-05-26,0.08,0.08,0.08,0.08,8131200.0,0.0,0.0
1992-05-27,0.08,0.08,0.08,0.08,4742400.0,0.0,0.0
1992-05-28,0.08,0.08,0.07,0.08,15107200.0,0.0,0.0
1992-05-29,0.08,0.08,0.08,0.08,13379200.0,0.0,0.0
1992-06-01,0.08,0.08,0.08,0.08,11696000.0,0.0,0.0
1992-06-02,0.08,0.08,0.08,0.08,8064000.0,0.0,0.0
1992-06-03,0.08,0.08,0.08,0.08,7968000.0,0.0,0.0
1992-06-04,0.08,0.08,0.08,0.08,6950400.0,0.0,0.0
1992-06-05,0.07,0.07,0.07,0.07,19292800.0,0.0,0.0
1992-06-08,0.08,0.08,0.08,0.08,7008000.0,0.1504,0.0
1992-06-09,0.08,0.08,0.08,0.08,6323200.0,0.0,0.0
1992-06-10,0.08,0.08,0.08,0.08,5635200.0,0.0,0.0
1992-06-11,0.08,0.08,0.08,0.08,4588800.0,0.0,0.0
1992-06-12,0.08,0.08,0.08,0.08,5504000.0,0.0,0.0
1992-06-15,0.08,0.08,0.08,0.08,6928000.0,0.0,0.0
1992-06-16,0.08,0.08,0.08,0.08,5056000.0,0.0,0.0
1992-06-17,0.08,0.08,0.08,0.08,8892800.0,0.0,0.0
1992-06-18,0.08,0.08,0.08,0.08,6329600.0,0.0,0.0
1992-06-19,0.08,0.08,0.08,0.08,6678400.0,0.0,0.0
1992-06-22,0.08,0.08,0.08,0.08,3395200.0,0.0,0.0
1992-06-23,0.08,0.08,0.08,0.08,4307200.0,0.0,0.0
1992-06-24,0.08,0.08,0.08,0.08,10518400.0,0.0,0.0
1992-06-25,0.08,0.08,0.08,0.08,13132800.0,0.0,0.0
1992-06-26,0.08,0.09,0.08,0.09,9984000.0,0.0,0.0
1992-06-29,0.09,0.09,0.09,0.09,6950400.0,0.0,0.0
1992-06-30,0.09,0.09,0.09,0.09,7990400.0,0.0,0.0
1992-07-01,0.09,0.09,0.09,0.09,7200000.0,0.0,0.0
1992-07-02,0.09,0.09,0.09,0.09,10697600.0,0.0,0.0
1992-07-06,0.09,0.09,0.09,0.09,9187200.0,0.0,0.0
1992-07-07,0.09,0.09,0.09,0.09,10342400.0,0.0,0.0
1992-07-08,0.09,0.1,0.09,0.1,30691200.0,0.0,0.0
1992-07-09,0.09,0.1,0.09,0.09,10684800.0,0.0,0.0
1992-07-10,0.1,0.1,0.1,0.1,8153600.0,0.0,0.0
1992-07-13,0.1,0.1,0.1,0.1,7680000.0,0.0,0.0
1992-07-14,0.1,0.1,0.1,0.1,6537600.0,0.0,0.0
1992-07-15,0.1,0.1,0.1,0.1,3257600.0,0.0,0.0
1992-07-16,0.1,0.1,0.1,0.1,5648000.0,0.0,0.0
1992-07-17,0.1,0.1,0.1,0.1,6416000.0,0.0,0.0
1992-07-20,0.1,0.1,0.1,0.1,9376000.0,0.0,0.0
1992-07-21,0.1,0.1,0.1,0.1,8688000.0,0.0,0.0
1992-07-22,0.1,0.1,0.1,0.1,8649600.0,0.0,0.0
1992-07-23,0.1,0.1,0.1,0.1,4854400.0,0.0,0.0
1992-07-24,0.1,0.1,0.1,0.1,2832000.0,0.0,0.0
1992-07-27,0.1,0.1,0.1,0.1,3561600.0,0.0,0.0
1992-07-28,0.1,0.1,0.1,0.1,11209600.0,0.0,0.0
1992-07-29,0.1,0.1,0.1,0.1,18313600.0,0.0,0.0
1992-07-30,0.1,0.1,0.1,0.1,7296000.0,0.0,0.0
1992-07-31,0.1,0.1,0.1,0.1,8640000.0,0.0,0.0
1992-08-03,0.1,0.11,0.1,0.11,8745600.0,0.0,0.0
1992-08-04,0.1,0.1,0.1,0.1,11801600.0,0.0,0.0
1992-08-05,0.1,0.1,0.1,0.1,4793600.0,0.0,0.0
1992-08-06,0.1,0.1,0.1,0.1,2732800.0,0.0,0.0
1992-08-07,0.1,0.11,0.1,0.1,6985600.0,0.0,0.0
1992-08-10,0.1,0.1,0.1,0.1,2601600.0,0.0,0.0
1992-08-11,0.1,0.1,0.1,0.1,7292800.0,0.0,0.0
1992-08-12,0.1,0.1,0.1,0.1,4355200.0,0.0,0.0
1992-08-13,0.1,0.1,0.1,0.1,5974400.0,0.0,0.0
1992-08-14,0.1,0.1,0.1,0.1,3132800.0,0.0,0.0
1992-08-17,0.1,0.1,0.1,0.1,4857600.0,0.0,0.0
1992-08-18,0.1,0.1,0.1,0.1,5164800.0,0.0,0.0
1992-08-19,0.1,0.1,0.1,0.1,4409600.0,0.0,0.0
1992-08-20,0.1,0.1,0.1,0.1,4896000.0,0.0,0.0
1992-08-21,0.1,0.1,0.1,0.1,7734400.0,0.0,0.0
1992-08-24,0.1,0.1,0.1,0.1,4873600.0,0.0,0.0
1992-08-25,0.1,0.1,0.1,0.1,7952000.0,0.0,0.0
1992-08-26,0.1,0.1,0.1,0.1,2492800.0,0.0,0.0
1992-08-27,0.1,0.1,0.1,0.1,5478400.0,0.0,0.0
1992-08-28,0.1,0.1,0.1,0.1,5238400.0,0.0,0.0
1992-08-31,0.1,0.1,0.1,0.1,4412800.0,0.0,0.0
1992-09-01,0.1,0.1,0.1,0.1,2784000.0,0.0,0.0
1992-09-02,0.1,0.11,0.1,0.11,5564800.0,0.0,0.0
1992-09-03,0.11,0.11,0.1,0.1,7628800.0,0.0,0.0
1992-09-04,0.11,0.11,0.11,0.11,3097600.0,0.1504,0.0
1992-09-08,0.11,0.11,0.11,0.11,4780800.0,0.0,0.0
1992-09-09,0.11,0.11,0.11,0.11,4128000.0,0.0,0.0
1992-09-10,0.11,0.12,0.11,0.12,10275200.0,0.0,0.0
1992-09-11,0.11,0.12,0.11,0.12,8883200.0,0.0,0.0
1992-09-14,0.12,0.12,0.12,0.12,10275200.0,0.0,0.0
1992-09-15,0.12,0.12,0.12,0.12,7987200.0,0.0,0.0
1992-09-16,0.12,0.12,0.12,0.12,9996800.0,0.0,0.0
1992-09-17,0.12,0.12,0.12,0.12,6051200.0,0.0,0.0
1992-09-18,0.12,0.12,0.12,0.12,7996800.0,0.0,0.0
1992-09-21,0.11,0.12,0.11,0.12,28131200.0,0.0,0.0
1992-09-22,0.12,0.12,0.12,0.12,7206400.0,0.0,0.0
1992-09-23,0.12,0.12,0.12,0.12,20355200.0,0.0,0.0
1992-09-24,0.12,0.12,0.12,0.12,5980800.0,0.0,0.0
1992-09-25,0.12,0.12,0.12,0.12,7430400.0,0.0,0.0
1992-09-28,0.12,0.12,0.12,0.12,2057600.0,0.0,0.0
1992-09-29,0.12,0.12,0.12,0.12,10358400.0,0.0,0.0
1992-09-30,0.12,0.12,0.12,0.12,14739200.0,0.0,0.0
1992-10-01,0.12,0.12,0.12,0.12,11369600.0,0.0,0.0
1992-10-02,0.12,0.12,0.12,0.12,5929600.0,0.0,0.0
1992-10-05,0.12,0.12,0.11,0.12,13395200.0,0.0,0.0
1992-10-06,0.12,0.12,0.12,0.12,6844800.0,0.0,0.0
1992-10-07,0.12,0.12,0.12,0.12,10435200.0,0.0,0.0
1992-10-08,0.12,0.12,0.12,0.12,12182400.0,0.0,0.0
1992-10-09,0.12,0.12,0.12,0.12,5680000.0,0.0,0.0
1992-10-12,0.12,0.12,0.12,0.12,9404800.0,0.0,0.0
1992-10-13,0.12,0.12,0.12,0.12,7904000.0,0.0,0.0
1992-10-14,0.12,0.12,0.12,0.12,5664000.0,0.0,0.0
1992-10-15,0.12,0.12,0.12,0.12,16176000.0,0.0,0.0
1992-10-16,0.12,0.12,0.12,0.12,9296000.0,0.0,0.0
1992-10-19,0.12,0.12,0.12,0.12,5043200.0,0.0,0.0
1992-10-20,0.12,0.12,0.12,0.12,7020800.0,0.0,0.0
1992-10-21,0.12,0.12,0.12,0.12,3776000.0,0.0,0.0
1992-10-22,0.12,0.12,0.12,0.12,3097600.0,0.0,0.0
1992-10-23,0.12,0.12,0.12,0.12,3574400.0,0.0,0.0
1992-10-26,0.12,0.12,0.12,0.12,2323200.0,0.0,0.0
1992-10-27,0.12,0.12,0.12,0.12,10851200.0,0.0,0.0
1992-10-28,0.12,0.12,0.12,0.12,6284800.0,0.0,0.0
1992-10-29,0.12,0.12,0.12,0.12,3510400.0,0.0,0.0
1992-10-30,0.12,0.12,0.12,0.12,5244800.0,0.0,0.0
1992-11-02,0.12,0.12,0.12,0.12,9644800.0,0.0,0.0
1992-11-03,0.12,0.13,0.12,0.13,13856000.0,0.0,0.0
1992-11-04,0.13,0.13,0.13,0.13,5734400.0,0.0,0.0
1992-11-05,0.13,0.13,0.12,0.12,2780800.0,0.0,0.0
1992-11-06,0.12,0.13,0.12,0.13,11651200.0,0.0,0.0
1992-11-09,0.13,0.13,0.13,0.13,5008000.0,0.0,0.0
1992-11-10,0.13,0.13,0.13,0.13,4326400.0,0.0,0.0
1992-11-11,0.13,0.13,0.13,0.13,13443200.0,0.0,0.0
1992-11-12,0.13,0.13,0.13,0.13,3862400.0,0.0,0.0
1992-11-13,0.13,0.13,0.13,0.13,12585600.0,0.0,0.0
1992-11-16,0.13,0.13,0.13,0.13,5804800.0,0.0,0.0
1992-11-17,0.13,0.13,0.13,0.13,11488000.0,0.0,0.0
1992-11-18,0.13,0.14,0.13,0.13,11152000.0,0.0,0.0
1992-11-19,0.13,0.13,0.13,0.13,5312000.0,0.0,0.0
1992-11-20,0.14,0.14,0.13,0.14,6332800.0,0.0,0.0
1992-11-23,0.14,0.14,0.13,0.14,5059200.0,0.0,0.0
1992-11-24,0.14,0.14,0.14,0.14,8896000.0,0.0,0.0
1992-11-25,0.14,0.14,0.13,0.13,7142400.0,0.0,0.0
1992-11-27,0.13,0.14,0.13,0.14,4377600.0,0.0,0.0
1992-11-30,0.13,0.13,0.13,0.13,10348800.0,0.0,0.0
1992-12-01,0.13,0.13,0.13,0.13,6924800.0,0.0,0.0
1992-12-02,0.13,0.13,0.13,0.13,9820800.0,0.0,0.0
1992-12-03,0.13,0.13,0.13,0.13,9136000.0,0.0,0.0
1992-12-04,0.13,0.13,0.13,0.13,8454400.0,0.0,0.0
1992-12-07,0.14,0.14,0.14,0.14,7452800.0,0.2,0.0
1992-12-08,0.14,0.14,0.14,0.14,9948800.0,0.0,0.0
1992-12-09,0.14,0.14,0.14,0.14,18304000.0,0.0,0.0
1992-12-10,0.14,0.15,0.14,0.14,7580800.0,0.0,0.0
1992-12-11,0.14,0.15,0.14,0.15,2979200.0,0.0,0.0
1992-12-14,0.15,0.15,0.14,0.15,7516800.0,0.0,0.0
1992-12-15,0.15,0.15,0.15,0.15,9872000.0,0.0,0.0
1992-12-16,0.15,0.15,0.15,0.15,7526400.0,0.0,0.0
1992-12-17,0.15,0.15,0.15,0.15,11539200.0,0.0,0.0
1992-12-18,0.15,0.15,0.15,0.15,14492800.0,0.0,0.0
1992-12-21,0.15,0.15,0.14,0.14,6566400.0,0.0,0.0
1992-12-22,0.14,0.14,0.14,0.14,8860800.0,0.0,0.0
1992-12-23,0.14,0.14,0.14,0.14,9075200.0,0.0,0.0
1992-12-24,0.14,0.14,0.14,0.14,4822400.0,0.0,0.0
1992-12-28,0.14,0.14,0.14,0.14,9424000.0,0.0,0.0
1992-12-29,0.14,0.14,0.14,0.14,7084800.0,0.0,0.0
1992-12-30,0.14,0.14,0.14,0.14,5436800.0,0.0,0.0
1992-12-31,0.14,0.14,0.14,0.14,5056000.0,0.0,0.0
1993-01-04,0.14,0.14,0.14,0.14,6156800.0,0.0,0.0
1993-01-05,0.14,0.14,0.14,0.14,5926400.0,0.0,0.0
1993-01-06,0.14,0.14,0.13,0.14,11753600.0,0.0,0.0
1993-01-07,0.14,0.14,0.14,0.14,7113600.0,0.0,0.0
1993-01-08,0.14,0.14,0.13,0.13,16147200.0,0.0,0.0
1993-01-11,0.13,0.14,0.13,0.14,4918400.0,0.0,0.0
1993-01-12,0.14,0.14,0.13,0.13,8809600.0,0.0,0.0
1993-01-13,0.13,0.14,0.13,0.14,6844800.0,0.0,0.0
1993-01-14,0.14,0.14,0.14,0.14,14588800.0,0.0,0.0
1993-01-15,0.15,0.15,0.14,0.14,9603200.0,0.0,0.0
1993-01-18,0.14,0.14,0.14,0.14,4985600.0,0.0,0.0
1993-01-19,0.14,0.14,0.14,0.14,8905600.0,0.0,0.0
1993-01-20,0.14,0.14,0.14,0.14,9222400.0,0.0,0.0
1993-01-21,0.14,0.14,0.14,0.14,8016000.0,0.0,0.0
1993-01-22,0.14,0.14,0.14,0.14,5116800.0,0.0,0.0
1993-01-25,0.14,0.14,0.14,0.14,4179200.0,0.0,0.0
1993-01-26,0.14,0.14,0.14,0.14,4668800.0,0.0,0.0
1993-01-27,0.14,0.14,0.13,0.13,5916800.0,0.0,0.0
1993-01-28,0.14,0.14,0.13,0.14,17318400.0,0.0,0.0
1993-01-29,0.14,0.14,0.13,0.14,3747200.0,0.0,0.0
1993-02-01,0.14,0.14,0.14,0.14,6809600.0,0.0,0.0
1993-02-02,0.14,0.14,0.14,0.14,4208000.0,0.0,0.0
1993-02-03,0.14,0.14,0.14,0.14,5817600.0,0.0,0.0
1993-02-04,0.14,0.15,0.14,0.15,8329600.0,0.0,0.0
1993-02-05,0.15,0.15,0.14,0.14,12684800.0,0.0,0.0
1993-02-08,0.14,0.14,0.14,0.14,12316800.0,0.0,0.0
1993-02-09,0.13,0.14,0.13,0.14,10928000.0,0.0,0.0
1993-02-10,0.14,0.14,0.13,0.14,13228800.0,0.0,0.0
1993-02-11,0.14,0.14,0.14,0.14,5120000.0,0.0,0.0
1993-02-12,0.14,0.14,0.14,0.14,5904000.0,0.0,0.0
1993-02-16,0.12,0.12,0.12,0.12,36390400.0,0.0,0.0
1993-02-17,0.12,0.13,0.12,0.12,23968000.0,0.0,0.0
1993-02-18,0.12,0.12,0.12,0.12,14636800.0,0.0,0.0
1993-02-19,0.12,0.12,0.12,0.12,9024000.0,0.0,0.0
1993-02-22,0.12,0.12,0.11,0.11,13878400.0,0.0,0.0
1993-02-23,0.11,0.12,0.11,0.12,29548800.0,0.0,0.0
1993-02-24,0.12,0.12,0.12,0.12,13801600.0,0.0,0.0
1993-02-25,0.12,0.12,0.12,0.12,7836800.0,0.0,0.0
1993-02-26,0.12,0.12,0.12,0.12,8534400.0,0.0,0.0
1993-03-01,0.12,0.12,0.12,0.12,8412800.0,0.0,0.0
1993-03-02,0.12,0.13,0.12,0.13,11456000.0,0.0,0.0
1993-03-03,0.13,0.13,0.12,0.12,12224000.0,0.0,0.0
1993-03-04,0.12,0.12,0.12,0.12,17318400.0,0.0,0.0
1993-03-05,0.12,0.12,0.12,0.12,11667200.0,0.0,0.0
1993-03-08,0.13,0.13,0.13,0.13,9881600.0,0.2,0.0
1993-03-09,0.13,0.14,0.13,0.13,15907200.0,0.0,0.0
1993-03-10,0.13,0.14,0.13,0.14,7980800.0,0.0,0.0
1993-03-11,0.14,0.14,0.13,0.13,6822400.0,0.0,0.0
1993-03-12,0.13,0.13,0.13,0.13,8912000.0,0.0,0.0
1993-03-15,0.13,0.14,0.13,0.14,21446400.0,0.0,0.0
1993-03-16,0.14,0.14,0.14,0.14,11984000.0,0.0,0.0
1993-03-17,0.14,0.14,0.14,0.14,5916800.0,0.0,0.0
1993-03-18,0.14,0.14,0.14,0.14,4624000.0,0.0,0.0
1993-03-19,0.14,0.14,0.14,0.14,5798400.0,0.0,0.0
1993-03-22,0.14,0.14,0.14,0.14,4806400.0,0.0,0.0
1993-03-23,0.14,0.14,0.14,0.14,4649600.0,0.0,0.0
1993-03-24,0.14,0.14,0.14,0.14,5446400.0,0.0,0.0
1993-03-25,0.14,0.15,0.14,0.14,6825600.0,0.0,0.0
1993-03-26,0.14,0.14,0.14,0.14,6950400.0,0.0,0.0
1993-03-29,0.14,0.14,0.14,0.14,3836800.0,0.0,0.0
1993-03-30,0.14,0.14,0.14,0.14,2896000.0,0.0,0.0
1993-03-31,0.14,0.14,0.14,0.14,5244800.0,0.0,0.0
1993-04-01,0.14,0.14,0.14,0.14,6752000.0,0.0,0.0
1993-04-02,0.14,0.14,0.14,0.14,11849600.0,0.0,0.0
1993-04-05,0.14,0.14,0.13,0.13,10230400.0,0.0,0.0
1993-04-06,0.13,0.14,0.13,0.13,14787200.0,0.0,0.0
1993-04-07,0.13,0.13,0.13,0.13,12240000.0,0.0,0.0
1993-04-08,0.13,0.13,0.13,0.13,8265600.0,0.0,0.0
1993-04-12,0.13,0.14,0.13,0.13,4521600.0,0.0,0.0
1993-04-13,0.14,0.14,0.14,0.14,8940800.0,0.0,0.0
1993-04-14,0.14,0.14,0.13,0.13,3686400.0,0.0,0.0
1993-04-15,0.14,0.14,0.13,0.13,4144000.0,0.0,0.0
1993-04-16,0.14,0.14,0.13,0.13,4291200.0,0.0,0.0
1993-04-19,0.13,0.13,0.13,0.13,11875200.0,0.0,0.0
1993-04-20,0.13,0.13,0.13,0.13,8035200.0,0.0,0.0
1993-04-21,0.13,0.13,0.13,0.13,7241600.0,0.0,0.0
1993-04-22,0.13,0.13,0.13,0.13,8694400.0,0.0,0.0
1993-04-23,0.13,0.13,0.13,0.13,8992000.0,0.0,0.0
1993-04-26,0.13,0.13,0.13,0.13,6748800.0,0.0,0.0
1993-04-27,0.13,0.13,0.13,0.13,5824000.0,0.0,0.0
1993-04-28,0.13,0.13,0.13,0.13,14668800.0,0.0,0.0
1993-04-29,0.13,0.13,0.13,0.13,13788800.0,0.0,0.0
1993-04-30,0.13,0.13,0.12,0.13,13961600.0,0.0,0.0
1993-05-03,0.13,0.13,0.13,0.13,13769600.0,0.0,0.0
1993-05-04,0.13,0.13,0.13,0.13,12643200.0,0.0,0.0
1993-05-05,0.13,0.13,0.13,0.13,11910400.0,0.0,0.0
1993-05-06,0.13,0.13,0.13,0.13,7843200.0,0.0,0.0
1993-05-07,0.13,0.13,0.13,0.13,7942400.0,0.0,0.0
1993-05-10,0.13,0.13,0.13,0.13,10384000.0,0.0,0.0
1993-05-11,0.13,0.14,0.13,0.14,6723200.0,0.0,0.0
1993-05-12,0.13,0.14,0.13,0.14,7273600.0,0.0,0.0
1993-05-13,0.14,0.14,0.13,0.13,5593600.0,0.0,0.0
1993-05-14,0.13,0.13,0.13,0.13,2588800.0,0.0,0.0
1993-05-17,0.13,0.14,0.13,0.13,3315200.0,0.0,0.0
1993-05-18,0.14,0.14,0.14,0.14,7689600.0,0.0,0.0
1993-05-19,0.14,0.14,0.14,0.14,10640000.0,0.0,0.0
1993-05-20,0.14,0.14,0.14,0.14,6467200.0,0.0,0.0
1993-05-21,0.14,0.14,0.13,0.13,16688000.0,0.0,0.0
1993-05-24,0.13,0.14,0.13,0.14,16886400.0,0.0,0.0
1993-05-25,0.14,0.14,0.13,0.14,4883200.0,0.0,0.0
1993-05-26,0.14,0.14,0.14,0.14,6643200.0,0.0,0.0
1993-05-27,0.14,0.14,0.14,0.14,6870400.0,0.0,0.0
1993-05-28,0.14,0.14,0.13,0.13,11996800.0,0.0,0.0
1993-06-01,0.13,0.14,0.13,0.14,5776000.0,0.0,0.0
1993-06-02,0.14,0.14,0.13,0.13,4419200.0,0.0,0.0
1993-06-03,0.13,0.13,0.13,0.13,3900800.0,0.0,0.0
1993-06-04,0.13,0.13,0.13,0.13,8038400.0,0.0,0.0
1993-06-07,0.14,0.14,0.14,0.14,8892800.0,0.2,0.0
1993-06-08,0.14,0.14,0.14,0.14,11404800.0,0.0,0.0
1993-06-09,0.14,0.14,0.14,0.14,13107200.0,0.0,0.0
1993-06-10,0.14,0.14,0.14,0.14,11987200.0,0.0,0.0
1993-06-11,0.14,0.14,0.13,0.14,28854400.0,0.0,0.0
1993-06-14,0.14,0.14,0.14,0.14,4627200.0,0.0,0.0
1993-06-15,0.14,0.14,0.13,0.13,24918400.0,0.0,0.0
1993-06-16,0.13,0.14,0.13,0.14,7708800.0,0.0,0.0
1993-06-17,0.14,0.14,0.13,0.13,7878400.0,0.0,0.0
1993-06-18,0.14,0.14,0.12,0.12,8572800.0,0.0,0.0
1993-06-21,0.12,0.12,0.11,0.12,54364800.0,0.0,0.0
1993-06-22,0.12,0.12,0.11,0.11,27552000.0,0.0,0.0
1993-06-23,0.12,0.12,0.11,0.11,29539200.0,0.0,0.0
1993-06-24,0.11,0.11,0.11,0.11,27225600.0,0.0,0.0
1993-06-25,0.11,0.11,0.11,0.11,18480000.0,0.0,0.0
1993-06-28,0.11,0.12,0.11,0.11,17068800.0,0.0,0.0
1993-06-29,0.11,0.11,0.11,0.11,16860800.0,0.0,0.0
1993-06-30,0.11,0.11,0.11,0.11,10057600.0,0.0,0.0
1993-07-01,0.11,0.11,0.11,0.11,11625600.0,0.0,0.0
1993-07-02,0.11,0.11,0.11,0.11,15865600.0,0.0,0.0
1993-07-06,0.11,0.11,0.11,0.11,14652800.0,0.0,0.0
1993-07-07,0.11,0.11,0.11,0.11,10361600.0,0.0,0.0
1993-07-08,0.11,0.11,0.11,0.11,45040000.0,0.0,0.0
1993-07-09,0.11,0.11,0.11,0.11,28099200.0,0.0,0.0
1993-07-12,0.11,0.11,0.11,0.11,13132800.0,0.0,0.0
1993-07-13,0.11,0.11,0.11,0.11,11280000.0,0.0,0.0
1993-07-14,0.11,0.12,0.11,0.11,16777600.0,0.0,0.0
1993-07-15,0.12,0.12,0.11,0.12,12032000.0,0.0,0.0
1993-07-16,0.12,0.12,0.12,0.12,8176000.0,0.0,0.0
1993-07-19,0.12,0.12,0.11,0.11,7379200.0,0.0,0.0
1993-07-20,0.11,0.11,0.11,0.11,11219200.0,0.0,0.0
1993-07-21,0.11,0.11,0.11,0.11,7609600.0,0.0,0.0
1993-07-22,0.11,0.11,0.11,0.11,5593600.0,0.0,0.0
1993-07-23,0.11,0.11,0.11,0.11,15219200.0,0.0,0.0
1993-07-26,0.11,0.11,0.11,0.11,8732800.0,0.0,0.0
1993-07-27,0.11,0.11,0.11,0.11,7948800.0,0.0,0.0
1993-07-28,0.11,0.11,0.11,0.11,7952000.0,0.0,0.0
1993-07-29,0.11,0.11,0.11,0.11,6339200.0,0.0,0.0
1993-07-30,0.11,0.11,0.11,0.11,4646400.0,0.0,0.0
1993-08-02,0.11,0.11,0.11,0.11,4809600.0,0.0,0.0
1993-08-03,0.11,0.12,0.11,0.11,8576000.0,0.0,0.0
1993-08-04,0.11,0.11,0.11,0.11,3587200.0,0.0,0.0
1993-08-05,0.11,0.11,0.11,0.11,5968000.0,0.0,0.0
1993-08-06,0.11,0.11,0.11,0.11,4272000.0,0.0,0.0
1993-08-09,0.11,0.11,0.11,0.11,3145600.0,0.0,0.0
1993-08-10,0.11,0.11,0.11,0.11,10371200.0,0.0,0.0
1993-08-11,0.11,0.11,0.1,0.1,37622400.0,0.0,0.0
1993-08-12,0.1,0.1,0.1,0.1,17628800.0,0.0,0.0
1993-08-13,0.1,0.11,0.1,0.11,13424000.0,0.0,0.0
1993-08-16,0.11,0.11,0.11,0.11,11756800.0,0.0,0.0
1993-08-17,0.11,0.11,0.11,0.11,8044800.0,0.0,0.0
1993-08-18,0.11,0.11,0.11,0.11,14246400.0,0.0,0.0
1993-08-19,0.11,0.11,0.1,0.11,12582400.0,0.0,0.0
1993-08-20,0.11,0.11,0.11,0.11,9683200.0,0.0,0.0
1993-08-23,0.11,0.11,0.11,0.11,8585600.0,0.0,0.0
1993-08-24,0.11,0.11,0.11,0.11,7072000.0,0.0,0.0
1993-08-25,0.11,0.11,0.11,0.11,10630400.0,0.0,0.0
1993-08-26,0.11,0.11,0.11,0.11,5827200.0,0.0,0.0
1993-08-27,0.11,0.11,0.11,0.11,11590400.0,0.0,0.0
1993-08-30,0.11,0.11,0.1,0.11,8121600.0,0.0,0.0
1993-08-31,0.11,0.11,0.11,0.11,6467200.0,0.0,0.0
1993-09-01,0.11,0.11,0.11,0.11,12380800.0,0.0,0.0
1993-09-02,0.11,0.11,0.11,0.11,10256000.0,0.0,0.0
1993-09-03,0.12,0.12,0.12,0.12,10185600.0,0.2,0.0
1993-09-07,0.12,0.12,0.12,0.12,9145600.0,0.0,0.0
1993-09-08,0.12,0.12,0.12,0.12,12192000.0,0.0,0.0
1993-09-09,0.12,0.12,0.12,0.12,6588800.0,0.0,0.0
1993-09-10,0.12,0.12,0.12,0.12,13158400.0,0.0,0.0
1993-09-13,0.12,0.12,0.12,0.12,10393600.0,0.0,0.0
1993-09-14,0.12,0.12,0.11,0.11,26412800.0,0.0,0.0
1993-09-15,0.11,0.11,0.11,0.11,27068800.0,0.0,0.0
1993-09-16,0.11,0.11,0.11,0.11,32707200.0,0.0,0.0
1993-09-17,0.11,0.11,0.11,0.11,20249600.0,0.0,0.0
1993-09-20,0.1,0.11,0.1,0.11,37952000.0,0.0,0.0
1993-09-21,0.1,0.1,0.1,0.1,33369600.0,0.0,0.0
1993-09-22,0.1,0.1,0.1,0.1,22444800.0,0.0,0.0
1993-09-23,0.1,0.11,0.1,0.11,13040000.0,0.0,0.0
1993-09-24,0.11,0.11,0.11,0.11,10928000.0,0.0,0.0
1993-09-27,0.11,0.11,0.11,0.11,7129600.0,0.0,0.0
1993-09-28,0.11,0.11,0.11,0.11,14150400.0,0.0,0.0
1993-09-29,0.11,0.11,0.1,0.1,17024000.0,0.0,0.0
1993-09-30,0.1,0.1,0.1,0.1,8732800.0,0.0,0.0
1993-10-01,0.1,0.1,0.1,0.1,6819200.0,0.0,0.0
1993-10-04,0.1,0.11,0.1,0.11,10230400.0,0.0,0.0
1993-10-05,0.11,0.11,0.1,0.11,14649600.0,0.0,0.0
1993-10-06,0.1,0.1,0.1,0.1,20089600.0,0.0,0.0
1993-10-07,0.1,0.1,0.1,0.1,13200000.0,0.0,0.0
1993-10-08,0.1,0.1,0.1,0.1,11705600.0,0.0,0.0
1993-10-11,0.1,0.11,0.1,0.11,14208000.0,0.0,0.0
1993-10-12,0.11,0.11,0.1,0.1,13497600.0,0.0,0.0
1993-10-13,0.1,0.1,0.1,0.1,8124800.0,0.0,0.0
1993-10-14,0.1,0.11,0.1,0.11,12710400.0,0.0,0.0
1993-10-15,0.11,0.11,0.11,0.11,26502400.0,0.0,0.0
1993-10-18,0.11,0.11,0.11,0.11,8188800.0,0.0,0.0
1993-10-19,0.11,0.11,0.11,0.11,12675200.0,0.0,0.0
1993-10-20,0.11,0.11,0.11,0.11,8089600.0,0.0,0.0
1993-10-21,0.11,0.11,0.11,0.11,7968000.0,0.0,0.0
1993-10-22,0.11,0.11,0.11,0.11,7568000.0,0.0,0.0
1993-10-25,0.11,0.11,0.1,0.11,14563200.0,0.0,0.0
1993-10-26,0.11,0.11,0.11,0.11,9113600.0,0.0,0.0
1993-10-27,0.11,0.11,0.11,0.11,8624000.0,0.0,0.0
1993-10-28,0.11,0.11,0.11,0.11,7548800.0,0.0,0.0
1993-10-29,0.11,0.11,0.11,0.11,7942400.0,0.0,0.0
1993-11-01,0.11,0.12,0.11,0.12,20416000.0,0.0,0.0
1993-11-02,0.12,0.12,0.12,0.12,25097600.0,0.0,0.0
1993-11-03,0.12,0.12,0.12,0.12,15280000.0,0.0,0.0
1993-11-04,0.12,0.12,0.12,0.12,12627200.0,0.0,0.0
1993-11-05,0.12,0.12,0.12,0.12,10425600.0,0.0,0.0
1993-11-08,0.12,0.12,0.12,0.12,7676800.0,0.0,0.0
1993-11-09,0.12,0.12,0.12,0.12,11840000.0,0.0,0.0
1993-11-10,0.12,0.12,0.12,0.12,21574400.0,0.0,0.0
1993-11-11,0.12,0.12,0.12,0.12,8281600.0,0.0,0.0
1993-11-12,0.12,0.12,0.11,0.12,12224000.0,0.0,0.0
1993-11-15,0.12,0.12,0.11,0.11,20540800.0,0.0,0.0
1993-11-16,0.11,0.12,0.11,0.12,10534400.0,0.0,0.0
1993-11-17,0.12,0.12,0.11,0.11,7484800.0,0.0,0.0
1993-11-18,0.11,0.11,0.11,0.11,5427200.0,0.0,0.0
1993-11-19,0.11,0.12,0.11,0.12,8044800.0,0.0,0.0
1993-11-22,0.11,0.12,0.11,0.12,7024000.0,0.0,0.0
1993-11-23,0.12,0.12,0.11,0.11,8028800.0,0.0,0.0
1993-11-24,0.11,0.11,0.11,0.11,5184000.0,0.0,0.0
1993-11-26,0.11,0.11,0.11,0.11,3152000.0,0.0,0.0
1993-11-29,0.11,0.11,0.11,0.11,6172800.0,0.0,0.0
1993-11-30,0.11,0.11,0.11,0.11,7219200.0,0.0,0.0
1993-12-01,0.11,0.11,0.11,0.11,8467200.0,0.0,0.0
1993-12-02,0.11,0.11,0.11,0.11,5350400.0,0.0,0.0
1993-12-03,0.11,0.11,0.11,0.11,5523200.0,0.0,0.0
1993-12-06,0.13,0.13,0.12,0.13,7222400.0,0.2,0.0
1993-12-07,0.12,0.12,0.12,0.12,25910400.0,0.0,0.0
1993-12-08,0.12,0.12,0.12,0.12,8720000.0,0.0,0.0
1993-12-09,0.12,0.13,0.12,0.12,16243200.0,0.0,0.0
1993-12-10,0.12,0.12,0.12,0.12,22697600.0,0.0,0.0
1993-12-13,0.12,0.12,0.12,0.12,17510400.0,0.0,0.0
1993-12-14,0.12,0.12,0.12,0.12,20620800.0,0.0,0.0
1993-12-15,0.12,0.12,0.12,0.12,19369600.0,0.0,0.0
1993-12-16,0.12,0.12,0.12,0.12,17475200.0,0.0,0.0
1993-12-17,0.12,0.12,0.12,0.12,26435200.0,0.0,0.0
1993-12-20,0.12,0.12,0.12,0.12,19449600.0,0.0,0.0
1993-12-21,0.12,0.12,0.11,0.11,43536000.0,0.0,0.0
1993-12-22,0.11,0.12,0.11,0.12,16873600.0,0.0,0.0
1993-12-23,0.12,0.12,0.12,0.12,14784000.0,0.0,0.0
1993-12-27,0.12,0.12,0.12,0.12,6000000.0,0.0,0.0
1993-12-28,0.12,0.12,0.12,0.12,7324800.0,0.0,0.0
1993-12-29,0.12,0.12,0.12,0.12,10572800.0,0.0,0.0
1993-12-30,0.12,0.12,0.12,0.12,8812800.0,0.0,0.0
1993-12-31,0.12,0.12,0.12,0.12,6028800.0,0.0,0.0
1994-01-03,0.12,0.12,0.12,0.12,11939200.0,0.0,0.0
1994-01-04,0.12,0.13,0.12,0.13,26793600.0,0.0,0.0
1994-01-05,0.13,0.13,0.13,0.13,12774400.0,0.0,0.0
1994-01-06,0.13,0.13,0.13,0.13,10876800.0,0.0,0.0
1994-01-07,0.13,0.13,0.13,0.13,15024000.0,0.0,0.0
1994-01-10,0.13,0.13,0.13,0.13,14230400.0,0.0,0.0
1994-01-11,0.13,0.13,0.13,0.13,13478400.0,0.0,0.0
1994-01-12,0.13,0.14,0.13,0.14,22896000.0,0.0,0.0
1994-01-13,0.13,0.14,0.13,0.14,24307200.0,0.0,0.0
1994-01-14,0.14,0.14,0.14,0.14,14966400.0,0.0,0.0
1994-01-17,0.14,0.14,0.14,0.14,11577600.0,0.0,0.0
1994-01-18,0.14,0.14,0.14,0.14,17225600.0,0.0,0.0
1994-01-19,0.14,0.14,0.13,0.14,14025600.0,0.0,0.0
1994-01-20,0.14,0.14,0.13,0.14,10137600.0,0.0,0.0
1994-01-21,0.14,0.14,0.14,0.14,6252800.0,0.0,0.0
1994-01-24,0.14,0.14,0.14,0.14,4675200.0,0.0,0.0
1994-01-25,0.14,0.14,0.13,0.13,4905600.0,0.0,0.0
1994-01-26,0.13,0.14,0.13,0.13,3974400.0,0.0,0.0
1994-01-27,0.13,0.13,0.13,0.13,7888000.0,0.0,0.0
1994-01-28,0.13,0.13,0.13,0.13,6838400.0,0.0,0.0
1994-01-31,0.13,0.14,0.13,0.13,13142400.0,0.0,0.0
1994-02-01,0.13,0.13,0.13,0.13,5737600.0,0.0,0.0
1994-02-02,0.13,0.14,0.13,0.13,12259200.0,0.0,0.0
1994-02-03,0.13,0.13,0.13,0.13,7142400.0,0.0,0.0
1994-02-04,0.13,0.14,0.13,0.13,11088000.0,0.0,0.0
1994-02-07,0.13,0.13,0.13,0.13,13830400.0,0.0,0.0
1994-02-08,0.13,0.13,0.13,0.13,7520000.0,0.0,0.0
1994-02-09,0.13,0.13,0.13,0.13,9507200.0,0.0,0.0
1994-02-10,0.13,0.13,0.13,0.13,4812800.0,0.0,0.0
1994-02-11,0.13,0.13,0.13,0.13,4608000.0,0.0,0.0
1994-02-14,0.13,0.13,0.13,0.13,9257600.0,0.0,0.0
1994-02-15,0.13,0.13,0.13,0.13,3379200.0,0.0,0.0
1994-02-16,0.13,0.14,0.13,0.14,5305600.0,0.0,0.0
1994-02-17,0.13,0.14,0.13,0.14,7836800.0,0.0,0.0
1994-02-18,0.14,0.14,0.13,0.14,9155200.0,0.0,0.0
1994-02-22,0.14,0.14,0.13,0.13,5929600.0,0.0,0.0
1994-02-23,0.14,0.14,0.13,0.14,11564800.0,0.0,0.0
1994-02-24,0.14,0.14,0.13,0.13,14278400.0,0.0,0.0
1994-02-25,0.13,0.13,0.13,0.13,6220800.0,0.0,0.0
1994-02-28,0.13,0.14,0.13,0.14,18332800.0,0.0,0.0
1994-03-01,0.14,0.14,0.13,0.14,12080000.0,0.0,0.0
1994-03-02,0.13,0.14,0.13,0.14,11446400.0,0.0,0.0
1994-03-03,0.14,0.14,0.13,0.13,11216000.0,0.0,0.0
1994-03-04,0.13,0.14,0.13,0.14,12502400.0,0.0,0.0
1994-03-07,0.16,0.16,0.16,0.16,20921600.0,0.2,0.0
1994-03-08,0.16,0.17,0.16,0.16,35043200.0,0.0,0.0
1994-03-09,0.16,0.16,0.16,0.16,12057600.0,0.0,0.0
1994-03-10,0.16,0.16,0.16,0.16,9961600.0,0.0,0.0
1994-03-11,0.16,0.16,0.16,0.16,5971200.0,0.0,0.0
1994-03-14,0.16,0.16,0.16,0.16,6124800.0,0.0,0.0
1994-03-15,0.16,0.16,0.16,0.16,9353600.0,0.0,0.0
1994-03-16,0.17,0.18,0.17,0.17,45244800.0,0.0,0.0
1994-03-17,0.17,0.17,0.17,0.17,13977600.0,0.0,0.0
1994-03-18,0.17,0.17,0.17,0.17,9459200.0,0.0,0.0
1994-03-21,0.17,0.17,0.17,0.17,5139200.0,0.0,0.0
1994-03-22,0.17,0.18,0.17,0.18,10470400.0,0.0,0.0
1994-03-23,0.17,0.17,0.17,0.17,5417600.0,0.0,0.0
1994-03-24,0.17,0.17,0.17,0.17,6787200.0,0.0,0.0
1994-03-25,0.17,0.17,0.17,0.17,3433600.0,0.0,0.0
1994-03-28,0.17,0.17,0.17,0.17,8620800.0,0.0,0.0
1994-03-29,0.17,0.17,0.16,0.17,12377600.0,0.0,0.0
1994-03-30,0.17,0.17,0.16,0.16,11590400.0,0.0,0.0
1994-03-31,0.16,0.16,0.16,0.16,13334400.0,0.0,0.0
1994-04-04,0.16,0.16,0.16,0.16,12649600.0,0.0,0.0
1994-04-05,0.16,0.16,0.16,0.16,8208000.0,0.0,0.0
1994-04-06,0.16,0.17,0.16,0.16,15110400.0,0.0,0.0
1994-04-07,0.16,0.17,0.16,0.17,10294400.0,0.0,0.0
1994-04-08,0.17,0.18,0.17,0.18,21110400.0,0.0,0.0
1994-04-11,0.18,0.18,0.17,0.18,6873600.0,0.0,0.0
1994-04-12,0.17,0.18,0.17,0.17,8025600.0,0.0,0.0
1994-04-13,0.17,0.18,0.17,0.17,12665600.0,0.0,0.0
1994-04-14,0.17,0.17,0.17,0.17,7452800.0,0.0,0.0
1994-04-15,0.17,0.17,0.17,0.17,4054400.0,0.0,0.0
1994-04-18,0.17,0.17,0.16,0.16,6128000.0,0.0,0.0
1994-04-19,0.16,0.16,0.16,0.16,13328000.0,0.0,0.0
1994-04-20,0.16,0.16,0.16,0.16,6972800.0,0.0,0.0
1994-04-21,0.16,0.16,0.16,0.16,7840000.0,0.0,0.0
1994-04-22,0.16,0.16,0.16,0.16,4688000.0,0.0,0.0
1994-04-25,0.16,0.16,0.16,0.16,2195200.0,0.0,0.0
1994-04-26,0.16,0.16,0.16,0.16,2518400.0,0.0,0.0
1994-04-28,0.16,0.16,0.16,0.16,10697600.0,0.0,0.0
1994-04-29,0.16,0.16,0.16,0.16,3027200.0,0.0,0.0
1994-05-02,0.16,0.16,0.16,0.16,6681600.0,0.0,0.0
1994-05-03,0.16,0.16,0.16,0.16,3820800.0,0.0,0.0
1994-05-04,0.16,0.16,0.16,0.16,7216000.0,0.0,0.0
1994-05-05,0.16,0.16,0.16,0.16,2246400.0,0.0,0.0
1994-05-06,0.16,0.16,0.16,0.16,5414400.0,0.0,0.0
1994-05-09,0.16,0.16,0.16,0.16,7315200.0,0.0,0.0
1994-05-10,0.17,0.17,0.17,0.17,11964800.0,0.0,0.0
1994-05-11,0.17,0.17,0.16,0.17,7382400.0,0.0,0.0
1994-05-12,0.17,0.17,0.17,0.17,6598400.0,0.0,0.0
1994-05-13,0.17,0.17,0.17,0.17,9632000.0,0.0,0.0
1994-05-16,0.17,0.17,0.17,0.17,11750400.0,0.0,0.0
1994-05-17,0.17,0.17,0.17,0.17,3964800.0,0.0,0.0
1994-05-18,0.17,0.17,0.17,0.17,9913600.0,0.0,0.0
1994-05-19,0.17,0.18,0.17,0.18,20368000.0,0.0,0.0
1994-05-20,0.18,0.18,0.17,0.18,17686400.0,0.0,0.0
1994-05-23,0.18,0.18,0.18,0.18,15513600.0,0.0,0.0
1994-05-24,0.18,0.19,0.18,0.18,7500800.0,0.0,0.0
1994-05-25,0.18,0.18,0.18,0.18,14758400.0,0.0,0.0
1994-05-26,0.18,0.18,0.18,0.18,4739200.0,0.0,0.0
1994-05-27,0.18,0.18,0.18,0.18,8601600.0,0.0,0.0
1994-05-31,0.18,0.18,0.18,0.18,6595200.0,0.0,0.0
1994-06-01,0.18,0.18,0.18,0.18,9398400.0,0.0,0.0
1994-06-02,0.18,0.18,0.17,0.17,6508800.0,0.0,0.0
1994-06-03,0.17,0.18,0.17,0.17,10854400.0,0.0,0.0
1994-06-06,0.2,0.2,0.19,0.19,7168000.0,0.2,0.0
1994-06-07,0.19,0.19,0.19,0.19,15884800.0,0.0,0.0
1994-06-08,0.19,0.2,0.19,0.2,11932800.0,0.0,0.0
1994-06-09,0.2,0.2,0.2,0.2,5462400.0,0.0,0.0
1994-06-10,0.2,0.2,0.2,0.2,6128000.0,0.0,0.0
1994-06-13,0.2,0.2,0.2,0.2,3651200.0,0.0,0.0
1994-06-14,0.2,0.21,0.2,0.2,8675200.0,0.0,0.0
1994-06-15,0.2,0.2,0.2,0.2,6332800.0,0.0,0.0
1994-06-16,0.2,0.2,0.2,0.2,6838400.0,0.0,0.0
1994-06-17,0.2,0.2,0.2,0.2,7376000.0,0.0,0.0
1994-06-20,0.2,0.2,0.2,0.2,3904000.0,0.0,0.0
1994-06-21,0.2,0.2,0.2,0.2,4832000.0,0.0,0.0
1994-06-22,0.2,0.2,0.2,0.2,5468800.0,0.0,0.0
1994-06-23,0.2,0.2,0.2,0.2,9347200.0,0.0,0.0
1994-06-24,0.2,0.2,0.19,0.19,4227200.0,0.0,0.0
1994-06-27,0.19,0.19,0.19,0.19,10995200.0,0.0,0.0
1994-06-28,0.19,0.19,0.19,0.19,6224000.0,0.0,0.0
1994-06-29,0.19,0.2,0.19,0.2,8604800.0,0.0,0.0
1994-06-30,0.2,0.2,0.2,0.2,5920000.0,0.0,0.0
1994-07-01,0.2,0.21,0.2,0.21,8124800.0,0.0,0.0
1994-07-05,0.21,0.21,0.2,0.21,8640000.0,0.0,0.0
1994-07-06,0.2,0.2,0.2,0.2,7564800.0,0.0,0.0
1994-07-07,0.2,0.2,0.2,0.2,10684800.0,0.0,0.0
1994-07-08,0.21,0.21,0.21,0.21,21603200.0,0.0,0.0
1994-07-11,0.21,0.21,0.21,0.21,14835200.0,0.0,0.0
1994-07-12,0.21,0.21,0.21,0.21,8233600.0,0.0,0.0
1994-07-13,0.21,0.21,0.21,0.21,9398400.0,0.0,0.0
1994-07-14,0.21,0.21,0.21,0.21,8057600.0,0.0,0.0
1994-07-15,0.21,0.21,0.21,0.21,12867200.0,0.0,0.0
1994-07-18,0.21,0.21,0.21,0.21,10585600.0,0.0,0.0
1994-07-19,0.21,0.21,0.21,0.21,10761600.0,0.0,0.0
1994-07-20,0.21,0.22,0.21,0.21,14140800.0,0.0,0.0
1994-07-21,0.21,0.21,0.21,0.21,5814400.0,0.0,0.0
1994-07-22,0.21,0.21,0.21,0.21,5369600.0,0.0,0.0
1994-07-25,0.21,0.21,0.21,0.21,8636800.0,0.0,0.0
1994-07-26,0.21,0.21,0.21,0.21,4512000.0,0.0,0.0
1994-07-27,0.21,0.21,0.21,0.21,7961600.0,0.0,0.0
1994-07-28,0.21,0.21,0.21,0.21,3708800.0,0.0,0.0
1994-07-29,0.21,0.21,0.21,0.21,4774400.0,0.0,0.0
1994-08-01,0.21,0.21,0.21,0.21,3283200.0,0.0,0.0
1994-08-02,0.21,0.21,0.21,0.21,4758400.0,0.0,0.0
1994-08-03,0.21,0.22,0.21,0.21,4105600.0,0.0,0.0
1994-08-04,0.22,0.22,0.22,0.22,9676800.0,0.0,0.0
1994-08-05,0.22,0.22,0.22,0.22,4528000.0,0.0,0.0
1994-08-08,0.22,0.22,0.22,0.22,6044800.0,0.0,0.0
1994-08-09,0.22,0.22,0.22,0.22,10457600.0,0.0,0.0
1994-08-10,0.22,0.22,0.22,0.22,11939200.0,0.0,0.0
1994-08-11,0.22,0.22,0.21,0.22,5945600.0,0.0,0.0
1994-08-12,0.22,0.22,0.22,0.22,10672000.0,0.0,0.0
1994-08-15,0.22,0.22,0.22,0.22,6150400.0,0.0,0.0
1994-08-16,0.22,0.22,0.22,0.22,17939200.0,0.0,0.0
1994-08-17,0.22,0.22,0.22,0.22,10972800.0,0.0,0.0
1994-08-18,0.22,0.22,0.21,0.21,6358400.0,0.0,0.0
1994-08-19,0.21,0.22,0.21,0.22,22268800.0,0.0,0.0
1994-08-22,0.22,0.22,0.22,0.22,3017600.0,0.0,0.0
1994-08-23,0.22,0.22,0.22,0.22,7110400.0,0.0,0.0
1994-08-24,0.22,0.22,0.22,0.22,10467200.0,0.0,0.0
1994-08-25,0.22,0.23,0.22,0.22,6128000.0,0.0,0.0
1994-08-26,0.22,0.22,0.22,0.22,5225600.0,0.0,0.0
1994-08-29,0.22,0.22,0.22,0.22,7859200.0,0.0,0.0
1994-08-30,0.22,0.22,0.22,0.22,10921600.0,0.0,0.0
1994-08-31,0.22,0.22,0.22,0.22,6953600.0,0.0,0.0
1994-09-01,0.22,0.22,0.22,0.22,3161600.0,0.0,0.0
1994-09-02,0.24,0.24,0.24,0.24,1996800.0,0.2,0.0
1994-09-06,0.24,0.24,0.24,0.24,3862400.0,0.0,0.0
1994-09-07,0.24,0.24,0.24,0.24,5974400.0,0.0,0.0
1994-09-08,0.24,0.25,0.24,0.25,7964800.0,0.0,0.0
1994-09-09,0.24,0.25,0.24,0.24,7558400.0,0.0,0.0
1994-09-12,0.24,0.24,0.24,0.24,3196800.0,0.0,0.0
1994-09-13,0.24,0.24,0.24,0.24,3465600.0,0.0,0.0
1994-09-14,0.24,0.24,0.24,0.24,4947200.0,0.0,0.0
1994-09-15,0.24,0.24,0.23,0.24,9792000.0,0.0,0.0
1994-09-16,0.24,0.25,0.24,0.25,16374400.0,0.0,0.0
1994-09-19,0.25,0.25,0.24,0.24,14540800.0,0.0,0.0
1994-09-20,0.24,0.24,0.22,0.22,21836800.0,0.0,0.0
1994-09-21,0.22,0.23,0.22,0.23,18291200.0,0.0,0.0
1994-09-22,0.23,0.23,0.23,0.23,5363200.0,0.0,0.0
1994-09-23,0.23,0.23,0.22,0.23,9145600.0,0.0,0.0
1994-09-26,0.22,0.23,0.22,0.22,8873600.0,0.0,0.0
1994-09-27,0.22,0.22,0.22,0.22,5564800.0,0.0,0.0
1994-09-28,0.22,0.23,0.22,0.22,6553600.0,0.0,0.0
1994-09-29,0.22,0.22,0.22,0.22,4166400.0,0.0,0.0
1994-09-30,0.22,0.23,0.22,0.22,9318400.0,0.0,0.0
1994-10-03,0.22,0.22,0.22,0.22,4931200.0,0.0,0.0
1994-10-04,0.22,0.22,0.22,0.22,8188800.0,0.0,0.0
1994-10-05,0.22,0.23,0.22,0.23,12924800.0,0.0,0.0
1994-10-06,0.23,0.23,0.23,0.23,3686400.0,0.0,0.0
1994-10-07,0.23,0.23,0.22,0.23,3318400.0,0.0,0.0
1994-10-10,0.23,0.23,0.23,0.23,3161600.0,0.0,0.0
1994-10-11,0.23,0.23,0.23,0.23,4000000.0,0.0,0.0
1994-10-12,0.23,0.23,0.23,0.23,5376000.0,0.0,0.0
1994-10-13,0.23,0.24,0.23,0.24,6182400.0,0.0,0.0
1994-10-14,0.23,0.23,0.23,0.23,2275200.0,0.0,0.0
1994-10-17,0.23,0.23,0.23,0.23,3081600.0,0.0,0.0
1994-10-18,0.23,0.23,0.23,0.23,2876800.0,0.0,0.0
1994-10-19,0.23,0.23,0.23,0.23,2153600.0,0.0,0.0
1994-10-20,0.23,0.23,0.23,0.23,2304000.0,0.0,0.0
1994-10-21,0.23,0.23,0.23,0.23,2774400.0,0.0,0.0
1994-10-24,0.23,0.23,0.23,0.23,2883200.0,0.0,0.0
1994-10-25,0.23,0.23,0.23,0.23,2489600.0,0.0,0.0
1994-10-26,0.23,0.23,0.23,0.23,1929600.0,0.0,0.0
1994-10-27,0.23,0.23,0.23,0.23,1600000.0,0.0,0.0
1994-10-28,0.23,0.23,0.23,0.23,3558400.0,0.0,0.0
1994-10-31,0.23,0.23,0.23,0.23,6425600.0,0.0,0.0
1994-11-01,0.23,0.23,0.23,0.23,10233600.0,0.0,0.0
1994-11-02,0.23,0.23,0.22,0.22,6179200.0,0.0,0.0
1994-11-03,0.22,0.23,0.22,0.23,2156800.0,0.0,0.0
1994-11-04,0.23,0.23,0.22,0.22,3043200.0,0.0,0.0
1994-11-07,0.23,0.23,0.23,0.23,10070400.0,0.0,0.0
1994-11-08,0.23,0.23,0.23,0.23,6518400.0,0.0,0.0
1994-11-09,0.23,0.24,0.23,0.23,7756800.0,0.0,0.0
1994-11-10,0.23,0.24,0.23,0.23,5347200.0,0.0,0.0
1994-11-11,0.23,0.23,0.23,0.23,2595200.0,0.0,0.0
1994-11-14,0.23,0.23,0.23,0.23,2713600.0,0.0,0.0
1994-11-15,0.23,0.24,0.23,0.23,3980800.0,0.0,0.0
1994-11-16,0.23,0.24,0.23,0.24,7200000.0,0.0,0.0
1994-11-17,0.24,0.24,0.24,0.24,5804800.0,0.0,0.0
1994-11-18,0.24,0.25,0.24,0.24,9363200.0,0.0,0.0
1994-11-21,0.24,0.25,0.24,0.24,3459200.0,0.0,0.0
1994-11-22,0.24,0.24,0.24,0.24,6825600.0,0.0,0.0
1994-11-23,0.24,0.24,0.24,0.24,6083200.0,0.0,0.0
1994-11-25,0.24,0.24,0.24,0.24,1062400.0,0.0,0.0
1994-11-28,0.24,0.24,0.24,0.24,3670400.0,0.0,0.0
1994-11-29,0.24,0.24,0.24,0.24,4000000.0,0.0,0.0
1994-11-30,0.24,0.24,0.24,0.24,11564800.0,0.0,0.0
1994-12-01,0.24,0.24,0.24,0.24,6483200.0,0.0,0.0
1994-12-02,0.24,0.24,0.24,0.24,4380800.0,0.0,0.0
1994-12-05,0.28,0.28,0.28,0.28,3366400.0,0.25,0.0
1994-12-06,0.28,0.29,0.28,0.28,7337600.0,0.0,0.0
1994-12-07,0.28,0.29,0.28,0.28,6390400.0,0.0,0.0
1994-12-08,0.28,0.29,0.28,0.28,8131200.0,0.0,0.0
1994-12-09,0.28,0.28,0.28,0.28,5315200.0,0.0,0.0
1994-12-12,0.28,0.28,0.28,0.28,4403200.0,0.0,0.0
1994-12-13,0.28,0.28,0.28,0.28,7648000.0,0.0,0.0
1994-12-14,0.28,0.29,0.28,0.29,13977600.0,0.0,0.0
1994-12-15,0.29,0.29,0.29,0.29,8396800.0,0.0,0.0
1994-12-16,0.29,0.29,0.29,0.29,10723200.0,0.0,0.0
1994-12-19,0.29,0.29,0.28,0.28,15187200.0,0.0,0.0
1994-12-20,0.3,0.31,0.3,0.31,43113600.0,0.0,0.0
1994-12-21,0.31,0.32,0.31,0.32,24771200.0,0.0,0.0
1994-12-22,0.31,0.32,0.31,0.32,17996800.0,0.0,0.0
1994-12-23,0.32,0.32,0.32,0.32,8636800.0,0.0,0.0
1994-12-27,0.32,0.33,0.32,0.33,7526400.0,0.0,0.0
1994-12-28,0.33,0.33,0.32,0.32,4976000.0,0.0,0.0
1994-12-29,0.32,0.32,0.32,0.32,6352000.0,0.0,0.0
1994-12-30,0.32,0.32,0.32,0.32,3795200.0,0.0,0.0
1995-01-03,0.32,0.32,0.31,0.31,21308800.0,0.0,0.0
1995-01-04,0.31,0.31,0.31,0.31,12208000.0,0.0,0.0
1995-01-05,0.31,0.31,0.31,0.31,7913600.0,0.0,0.0
1995-01-06,0.31,0.31,0.3,0.31,8915200.0,0.0,0.0
1995-01-09,0.31,0.31,0.31,0.31,3152000.0,0.0,0.0
1995-01-10,0.31,0.31,0.31,0.31,12022400.0,0.0,0.0
1995-01-11,0.31,0.31,0.3,0.31,6268800.0,0.0,0.0
1995-01-12,0.31,0.31,0.31,0.31,5088000.0,0.0,0.0
1995-01-13,0.31,0.31,0.31,0.31,8243200.0,0.0,0.0
1995-01-16,0.31,0.31,0.31,0.31,8688000.0,0.0,0.0
1995-01-17,0.31,0.31,0.31,0.31,11456000.0,0.0,0.0
1995-01-18,0.31,0.31,0.31,0.31,6342400.0,0.0,0.0
1995-01-19,0.31,0.31,0.31,0.31,6080000.0,0.0,0.0
1995-01-20,0.31,0.31,0.31,0.31,6521600.0,0.0,0.0
1995-01-23,0.31,0.32,0.31,0.32,7571200.0,0.0,0.0
1995-01-24,0.31,0.31,0.31,0.31,6934400.0,0.0,0.0
1995-01-25,0.31,0.32,0.31,0.31,9116800.0,0.0,0.0
1995-01-26,0.31,0.31,0.31,0.31,4147200.0,0.0,0.0
1995-01-27,0.31,0.32,0.31,0.31,3292800.0,0.0,0.0
1995-01-30,0.31,0.32,0.31,0.31,3984000.0,0.0,0.0
1995-01-31,0.31,0.31,0.3,0.3,12064000.0,0.0,0.0
1995-02-01,0.3,0.3,0.3,0.3,16278400.0,0.0,0.0
1995-02-02,0.3,0.3,0.3,0.3,5372800.0,0.0,0.0
1995-02-03,0.3,0.31,0.3,0.3,8195200.0,0.0,0.0
1995-02-06,0.31,0.31,0.3,0.3,17148800.0,0.0,0.0
1995-02-07,0.3,0.3,0.3,0.3,11196800.0,0.0,0.0
1995-02-08,0.3,0.3,0.3,0.3,5497600.0,0.0,0.0
1995-02-09,0.3,0.3,0.3,0.3,3776000.0,0.0,0.0
1995-02-10,0.3,0.3,0.3,0.3,9104000.0,0.0,0.0
1995-02-13,0.3,0.3,0.3,0.3,3561600.0,0.0,0.0
1995-02-14,0.3,0.3,0.3,0.3,3011200.0,0.0,0.0
1995-02-15,0.3,0.3,0.3,0.3,8390400.0,0.0,0.0
1995-02-16,0.3,0.3,0.3,0.3,3865600.0,0.0,0.0
1995-02-17,0.3,0.3,0.3,0.3,4051200.0,0.0,0.0
1995-02-21,0.3,0.31,0.3,0.31,18086400.0,0.0,0.0
1995-02-22,0.31,0.31,0.3,0.31,8960000.0,0.0,0.0
1995-02-23,0.31,0.31,0.31,0.31,9280000.0,0.0,0.0
1995-02-24,0.31,0.32,0.31,0.32,4032000.0,0.0,0.0
1995-02-27,0.32,0.32,0.31,0.31,9699200.0,0.0,0.0
1995-02-28,0.31,0.31,0.31,0.31,5424000.0,0.0,0.0
1995-03-01,0.31,0.31,0.31,0.31,5024000.0,0.0,0.0
1995-03-02,0.31,0.32,0.31,0.32,6790400.0,0.0,0.0
1995-03-03,0.32,0.32,0.32,0.32,5792000.0,0.0,0.0
1995-03-06,0.36,0.36,0.35,0.36,3830400.0,0.25,0.0
1995-03-07,0.36,0.36,0.35,0.35,4364800.0,0.0,0.0
1995-03-08,0.35,0.36,0.35,0.36,14953600.0,0.0,0.0
1995-03-09,0.36,0.37,0.36,0.36,18537600.0,0.0,0.0
1995-03-10,0.36,0.37,0.36,0.37,14540800.0,0.0,0.0
1995-03-13,0.37,0.37,0.37,0.37,8636800.0,0.0,0.0
1995-03-14,0.37,0.37,0.36,0.36,4982400.0,0.0,0.0
1995-03-15,0.37,0.37,0.36,0.37,11113600.0,0.0,0.0
1995-03-16,0.37,0.38,0.36,0.38,21235200.0,0.0,0.0
1995-03-17,0.37,0.37,0.36,0.37,26892800.0,0.0,0.0
1995-03-20,0.37,0.37,0.36,0.36,14745600.0,0.0,0.0
1995-03-21,0.37,0.37,0.35,0.35,11769600.0,0.0,0.0
1995-03-22,0.36,0.36,0.35,0.36,9296000.0,0.0,0.0
1995-03-23,0.36,0.36,0.35,0.36,4742400.0,0.0,0.0
1995-03-24,0.36,0.36,0.36,0.36,9068800.0,0.0,0.0
1995-03-27,0.36,0.36,0.36,0.36,8268800.0,0.0,0.0
1995-03-28,0.36,0.36,0.36,0.36,14179200.0,0.0,0.0
1995-03-29,0.36,0.36,0.35,0.36,12550400.0,0.0,0.0
1995-03-30,0.36,0.36,0.36,0.36,8108800.0,0.0,0.0
1995-03-31,0.36,0.36,0.35,0.36,9408000.0,0.0,0.0
1995-04-03,0.36,0.37,0.36,0.37,5408000.0,0.0,0.0
1995-04-04,0.37,0.37,0.36,0.37,10179200.0,0.0,0.0
1995-04-05,0.37,0.37,0.36,0.36,8041600.0,0.0,0.0
1995-04-06,0.36,0.37,0.36,0.36,7840000.0,0.0,0.0
1995-04-07,0.36,0.36,0.36,0.36,5068800.0,0.0,0.0
1995-04-10,0.36,0.36,0.36,0.36,3043200.0,0.0,0.0
1995-04-11,0.36,0.36,0.36,0.36,3046400.0,0.0,0.0
1995-04-12,0.36,0.36,0.36,0.36,4384000.0,0.0,0.0
1995-04-13,0.36,0.36,0.36,0.36,5398400.0,0.0,0.0
1995-04-17,0.36,0.36,0.35,0.35,7491200.0,0.0,0.0
1995-04-18,0.35,0.36,0.35,0.36,8403200.0,0.0,0.0
1995-04-19,0.36,0.36,0.35,0.35,52777600.0,0.0,0.0
1995-04-20,0.35,0.35,0.34,0.35,16284800.0,0.0,0.0
1995-04-21,0.35,0.36,0.35,0.35,19561600.0,0.0,0.0
1995-04-24,0.35,0.36,0.35,0.36,19683200.0,0.0,0.0
1995-04-25,0.36,0.36,0.36,0.36,8102400.0,0.0,0.0
1995-04-26,0.36,0.36,0.36,0.36,10918400.0,0.0,0.0
1995-04-27,0.36,0.36,0.36,0.36,5449600.0,0.0,0.0
1995-04-28,0.37,0.37,0.37,0.37,7740800.0,0.0,0.0
1995-05-01,0.37,0.37,0.37,0.37,5548800.0,0.0,0.0
1995-05-02,0.37,0.37,0.37,0.37,5705600.0,0.0,0.0
1995-05-03,0.37,0.38,0.37,0.38,6979200.0,0.0,0.0
1995-05-04,0.38,0.38,0.37,0.37,9110400.0,0.0,0.0
1995-05-05,0.37,0.37,0.37,0.37,12192000.0,0.0,0.0
1995-05-08,0.37,0.38,0.37,0.38,7264000.0,0.0,0.0
1995-05-09,0.38,0.38,0.37,0.38,4736000.0,0.0,0.0
1995-05-10,0.38,0.38,0.37,0.38,3561600.0,0.0,0.0
1995-05-11,0.38,0.38,0.37,0.38,6185600.0,0.0,0.0
1995-05-12,0.38,0.38,0.38,0.38,4819200.0,0.0,0.0
1995-05-15,0.38,0.38,0.38,0.38,10096000.0,0.0,0.0
1995-05-16,0.38,0.38,0.38,0.38,3100800.0,0.0,0.0
1995-05-17,0.38,0.38,0.38,0.38,8112000.0,0.0,0.0
1995-05-18,0.38,0.38,0.38,0.38,5756800.0,0.0,0.0
1995-05-19,0.38,0.38,0.37,0.38,13603200.0,0.0,0.0
1995-05-22,0.38,0.38,0.38,0.38,4227200.0,0.0,0.0
1995-05-23,0.38,0.39,0.38,0.39,5715200.0,0.0,0.0
1995-05-24,0.39,0.39,0.37,0.38,6307200.0,0.0,0.0
1995-05-25,0.38,0.38,0.37,0.38,11692800.0,0.0,0.0
1995-05-26,0.38,0.38,0.38,0.38,5235200.0,0.0,0.0
1995-05-30,0.38,0.38,0.37,0.38,4867200.0,0.0,0.0
1995-05-31,0.38,0.38,0.37,0.38,16784000.0,0.0,0.0
1995-06-01,0.38,0.38,0.38,0.38,9843200.0,0.0,0.0
1995-06-02,0.38,0.39,0.38,0.39,12908800.0,0.0,0.0
1995-06-05,0.43,0.43,0.42,0.42,13763200.0,0.25,0.0
1995-06-06,0.47,0.47,0.47,0.47,10537600.0,0.25,0.0
1995-06-07,0.47,0.48,0.47,0.48,10960000.0,0.0,0.0
1995-06-08,0.48,0.48,0.47,0.47,2521600.0,0.0,0.0
1995-06-09,0.47,0.47,0.47,0.47,8016000.0,0.0,0.0
1995-06-12,0.48,0.49,0.48,0.49,11974400.0,0.0,0.0
1995-06-13,0.49,0.49,0.49,0.49,5001600.0,0.0,0.0
1995-06-14,0.49,0.49,0.48,0.48,5920000.0,0.0,0.0
1995-06-15,0.49,0.5,0.49,0.5,10716800.0,0.0,0.0
1995-06-16,0.5,0.5,0.49,0.5,10473600.0,0.0,0.0
1995-06-19,0.5,0.51,0.5,0.51,7564800.0,0.0,0.0
1995-06-20,0.51,0.51,0.5,0.5,6582400.0,0.0,0.0
1995-06-21,0.5,0.5,0.5,0.5,3625600.0,0.0,0.0
1995-06-22,0.5,0.51,0.5,0.51,8025600.0,0.0,0.0
1995-06-23,0.5,0.5,0.5,0.5,3212800.0,0.0,0.0
1995-06-26,0.5,0.51,0.5,0.5,3769600.0,0.0,0.0
1995-06-27,0.5,0.5,0.49,0.49,4185600.0,0.0,0.0
1995-06-28,0.49,0.5,0.49,0.49,3004800.0,0.0,0.0
1995-06-29,0.49,0.5,0.49,0.5,5484800.0,0.0,0.0
1995-06-30,0.5,0.5,0.5,0.5,2707200.0,0.0,0.0
1995-07-03,0.5,0.5,0.5,0.5,1123200.0,0.0,0.0
1995-07-05,0.5,0.5,0.5,0.5,5056000.0,0.0,0.0
1995-07-06,0.5,0.51,0.5,0.51,9011200.0,0.0,0.0
1995-07-07,0.51,0.51,0.51,0.51,4377600.0,0.0,0.0
1995-07-10,0.51,0.52,0.51,0.52,14214400.0,0.0,0.0
1995-07-11,0.52,0.53,0.52,0.52,22092800.0,0.0,0.0
1995-07-12,0.52,0.52,0.51,0.51,11299200.0,0.0,0.0
1995-07-13,0.51,0.51,0.51,0.51,6150400.0,0.0,0.0
1995-07-14,0.51,0.52,0.51,0.52,5408000.0,0.0,0.0
1995-07-17,0.52,0.52,0.52,0.52,5180800.0,0.0,0.0
1995-07-18,0.52,0.52,0.51,0.51,10428800.0,0.0,0.0
1995-07-19,0.51,0.51,0.49,0.5,9286400.0,0.0,0.0
1995-07-20,0.5,0.51,0.5,0.51,9491200.0,0.0,0.0
1995-07-21,0.51,0.51,0.51,0.51,8659200.0,0.0,0.0
1995-07-24,0.51,0.51,0.51,0.51,6604800.0,0.0,0.0
1995-07-25,0.51,0.52,0.51,0.52,8083200.0,0.0,0.0
1995-07-26,0.52,0.53,0.52,0.53,10374400.0,0.0,0.0
1995-07-27,0.53,0.54,0.53,0.54,5993600.0,0.0,0.0
1995-07-28,0.55,0.55,0.54,0.54,10940800.0,0.0,0.0
1995-07-31,0.54,0.54,0.54,0.54,4294400.0,0.0,0.0
1995-08-01,0.54,0.55,0.53,0.54,4822400.0,0.0,0.0
1995-08-02,0.55,0.55,0.54,0.55,9136000.0,0.0,0.0
1995-08-03,0.55,0.55,0.55,0.55,7715200.0,0.0,0.0
1995-08-04,0.55,0.56,0.55,0.56,3635200.0,0.0,0.0
1995-08-07,0.56,0.57,0.56,0.57,15561600.0,0.0,0.0
1995-08-08,0.57,0.57,0.56,0.56,21862400.0,0.0,0.0
1995-08-09,0.56,0.56,0.55,0.56,7238400.0,0.0,0.0
1995-08-10,0.56,0.56,0.55,0.55,8604800.0,0.0,0.0
1995-08-11,0.55,0.55,0.54,0.54,5526400.0,0.0,0.0
1995-08-14,0.55,0.55,0.54,0.55,5126400.0,0.0,0.0
1995-08-15,0.55,0.55,0.53,0.54,7836800.0,0.0,0.0
1995-08-16,0.54,0.55,0.54,0.55,6832000.0,0.0,0.0
1995-08-17,0.55,0.56,0.55,0.56,4969600.0,0.0,0.0
1995-08-18,0.56,0.56,0.55,0.55,5024000.0,0.0,0.0
1995-08-21,0.56,0.56,0.55,0.55,5052800.0,0.0,0.0
1995-08-22,0.56,0.56,0.55,0.55,4976000.0,0.0,0.0
1995-08-23,0.55,0.55,0.55,0.55,3283200.0,0.0,0.0
1995-08-24,0.55,0.56,0.55,0.56,8454400.0,0.0,0.0
1995-08-25,0.56,0.56,0.56,0.56,7718400.0,0.0,0.0
1995-08-28,0.56,0.56,0.55,0.56,8889600.0,0.0,0.0
1995-08-29,0.56,0.56,0.55,0.55,9500800.0,0.0,0.0
1995-08-30,0.56,0.56,0.55,0.56,11424000.0,0.0,0.0
1995-08-31,0.56,0.56,0.55,0.55,6352000.0,0.0,0.0
1995-09-01,0.55,0.55,0.55,0.55,9731200.0,0.0,0.0
1995-09-05,0.55,0.55,0.55,0.55,7110400.0,0.0,0.0
1995-09-06,0.6,0.6,0.6,0.6,4982400.0,0.25,0.0
1995-09-07,0.6,0.6,0.59,0.59,12272000.0,0.0,0.0
1995-09-08,0.59,0.6,0.59,0.6,5395200.0,0.0,0.0
1995-09-11,0.6,0.6,0.59,0.59,6332800.0,0.0,0.0
1995-09-12,0.6,0.6,0.59,0.59,2147200.0,0.0,0.0
1995-09-13,0.6,0.62,0.6,0.61,25862400.0,0.0,0.0
1995-09-14,0.61,0.61,0.61,0.61,12131200.0,0.0,0.0
1995-09-15,0.6,0.61,0.6,0.6,9852800.0,0.0,0.0
1995-09-18,0.63,0.65,0.63,0.65,33942400.0,0.0,0.0
1995-09-19,0.65,0.68,0.65,0.68,30892800.0,0.0,0.0
1995-09-20,0.67,0.68,0.67,0.68,11923200.0,0.0,0.0
1995-09-21,0.68,0.68,0.67,0.67,15382400.0,0.0,0.0
1995-09-22,0.67,0.69,0.66,0.69,13292800.0,0.0,0.0
1995-09-25,0.68,0.72,0.68,0.72,16684800.0,0.0,0.0
1995-09-26,0.7,0.71,0.7,0.7,22851200.0,0.0,0.0
1995-09-27,0.7,0.7,0.69,0.7,9894400.0,0.0,0.0
1995-09-28,0.7,0.73,0.7,0.72,16595200.0,0.0,0.0
1995-09-29,0.73,0.74,0.72,0.72,10390400.0,0.0,0.0
1995-10-02,0.72,0.76,0.72,0.76,13481600.0,0.0,0.0
1995-10-03,0.75,0.75,0.74,0.75,14476800.0,0.0,0.0
1995-10-04,0.75,0.75,0.73,0.73,9548800.0,0.0,0.0
1995-10-05,0.73,0.73,0.72,0.72,14320000.0,0.0,0.0
1995-10-06,0.73,0.74,0.72,0.72,9344000.0,0.0,0.0
1995-10-09,0.72,0.73,0.72,0.72,9299200.0,0.0,0.0
1995-10-10,0.72,0.73,0.7,0.71,10332800.0,0.0,0.0
1995-10-11,0.71,0.72,0.7,0.7,5561600.0,0.0,0.0
1995-10-12,0.71,0.72,0.71,0.71,6825600.0,0.0,0.0
1995-10-13,0.72,0.72,0.71,0.72,7590400.0,0.0,0.0
1995-10-16,0.71,0.72,0.71,0.71,4412800.0,0.0,0.0
1995-10-17,0.72,0.72,0.71,0.71,5376000.0,0.0,0.0
1995-10-18,0.71,0.73,0.71,0.73,7971200.0,0.0,0.0
1995-10-19,0.73,0.74,0.73,0.73,7104000.0,0.0,0.0
1995-10-20,0.73,0.73,0.72,0.72,4736000.0,0.0,0.0
1995-10-23,0.72,0.73,0.72,0.72,5168000.0,0.0,0.0
1995-10-24,0.73,0.74,0.73,0.74,3929600.0,0.0,0.0
1995-10-25,0.74,0.75,0.73,0.73,6976000.0,0.0,0.0
1995-10-26,0.74,0.74,0.72,0.73,5510400.0,0.0,0.0
1995-10-27,0.72,0.73,0.72,0.73,8396800.0,0.0,0.0
1995-10-30,0.73,0.74,0.73,0.74,7107200.0,0.0,0.0
1995-10-31,0.75,0.76,0.74,0.74,5920000.0,0.0,2.0
1995-11-01,0.74,0.75,0.73,0.75,4006400.0,0.0,0.0
1995-11-02,0.75,0.78,0.74,0.77,9723200.0,0.0,0.0
1995-11-03,0.77,0.78,0.76,0.77,5929600.0,0.0,0.0
1995-11-06,0.77,0.79,0.77,0.78,11211200.0,0.0,0.0
1995-11-07,0.78,0.79,0.77,0.78,6768000.0,0.0,0.0
1995-11-08,0.78,0.78,0.78,0.78,5712000.0,0.0,0.0
1995-11-09,0.78,0.79,0.78,0.79,5422400.0,0.0,0.0
1995-11-10,0.79,0.79,0.77,0.78,5680000.0,0.0,0.0
1995-11-13,0.78,0.79,0.77,0.78,5705600.0,0.0,0.0
1995-11-14,0.79,0.8,0.78,0.79,3025600.0,0.0,0.0
1995-11-15,0.8,0.81,0.8,0.81,5398400.0,0.0,0.0
1995-11-16,0.81,0.81,0.8,0.8,8771200.0,0.0,0.0
1995-11-17,0.79,0.8,0.78,0.78,12539200.0,0.0,0.0
1995-11-20,0.78,0.8,0.78,0.79,7051200.0,0.0,0.0
1995-11-21,0.79,0.79,0.78,0.78,5681600.0,0.0,0.0
1995-11-22,0.78,0.78,0.76,0.77,5867200.0,0.0,0.0
1995-11-24,0.78,0.79,0.78,0.78,1388800.0,0.0,0.0
1995-11-27,0.79,0.8,0.76,0.76,4568000.0,0.0,0.0
1995-11-28,0.75,0.76,0.74,0.75,8944000.0,0.0,0.0
1995-11-29,0.75,0.77,0.74,0.76,9164800.0,0.0,0.0
1995-11-30,0.76,0.76,0.75,0.75,6592000.0,0.0,0.0
1995-12-01,0.75,0.77,0.75,0.76,6913600.0,0.0,0.0
1995-12-04,0.77,0.78,0.76,0.76,8017600.0,0.0,0.0
1995-12-05,0.76,0.79,0.76,0.79,9006400.0,0.0,0.0
1995-12-06,0.82,0.84,0.82,0.83,7476800.0,0.15,0.0
1995-12-07,0.83,0.84,0.82,0.83,6852800.0,0.0,0.0
1995-12-08,0.83,0.84,0.83,0.83,4558400.0,0.0,0.0
1995-12-11,0.83,0.83,0.81,0.81,4996800.0,0.0,0.0
1995-12-12,0.81,0.82,0.81,0.82,7758400.0,0.0,0.0
1995-12-13,0.82,0.85,0.82,0.85,8942400.0,0.0,0.0
1995-12-14,0.85,0.87,0.84,0.85,6712000.0,0.0,0.0
1995-12-15,0.85,0.87,0.84,0.87,8892800.0,0.0,0.0
1995-12-18,0.87,0.87,0.83,0.84,5284800.0,0.0,0.0
1995-12-19,0.89,0.89,0.86,0.87,18380800.0,0.0,0.0
1995-12-20,0.87,0.88,0.86,0.87,6960000.0,0.0,0.0
1995-12-21,0.87,0.92,0.87,0.92,8600000.0,0.0,0.0
1995-12-22,0.92,0.93,0.89,0.9,8355200.0,0.0,0.0
1995-12-26,0.89,0.9,0.88,0.9,4452800.0,0.0,0.0
1995-12-27,0.91,0.91,0.89,0.91,3648000.0,0.0,0.0
1995-12-28,0.91,0.95,0.91,0.95,10052800.0,0.0,0.0
1995-12-29,0.95,0.95,0.94,0.94,7123200.0,0.0,0.0
1996-01-02,0.93,0.97,0.93,0.96,10395200.0,0.0,0.0
1996-01-03,0.96,0.97,0.93,0.93,13633600.0,0.0,0.0
1996-01-04,0.94,0.94,0.91,0.92,12779200.0,0.0,0.0
1996-01-05,0.91,0.92,0.89,0.9,5228800.0,0.0,0.0
1996-01-08,0.89,0.91,0.89,0.91,1556800.0,0.0,0.0
1996-01-09,0.92,0.92,0.88,0.89,5937600.0,0.0,0.0
1996-01-10,0.89,0.89,0.88,0.89,7612800.0,0.0,0.0
1996-01-11,0.89,0.93,0.86,0.92,11558400.0,0.0,0.0
1996-01-12,0.92,0.92,0.89,0.91,8971200.0,0.0,0.0
1996-01-15,0.91,0.92,0.89,0.9,3432000.0,0.0,0.0
1996-01-16,0.9,0.91,0.88,0.91,7496000.0,0.0,0.0
1996-01-17,0.91,0.92,0.9,0.91,6654400.0,0.0,0.0
1996-01-18,0.91,0.94,0.91,0.93,8256000.0,0.0,0.0
1996-01-19,0.94,0.95,0.93,0.93,9075200.0,0.0,0.0
1996-01-22,0.93,0.94,0.93,0.94,10084800.0,0.0,0.0
1996-01-23,0.94,0.94,0.93,0.94,3976000.0,0.0,0.0
1996-01-24,0.93,0.95,0.93,0.94,5444800.0,0.0,0.0
1996-01-25,0.94,0.95,0.93,0.93,5620800.0,0.0,0.0
1996-01-26,0.93,0.94,0.93,0.93,5288000.0,0.0,0.0
1996-01-29,0.93,0.93,0.93,0.93,4731200.0,0.0,0.0
1996-01-30,0.94,0.95,0.93,0.93,9494400.0,0.0,0.0
1996-01-31,0.94,0.95,0.93,0.94,9726400.0,0.0,0.0
1996-02-01,0.9,0.92,0.89,0.92,41134400.0,0.0,0.0
1996-02-02,0.91,0.93,0.9,0.92,10264000.0,0.0,0.0
1996-02-05,0.91,0.92,0.91,0.92,8408000.0,0.0,0.0
1996-02-06,0.91,0.92,0.9,0.91,9115200.0,0.0,0.0
1996-02-07,0.92,0.93,0.9,0.92,5588800.0,0.0,0.0
1996-02-08,0.93,0.93,0.91,0.93,5080000.0,0.0,0.0
1996-02-09,0.92,0.93,0.92,0.92,7420800.0,0.0,0.0
1996-02-12,0.93,0.93,0.93,0.93,3478400.0,0.0,0.0
1996-02-13,0.93,0.93,0.92,0.92,5488000.0,0.0,0.0
1996-02-14,0.93,0.93,0.89,0.91,6457600.0,0.0,0.0
1996-02-15,0.9,0.93,0.9,0.92,7164800.0,0.0,0.0
1996-02-16,0.91,0.92,0.9,0.91,4833600.0,0.0,0.0
1996-02-20,0.91,0.91,0.9,0.9,3678400.0,0.0,0.0
1996-02-21,0.9,0.92,0.89,0.91,10569600.0,0.0,0.0
1996-02-22,0.91,0.92,0.9,0.9,6884800.0,0.0,0.0
1996-02-23,0.9,0.91,0.88,0.88,9232000.0,0.0,0.0
1996-02-26,0.87,0.88,0.86,0.86,15825600.0,0.0,0.0
1996-02-27,0.87,0.89,0.86,0.88,11452800.0,0.0,0.0
1996-02-28,0.88,0.89,0.87,0.88,9171200.0,0.0,0.0
1996-02-29,0.87,0.89,0.87,0.88,12088000.0,0.0,0.0
1996-03-01,0.89,0.91,0.89,0.91,9683200.0,0.0,0.0
1996-03-04,0.91,0.93,0.9,0.92,7580800.0,0.0,0.0
1996-03-05,0.92,0.95,0.92,0.94,10072000.0,0.0,0.0
1996-03-06,1.02,1.03,1.01,1.02,22336000.0,0.15,0.0
1996-03-07,1.03,1.04,1.02,1.04,15696000.0,0.0,0.0
1996-03-08,1.01,1.04,0.99,1.01,12123200.0,0.0,0.0
1996-03-11,1.0,1.04,1.0,1.03,9852800.0,0.0,0.0
1996-03-12,1.03,1.06,1.03,1.06,11529600.0,0.0,0.0
1996-03-13,1.08,1.1,1.08,1.1,10899200.0,0.0,0.0
1996-03-14,1.1,1.11,1.07,1.1,20806400.0,0.0,0.0
1996-03-15,1.1,1.12,1.07,1.12,19321600.0,0.0,0.0
1996-03-18,1.12,1.13,1.1,1.12,8780800.0,0.0,0.0
1996-03-19,1.13,1.13,1.1,1.12,9083200.0,0.0,0.0
1996-03-20,1.12,1.12,1.1,1.11,7891200.0,0.0,0.0
1996-03-21,1.11,1.13,1.11,1.13,7942400.0,0.0,0.0
1996-03-22,1.13,1.16,1.13,1.16,10187200.0,0.0,0.0
1996-03-25,1.18,1.2,1.17,1.19,13441600.0,0.0,0.0
1996-03-26,1.19,1.2,1.18,1.2,10056000.0,0.0,0.0
1996-03-27,1.2,1.2,1.17,1.18,9131200.0,0.0,0.0
1996-03-28,1.18,1.19,1.16,1.16,5843200.0,0.0,0.0
1996-03-29,1.16,1.16,1.14,1.14,8342400.0,0.0,0.0
1996-04-01,1.14,1.16,1.14,1.16,11281600.0,0.0,0.0
1996-04-02,1.16,1.16,1.13,1.13,8900800.0,0.0,0.0
1996-04-03,1.13,1.13,1.1,1.12,12940800.0,0.0,0.0
1996-04-04,1.14,1.17,1.14,1.15,16432000.0,0.0,0.0
1996-04-08,1.13,1.14,1.12,1.14,11348800.0,0.0,0.0
1996-04-09,1.14,1.15,1.09,1.14,16465600.0,0.0,0.0
1996-04-10,1.13,1.16,1.13,1.16,13667200.0,0.0,0.0
1996-04-11,1.19,1.19,1.16,1.17,11907200.0,0.0,0.0
1996-04-12,1.17,1.19,1.17,1.19,4848000.0,0.0,0.0
1996-04-15,1.2,1.2,1.19,1.2,6891200.0,0.0,0.0
1996-04-16,1.2,1.25,1.2,1.24,13417600.0,0.0,0.0
1996-04-17,1.23,1.33,1.23,1.3,19065600.0,0.0,0.0
1996-04-18,1.3,1.32,1.27,1.28,12838400.0,0.0,0.0
1996-04-19,1.28,1.28,1.26,1.28,12342400.0,0.0,0.0
1996-04-22,1.27,1.27,1.26,1.27,8900800.0,0.0,0.0
1996-04-23,1.26,1.26,1.25,1.26,5646400.0,0.0,0.0
1996-04-24,1.26,1.27,1.25,1.26,7129600.0,0.0,0.0
1996-04-25,1.25,1.25,1.23,1.23,10630400.0,0.0,0.0
1996-04-26,1.24,1.25,1.23,1.24,4556800.0,0.0,0.0
1996-04-29,1.24,1.25,1.24,1.25,3494400.0,0.0,0.0
1996-04-30,1.25,1.25,1.22,1.23,6937600.0,0.0,0.0
1996-05-01,1.23,1.26,1.23,1.24,10347200.0,0.0,0.0
1996-05-02,1.24,1.26,1.23,1.23,8828800.0,0.0,0.0
1996-05-03,1.24,1.26,1.23,1.25,7916800.0,0.0,0.0
1996-05-06,1.25,1.26,1.24,1.25,5483200.0,0.0,0.0
1996-05-07,1.28,1.32,1.27,1.3,12051200.0,0.0,0.0
1996-05-08,1.3,1.32,1.27,1.31,10968000.0,0.0,0.0
1996-05-09,1.31,1.31,1.28,1.29,6827200.0,0.0,0.0
1996-05-10,1.3,1.33,1.3,1.31,6172800.0,0.0,0.0
1996-05-13,1.31,1.36,1.31,1.35,7827200.0,0.0,0.0
1996-05-14,1.35,1.37,1.35,1.35,8332800.0,0.0,0.0
1996-05-15,1.35,1.35,1.31,1.32,10342400.0,0.0,0.0
1996-05-16,1.32,1.32,1.3,1.32,11876800.0,0.0,0.0
1996-05-17,1.32,1.33,1.32,1.33,8881600.0,0.0,0.0
1996-05-20,1.34,1.35,1.33,1.35,6801600.0,0.0,0.0
1996-05-21,1.35,1.41,1.35,1.4,14939200.0,0.0,0.0
1996-05-22,1.41,1.45,1.38,1.39,18670400.0,0.0,0.0
1996-05-23,1.39,1.44,1.39,1.42,10153600.0,0.0,0.0
1996-05-24,1.4,1.44,1.4,1.42,7545600.0,0.0,0.0
1996-05-28,1.43,1.46,1.38,1.38,12008000.0,0.0,0.0
1996-05-29,1.39,1.42,1.39,1.39,9708800.0,0.0,0.0
1996-05-30,1.39,1.41,1.38,1.4,6931200.0,0.0,0.0
1996-05-31,1.4,1.42,1.4,1.41,5004800.0,0.0,0.0
1996-06-03,1.41,1.43,1.4,1.41,3027200.0,0.0,0.0
1996-06-04,1.42,1.42,1.38,1.4,5696000.0,0.0,0.0
1996-06-05,1.43,1.49,1.42,1.49,8473600.0,0.15,0.0
1996-06-06,1.5,1.52,1.49,1.5,12459200.0,0.0,0.0
1996-06-07,1.44,1.52,1.43,1.5,10000000.0,0.0,0.0
1996-06-10,1.5,1.51,1.49,1.51,3795200.0,0.0,0.0
1996-06-11,1.53,1.54,1.51,1.52,5283200.0,0.0,0.0
1996-06-12,1.51,1.55,1.5,1.55,6416000.0,0.0,0.0
1996-06-13,1.54,1.54,1.52,1.52,4980800.0,0.0,0.0
1996-06-14,1.52,1.52,1.51,1.51,3532800.0,0.0,0.0
1996-06-17,1.5,1.51,1.49,1.49,4105600.0,0.0,0.0
1996-06-18,1.5,1.5,1.46,1.47,5196800.0,0.0,0.0
1996-06-19,1.47,1.48,1.44,1.44,7136000.0,0.0,0.0
1996-06-20,1.44,1.44,1.4,1.41,8872000.0,0.0,0.0
1996-06-21,1.43,1.49,1.43,1.49,10321600.0,0.0,0.0
1996-06-24,1.5,1.5,1.47,1.48,6251200.0,0.0,0.0
1996-06-25,1.48,1.49,1.43,1.46,11723200.0,0.0,0.0
1996-06-26,1.44,1.46,1.44,1.44,5504000.0,0.0,0.0
1996-06-27,1.44,1.46,1.44,1.44,4624000.0,0.0,0.0
1996-06-28,1.45,1.5,1.44,1.48,9721600.0,0.0,0.0
1996-07-01,1.48,1.5,1.47,1.5,4928000.0,0.0,0.0
1996-07-02,1.52,1.53,1.5,1.52,7788800.0,0.0,0.0
1996-07-03,1.54,1.57,1.53,1.57,12296000.0,0.0,0.0
1996-07-05,1.54,1.54,1.51,1.53,5672000.0,0.0,0.0
1996-07-08,1.53,1.56,1.49,1.5,12600000.0,0.0,0.0
1996-07-09,1.56,1.59,1.55,1.56,30236800.0,0.0,0.0
1996-07-10,1.57,1.57,1.51,1.54,16140800.0,0.0,0.0
1996-07-11,1.54,1.54,1.43,1.5,16228800.0,0.0,0.0
1996-07-12,1.51,1.54,1.5,1.53,16288000.0,0.0,0.0
1996-07-15,1.53,1.53,1.47,1.47,9044800.0,0.0,0.0
1996-07-16,1.47,1.49,1.42,1.47,24523200.0,0.0,0.0
1996-07-17,1.49,1.5,1.48,1.48,10819200.0,0.0,0.0
1996-07-18,1.48,1.51,1.47,1.5,7963200.0,0.0,0.0
1996-07-19,1.5,1.5,1.45,1.45,9822400.0,0.0,0.0
1996-07-22,1.44,1.45,1.42,1.44,7740800.0,0.0,0.0
1996-07-23,1.44,1.47,1.43,1.46,9492800.0,0.0,0.0
1996-07-24,1.43,1.47,1.4,1.42,16254400.0,0.0,0.0
1996-07-25,1.44,1.44,1.4,1.4,12075200.0,0.0,0.0
1996-07-26,1.4,1.43,1.38,1.41,9022400.0,0.0,0.0
1996-07-29,1.41,1.47,1.4,1.44,8289600.0,0.0,0.0
1996-07-30,1.46,1.49,1.44,1.49,9043200.0,0.0,0.0
1996-07-31,1.48,1.51,1.47,1.48,7326400.0,0.0,0.0
1996-08-01,1.48,1.52,1.48,1.52,8406400.0,0.0,0.0
1996-08-02,1.53,1.57,1.53,1.56,12462400.0,0.0,0.0
1996-08-05,1.56,1.56,1.55,1.55,7068800.0,0.0,0.0
1996-08-06,1.55,1.58,1.55,1.56,6878400.0,0.0,0.0
1996-08-07,1.57,1.57,1.55,1.55,5364800.0,0.0,0.0
1996-08-08,1.56,1.56,1.54,1.55,6804800.0,0.0,0.0
1996-08-09,1.55,1.55,1.53,1.53,6892800.0,0.0,0.0
1996-08-12,1.52,1.54,1.52,1.54,3636800.0,0.0,0.0
1996-08-13,1.54,1.54,1.52,1.53,2196800.0,0.0,0.0
1996-08-14,1.53,1.53,1.51,1.51,6382400.0,0.0,0.0
1996-08-15,1.51,1.51,1.48,1.49,9700800.0,0.0,0.0
1996-08-16,1.5,1.51,1.5,1.5,5857600.0,0.0,0.0
1996-08-19,1.51,1.53,1.51,1.53,3353600.0,0.0,0.0
1996-08-20,1.53,1.56,1.53,1.56,5921600.0,0.0,0.0
1996-08-21,1.56,1.57,1.54,1.54,2646400.0,0.0,0.0
1996-08-22,1.54,1.57,1.53,1.56,3611200.0,0.0,0.0
1996-08-23,1.58,1.58,1.53,1.54,5232000.0,0.0,0.0
1996-08-26,1.54,1.54,1.53,1.54,3889600.0,0.0,0.0
1996-08-27,1.54,1.56,1.53,1.56,3118400.0,0.0,0.0
1996-08-28,1.56,1.6,1.56,1.58,14088000.0,0.0,0.0
1996-08-29,1.57,1.57,1.53,1.56,4768000.0,0.0,0.0
1996-08-30,1.55,1.56,1.53,1.55,3902400.0,0.0,0.0
1996-09-03,1.53,1.55,1.52,1.55,5414400.0,0.0,0.0
1996-09-04,1.58,1.62,1.58,1.61,13192000.0,0.15,0.0
1996-09-05,1.61,1.61,1.58,1.58,5587200.0,0.0,0.0
1996-09-06,1.6,1.62,1.59,1.62,7460800.0,0.0,0.0
1996-09-09,1.62,1.67,1.61,1.67,9476800.0,0.0,0.0
1996-09-10,1.67,1.7,1.67,1.69,8603200.0,0.0,0.0
1996-09-11,1.68,1.73,1.67,1.73,18451200.0,0.0,0.0
1996-09-12,1.74,1.77,1.72,1.76,12840000.0,0.0,0.0
1996-09-13,1.77,1.79,1.75,1.77,15142400.0,0.0,0.0
1996-09-16,1.77,1.81,1.74,1.79,22630400.0,0.0,0.0
1996-09-17,1.8,1.83,1.8,1.83,17790400.0,0.0,0.0
1996-09-18,1.83,1.83,1.81,1.81,9265600.0,0.0,0.0
1996-09-19,1.81,1.83,1.8,1.83,8331200.0,0.0,0.0
1996-09-20,1.83,1.85,1.83,1.84,10635200.0,0.0,0.0
1996-09-23,1.84,1.84,1.82,1.83,7284800.0,0.0,0.0
1996-09-24,1.83,1.83,1.81,1.82,9664000.0,0.0,0.0
1996-09-25,1.82,1.82,1.8,1.8,6062400.0,0.0,0.0
1996-09-26,1.81,1.81,1.76,1.76,8227200.0,0.0,0.0
1996-09-27,1.77,1.79,1.75,1.79,6518400.0,0.0,0.0
1996-09-30,1.8,1.81,1.78,1.79,4865600.0,0.0,0.0
1996-10-01,1.79,1.8,1.77,1.77,5584000.0,0.0,0.0
1996-10-02,1.79,1.8,1.78,1.8,5392000.0,0.0,0.0
1996-10-03,1.8,1.84,1.8,1.83,11920000.0,0.0,0.0
1996-10-04,1.85,1.86,1.83,1.83,10520000.0,0.0,0.0
1996-10-07,1.83,1.85,1.83,1.83,4107200.0,0.0,0.0
1996-10-08,1.83,1.83,1.78,1.78,8292800.0,0.0,0.0
1996-10-09,1.78,1.8,1.77,1.78,7217600.0,0.0,0.0
1996-10-10,1.78,1.78,1.76,1.77,7144000.0,0.0,0.0
1996-10-11,1.79,1.79,1.76,1.76,9512000.0,0.0,0.0
1996-10-14,1.76,1.79,1.76,1.79,9470400.0,0.0,0.0
1996-10-15,1.8,1.8,1.76,1.76,8992000.0,0.0,0.0
1996-10-16,1.77,1.79,1.76,1.78,8377600.0,0.0,0.0
1996-10-17,1.79,1.8,1.78,1.79,5475200.0,0.0,0.0
1996-10-18,1.79,1.79,1.77,1.77,6798400.0,0.0,0.0
1996-10-21,1.77,1.83,1.77,1.81,7796800.0,0.0,0.0
1996-10-22,1.81,1.82,1.78,1.79,4686400.0,0.0,0.0
1996-10-23,1.79,1.79,1.76,1.78,7558400.0,0.0,0.0
1996-10-24,1.78,1.85,1.78,1.83,11611200.0,0.0,2.0
1996-10-25,1.85,1.87,1.82,1.85,10563200.0,0.0,0.0
1996-10-28,1.87,1.88,1.82,1.83,9272000.0,0.0,0.0
1996-10-29,1.84,1.84,1.78,1.79,9288800.0,0.0,0.0
1996-10-30,1.79,1.79,1.72,1.76,12857600.0,0.0,0.0
1996-10-31,1.75,1.75,1.69,1.74,12772000.0,0.0,0.0
1996-11-01,1.75,1.76,1.57,1.61,65710400.0,0.0,0.0
1996-11-04,1.64,1.64,1.6,1.61,26155200.0,0.0,0.0
1996-11-05,1.62,1.62,1.52,1.59,52776000.0,0.0,0.0
1996-11-06,1.6,1.66,1.6,1.64,30355200.0,0.0,0.0
1996-11-07,1.65,1.68,1.65,1.66,18374400.0,0.0,0.0
1996-11-08,1.65,1.71,1.64,1.7,10179200.0,0.0,0.0
1996-11-11,1.71,1.73,1.68,1.69,13295200.0,0.0,0.0
1996-11-12,1.69,1.7,1.64,1.65,12193600.0,0.0,0.0
1996-11-13,1.66,1.66,1.62,1.63,9078400.0,0.0,0.0
1996-11-14,1.63,1.63,1.59,1.6,13043200.0,0.0,0.0
1996-11-15,1.61,1.65,1.61,1.64,13841600.0,0.0,0.0
1996-11-18,1.65,1.67,1.62,1.64,7896000.0,0.0,0.0
1996-11-19,1.63,1.63,1.6,1.61,9620800.0,0.0,0.0
1996-11-20,1.61,1.61,1.55,1.57,19510400.0,0.0,0.0
1996-11-21,1.6,1.6,1.55,1.57,13453600.0,0.0,0.0
1996-11-22,1.57,1.65,1.57,1.65,12428000.0,0.0,0.0
1996-11-25,1.67,1.67,1.62,1.64,9857600.0,0.0,0.0
1996-11-26,1.66,1.67,1.63,1.64,11151200.0,0.0,0.0
1996-11-27,1.64,1.65,1.61,1.64,7745600.0,0.0,0.0
1996-11-29,1.67,1.68,1.65,1.67,4118400.0,0.0,0.0
1996-12-02,1.68,1.69,1.65,1.69,6196000.0,0.0,0.0
1996-12-03,1.7,1.72,1.62,1.64,14370400.0,0.0,0.0
1996-12-04,1.64,1.69,1.61,1.69,14949600.0,0.0,0.0
1996-12-05,1.69,1.71,1.66,1.67,7948000.0,0.0,0.0
1996-12-06,1.6,1.66,1.6,1.65,8372800.0,0.0,0.0
1996-12-09,1.66,1.68,1.65,1.68,7147200.0,0.0,0.0
1996-12-10,1.68,1.68,1.64,1.65,8819200.0,0.0,0.0
1996-12-11,1.61,1.63,1.6,1.61,15811200.0,0.0,0.0
1996-12-12,1.61,1.63,1.58,1.58,14439200.0,0.0,0.0
1996-12-13,1.6,1.6,1.54,1.56,16056800.0,0.1,0.0
1996-12-16,1.56,1.64,1.56,1.58,15107200.0,0.0,0.0
1996-12-17,1.56,1.6,1.56,1.57,14852800.0,0.0,0.0
1996-12-18,1.6,1.76,1.59,1.76,10237600.0,0.0,0.0
1996-12-19,1.78,1.84,1.77,1.82,37416800.0,0.0,0.0
1996-12-20,1.84,1.85,1.82,1.84,16568000.0,0.0,0.0
1996-12-23,1.83,1.87,1.81,1.82,8096000.0,0.0,0.0
1996-12-24,1.82,1.86,1.81,1.84,4056000.0,0.0,0.0
1996-12-26,1.85,1.86,1.83,1.86,4151200.0,0.0,0.0
1996-12-27,1.87,1.87,1.84,1.85,3163200.0,0.0,0.0
1996-12-30,1.85,1.85,1.81,1.83,5312000.0,0.0,0.0
1996-12-31,1.83,1.83,1.77,1.79,8338400.0,0.0,0.0
1997-01-02,1.78,1.79,1.73,1.78,11778400.0,0.0,0.0
1997-01-03,1.81,1.84,1.8,1.81,5774400.0,0.0,0.0
1997-01-06,1.85,1.87,1.81,1.81,10281600.0,0.0,0.0
1997-01-07,1.8,1.81,1.78,1.79,8089600.0,0.0,0.0
1997-01-08,1.79,1.82,1.77,1.78,12529600.0,0.0,0.0
1997-01-09,1.79,1.82,1.79,1.81,10835200.0,0.0,0.0
1997-01-10,1.78,1.83,1.78,1.82,9521600.0,0.0,0.0
1997-01-13,1.83,1.85,1.79,1.79,10945600.0,0.0,0.0
1997-01-14,1.81,1.85,1.81,1.84,11922400.0,0.0,0.0
1997-01-15,1.83,1.84,1.82,1.84,9804000.0,0.0,0.0
1997-01-16,1.85,1.87,1.84,1.85,13860800.0,0.0,0.0
1997-01-17,1.85,1.93,1.85,1.93,20928000.0,0.0,0.0
1997-01-20,1.93,2.01,1.92,1.99,15778400.0,0.0,0.0
1997-01-21,1.97,1.99,1.96,1.97,11376000.0,0.0,0.0
1997-01-22,1.98,2.03,1.97,2.02,10971200.0,0.0,0.0
1997-01-23,2.04,2.07,1.98,1.98,17328000.0,0.0,0.0
1997-01-24,1.97,2.01,1.96,1.97,9737600.0,0.0,0.0
1997-01-27,1.97,1.97,1.94,1.94,6282400.0,0.0,0.0
1997-01-28,1.97,1.99,1.93,1.94,6722400.0,0.0,0.0
1997-01-29,1.95,1.98,1.95,1.98,4300000.0,0.0,0.0
1997-01-30,2.0,2.0,1.96,1.98,8577600.0,0.0,0.0
1997-01-31,2.01,2.04,1.99,2.04,7751200.0,0.0,0.0
1997-02-03,2.03,2.05,2.02,2.02,8217600.0,0.0,0.0
1997-02-04,2.0,2.0,1.97,1.98,6952800.0,0.0,0.0
1997-02-05,1.98,2.0,1.88,1.95,9160800.0,0.0,0.0
1997-02-06,1.94,1.96,1.89,1.91,8655200.0,0.0,0.0
1997-02-07,1.95,1.95,1.92,1.95,8605600.0,0.0,0.0
1997-02-10,1.96,2.04,1.96,2.02,11100000.0,0.0,0.0
1997-02-11,2.03,2.05,2.01,2.04,6984800.0,0.0,0.0
1997-02-12,2.04,2.13,2.04,2.13,13146400.0,0.0,0.0
1997-02-13,2.12,2.27,2.11,2.26,20280000.0,0.0,0.0
1997-02-14,2.22,2.24,2.19,2.23,17065600.0,0.0,0.0
1997-02-18,2.2,2.26,2.16,2.25,11239200.0,0.0,0.0
1997-02-19,2.25,2.28,2.2,2.22,11107200.0,0.0,0.0
1997-02-20,2.19,2.23,2.17,2.21,12408800.0,0.0,0.0
1997-02-21,2.2,2.21,2.18,2.19,8203200.0,0.0,0.0
1997-02-24,2.16,2.19,2.15,2.17,8005600.0,0.0,0.0
1997-02-25,2.18,2.23,2.15,2.22,8991200.0,0.0,0.0
1997-02-26,2.22,2.25,2.16,2.24,11241600.0,0.0,0.0
1997-02-27,2.24,2.26,2.21,2.21,6457600.0,0.0,0.0
1997-02-28,2.17,2.19,2.13,2.15,9372000.0,0.0,0.0
1997-03-03,2.11,2.13,2.08,2.12,11350400.0,0.0,0.0
1997-03-04,2.14,2.18,2.13,2.14,7558400.0,0.0,0.0
1997-03-05,2.15,2.16,2.13,2.14,4572000.0,0.0,0.0
1997-03-06,2.15,2.16,2.13,2.13,6551200.0,0.0,0.0
1997-03-07,2.13,2.14,2.04,2.04,9776000.0,0.0,0.0
1997-03-10,2.04,2.04,1.99,2.0,21879200.0,0.0,0.0
1997-03-11,1.88,2.01,1.88,1.98,65299200.0,0.0,0.0
1997-03-12,1.98,2.01,1.89,1.97,19391200.0,0.0,0.0
1997-03-13,1.98,1.99,1.92,1.93,13781600.0,0.0,0.0
1997-03-14,1.95,1.97,1.94,1.96,10773600.0,0.0,0.0
1997-03-17,1.96,1.96,1.91,1.96,8556800.0,0.0,0.0
1997-03-18,1.97,2.0,1.96,1.98,10819200.0,0.1,0.0
1997-03-19,1.98,2.1,1.96,2.06,20067200.0,0.0,0.0
1997-03-20,2.07,2.11,2.02,2.04,15308000.0,0.0,0.0
1997-03-21,2.09,2.1,1.96,1.97,31067200.0,0.0,0.0
1997-03-24,1.99,1.99,1.91,1.95,20025600.0,0.0,0.0
1997-03-25,1.95,1.99,1.95,1.97,17813600.0,0.0,0.0
1997-03-26,1.97,1.99,1.95,1.97,11981600.0,0.0,0.0
1997-03-27,1.97,1.97,1.92,1.92,9844800.0,0.0,0.0
1997-03-31,1.9,1.9,1.85,1.87,14300000.0,0.0,0.0
1997-04-01,1.87,1.89,1.82,1.88,16017600.0,0.0,0.0
1997-04-02,1.9,1.91,1.83,1.85,14578400.0,0.0,0.0
1997-04-03,1.83,1.84,1.75,1.78,21554400.0,0.0,0.0
1997-04-04,1.73,1.8,1.73,1.79,20128000.0,0.0,0.0
1997-04-07,1.82,1.82,1.55,1.66,108052800.0,0.0,0.0
1997-04-08,1.71,1.71,1.59,1.65,60657600.0,0.0,0.0
1997-04-09,1.68,1.71,1.63,1.7,33796800.0,0.0,0.0
1997-04-10,1.7,1.71,1.68,1.68,14685600.0,0.0,0.0
1997-04-11,1.68,1.7,1.66,1.66,12316800.0,0.0,0.0
1997-04-14,1.7,1.71,1.67,1.71,11925600.0,0.0,0.0
1997-04-15,1.76,1.77,1.71,1.76,19558400.0,0.0,0.0
1997-04-16,1.76,1.79,1.74,1.75,15995200.0,0.0,0.0
1997-04-17,1.76,1.77,1.59,1.64,57412800.0,0.0,0.0
1997-04-18,1.65,1.66,1.55,1.58,48961600.0,0.0,0.0
1997-04-21,1.59,1.62,1.58,1.59,15800000.0,0.0,0.0
1997-04-22,1.6,1.61,1.58,1.61,13605600.0,0.0,0.0
1997-04-23,1.61,1.64,1.61,1.64,15935200.0,0.0,0.0
1997-04-24,1.65,1.67,1.64,1.65,15203200.0,0.0,0.0
1997-04-25,1.67,1.71,1.67,1.7,17400000.0,0.0,0.0
1997-04-28,1.65,1.67,1.58,1.61,25024000.0,0.0,0.0
1997-04-29,1.63,1.65,1.61,1.65,14053600.0,0.0,0.0
1997-04-30,1.66,1.73,1.65,1.7,17342400.0,0.0,0.0
1997-05-01,1.71,1.74,1.7,1.74,16620800.0,0.0,0.0
1997-05-02,1.74,1.74,1.67,1.69,18538400.0,0.0,0.0
1997-05-05,1.7,1.8,1.7,1.78,18021600.0,0.0,0.0
1997-05-06,1.78,1.8,1.75,1.77,19728000.0,0.0,0.0
1997-05-07,1.76,1.77,1.74,1.75,10238400.0,0.0,0.0
1997-05-08,1.73,1.75,1.69,1.7,13827200.0,0.0,0.0
1997-05-09,1.71,1.71,1.67,1.69,17100800.0,0.0,0.0
1997-05-12,1.69,1.7,1.68,1.7,20164800.0,0.0,0.0
1997-05-13,1.69,1.72,1.69,1.71,15238400.0,0.0,0.0
1997-05-14,1.72,1.78,1.7,1.73,26992000.0,0.0,0.0
1997-05-15,1.72,1.74,1.71,1.73,15570400.0,0.0,0.0
1997-05-16,1.72,1.72,1.62,1.65,55036000.0,0.0,0.0
1997-05-19,1.68,1.68,1.65,1.68,19595200.0,0.0,0.0
1997-05-20,1.69,1.71,1.68,1.71,18668800.0,0.0,0.0
1997-05-21,1.71,1.72,1.68,1.72,19121600.0,0.0,0.0
1997-05-22,1.73,1.74,1.66,1.69,26205600.0,0.0,0.0
1997-05-23,1.7,1.71,1.66,1.7,23476800.0,0.0,0.0
1997-05-27,1.7,1.82,1.7,1.82,31323200.0,0.0,0.0
1997-05-28,1.84,2.01,1.84,1.93,50995200.0,0.0,0.0
1997-05-29,1.64,1.7,1.63,1.67,157445600.0,0.0,0.0
1997-05-30,1.68,1.74,1.66,1.74,58500800.0,0.0,0.0
1997-06-02,1.75,1.75,1.69,1.7,21775200.0,0.0,0.0
1997-06-03,1.7,1.7,1.67,1.67,20666400.0,0.0,0.0
1997-06-04,1.68,1.7,1.66,1.68,22621600.0,0.0,0.0
1997-06-05,1.68,1.7,1.66,1.67,19127200.0,0.0,0.0
1997-06-06,1.67,1.68,1.66,1.68,15915200.0,0.0,0.0
1997-06-09,1.71,1.73,1.68,1.72,16161600.0,0.0,0.0
1997-06-10,1.74,1.78,1.73,1.76,15350400.0,0.0,0.0
1997-06-11,1.76,1.78,1.75,1.78,18057600.0,0.0,0.0
1997-06-12,1.78,1.79,1.75,1.77,16356000.0,0.0,0.0
1997-06-13,1.78,1.81,1.78,1.79,16402400.0,0.0,0.0
1997-06-16,1.81,1.87,1.8,1.86,18450400.0,0.1,0.0
1997-06-17,1.83,1.9,1.81,1.83,30969600.0,0.0,0.0
1997-06-18,1.83,1.86,1.81,1.85,10886400.0,0.0,0.0
1997-06-19,1.87,1.88,1.84,1.87,13938400.0,0.0,0.0
1997-06-20,1.86,1.87,1.83,1.84,12279200.0,0.0,0.0
1997-06-23,1.83,1.84,1.8,1.8,9364800.0,0.0,0.0
1997-06-24,1.81,1.85,1.8,1.83,14157600.0,0.0,0.0
1997-06-25,1.83,1.87,1.81,1.83,13535200.0,0.0,0.0
1997-06-26,1.84,1.86,1.77,1.78,14824000.0,0.0,0.0
1997-06-27,1.79,1.8,1.76,1.79,13441600.0,0.0,0.0
1997-06-30,1.83,1.83,1.76,1.79,11793600.0,0.0,0.0
1997-07-01,1.78,1.81,1.77,1.78,9890400.0,0.0,0.0
1997-07-02,1.72,1.79,1.7,1.76,40356800.0,0.0,0.0
1997-07-03,1.79,1.8,1.77,1.8,13809600.0,0.0,0.0
1997-07-07,1.81,1.81,1.75,1.75,18119200.0,0.0,0.0
1997-07-08,1.75,1.76,1.74,1.76,16339200.0,0.0,0.0
1997-07-09,1.77,1.8,1.75,1.8,23820000.0,0.0,0.0
1997-07-10,1.79,1.81,1.78,1.8,14081600.0,0.0,0.0
1997-07-11,1.81,1.81,1.79,1.8,10883200.0,0.0,0.0
1997-07-14,1.81,1.84,1.8,1.84,18007200.0,0.0,0.0
1997-07-15,1.85,1.9,1.83,1.89,24760800.0,0.0,0.0
1997-07-16,1.9,1.92,1.85,1.86,17957600.0,0.0,0.0
1997-07-17,1.87,1.9,1.86,1.9,16556800.0,0.0,0.0
1997-07-18,1.91,1.92,1.87,1.89,13606400.0,0.0,0.0
1997-07-21,1.89,1.9,1.86,1.86,8488800.0,0.0,0.0
1997-07-22,1.87,1.88,1.86,1.88,10418400.0,0.0,0.0
1997-07-23,1.88,1.91,1.87,1.89,11338400.0,0.0,0.0
1997-07-24,1.91,1.91,1.86,1.87,8918400.0,0.0,0.0
1997-07-25,1.88,1.91,1.87,1.88,6384800.0,0.0,0.0
1997-07-28,1.9,1.9,1.85,1.85,6317600.0,0.0,0.0
1997-07-29,1.87,1.89,1.85,1.88,6932800.0,0.0,0.0
1997-07-30,1.89,1.94,1.88,1.92,14849600.0,0.0,0.0
1997-07-31,1.93,1.96,1.9,1.92,11653600.0,0.0,0.0
1997-08-01,1.9,1.91,1.87,1.9,11481600.0,0.0,0.0
1997-08-04,1.89,1.93,1.89,1.91,5746400.0,0.0,0.0
1997-08-05,1.91,1.91,1.87,1.89,4946400.0,0.0,0.0
1997-08-06,1.89,1.89,1.86,1.87,8842400.0,0.0,0.0
1997-08-07,1.87,1.87,1.83,1.83,10968000.0,0.0,0.0
1997-08-08,1.82,1.83,1.8,1.81,9186400.0,0.0,0.0
1997-08-11,1.8,1.85,1.79,1.85,9060800.0,0.0,0.0
1997-08-12,1.85,1.89,1.85,1.88,14703200.0,0.0,0.0
1997-08-13,1.91,1.91,1.85,1.89,13512000.0,0.0,0.0
1997-08-14,1.9,1.9,1.88,1.9,13395200.0,0.0,0.0
1997-08-15,1.89,1.89,1.81,1.82,17945600.0,0.0,0.0
1997-08-18,1.82,1.82,1.78,1.82,16619200.0,0.0,0.0
1997-08-19,1.82,1.82,1.74,1.77,34731200.0,0.0,0.0
1997-08-20,1.75,1.77,1.73,1.75,29460800.0,0.0,0.0
1997-08-21,1.74,1.74,1.7,1.71,23751200.0,0.0,0.0
1997-08-22,1.69,1.73,1.68,1.71,16240800.0,0.0,0.0
1997-08-25,1.72,1.72,1.69,1.7,10116800.0,0.0,0.0
1997-08-26,1.69,1.71,1.68,1.68,16036800.0,0.0,0.0
1997-08-27,1.68,1.68,1.64,1.65,16625600.0,0.0,0.0
1997-08-28,1.65,1.66,1.61,1.63,17444000.0,0.0,0.0
1997-08-29,1.62,1.65,1.62,1.63,12975200.0,0.0,0.0
1997-09-02,1.67,1.71,1.66,1.7,14430400.0,0.0,0.0
1997-09-03,1.71,1.73,1.66,1.72,21334400.0,0.0,0.0
1997-09-04,1.72,1.72,1.68,1.7,13213600.0,0.0,0.0
1997-09-05,1.7,1.72,1.65,1.67,11224000.0,0.0,0.0
1997-09-08,1.67,1.68,1.64,1.66,20735200.0,0.0,0.0
1997-09-09,1.65,1.7,1.65,1.67,14639200.0,0.0,0.0
1997-09-10,1.67,1.67,1.62,1.63,23548000.0,0.0,0.0
1997-09-11,1.61,1.65,1.61,1.65,16307200.0,0.0,0.0
1997-09-12,1.65,1.67,1.62,1.66,11885600.0,0.0,0.0
1997-09-15,1.66,1.66,1.62,1.62,9650400.0,0.0,0.0
1997-09-16,1.63,1.64,1.61,1.63,17984800.0,0.0,0.0
1997-09-17,1.61,1.63,1.6,1.61,18564000.0,0.0,0.0
1997-09-18,1.63,1.72,1.63,1.71,25782400.0,0.1,0.0
1997-09-19,1.67,1.73,1.66,1.69,34753600.0,0.0,0.0
1997-09-22,1.69,1.73,1.67,1.72,19523200.0,0.0,0.0
1997-09-23,1.72,1.74,1.7,1.71,18414400.0,0.0,0.0
1997-09-24,1.71,1.72,1.69,1.7,9191200.0,0.0,0.0
1997-09-25,1.68,1.69,1.67,1.68,9016800.0,0.0,0.0
1997-09-26,1.67,1.69,1.66,1.66,8713600.0,0.0,0.0
1997-09-29,1.66,1.67,1.65,1.66,7840000.0,0.0,0.0
1997-09-30,1.67,1.67,1.64,1.65,9102400.0,0.0,0.0
1997-10-01,1.66,1.66,1.63,1.64,9087200.0,0.0,0.0
1997-10-02,1.64,1.65,1.64,1.65,6230400.0,0.0,0.0
1997-10-03,1.65,1.67,1.64,1.65,10140800.0,0.0,0.0
1997-10-06,1.65,1.65,1.62,1.63,9005600.0,0.0,0.0
1997-10-07,1.63,1.65,1.62,1.64,8344000.0,0.0,0.0
1997-10-08,1.65,1.66,1.62,1.62,18615200.0,0.0,0.0
1997-10-09,1.62,1.63,1.6,1.61,13612800.0,0.0,0.0
1997-10-10,1.62,1.63,1.6,1.61,9501600.0,0.0,0.0
1997-10-13,1.63,1.64,1.61,1.62,6336000.0,0.0,0.0
1997-10-14,1.62,1.63,1.61,1.63,9076000.0,0.0,0.0
1997-10-15,1.61,1.64,1.61,1.62,9233600.0,0.0,0.0
1997-10-16,1.63,1.63,1.59,1.59,12010400.0,0.0,0.0
1997-10-17,1.57,1.57,1.54,1.56,24133600.0,0.0,0.0
1997-10-20,1.56,1.56,1.54,1.55,13648000.0,0.0,0.0
1997-10-21,1.54,1.54,1.49,1.52,28930400.0,0.0,0.0
1997-10-22,1.52,1.54,1.52,1.53,29968000.0,0.0,0.0
1997-10-23,1.49,1.54,1.49,1.52,19533600.0,0.0,0.0
1997-10-24,1.53,1.53,1.48,1.51,13958400.0,0.0,0.0
1997-10-27,1.48,1.52,1.4,1.42,14493600.0,0.0,0.0
1997-10-28,1.4,1.5,1.4,1.47,27999200.0,0.0,0.0
1997-10-29,1.47,1.51,1.45,1.49,17536000.0,0.0,0.0
1997-10-30,1.46,1.51,1.45,1.47,11026400.0,0.0,0.0
1997-10-31,1.47,1.49,1.46,1.47,10211200.0,0.0,0.0
1997-11-03,1.49,1.51,1.47,1.51,11335200.0,0.0,0.0
1997-11-04,1.5,1.53,1.49,1.53,16032000.0,0.0,0.0
1997-11-05,1.52,1.52,1.49,1.52,15204800.0,0.0,0.0
1997-11-06,1.51,1.52,1.5,1.51,9236000.0,0.0,0.0
1997-11-07,1.49,1.5,1.48,1.49,7520000.0,0.0,0.0
1997-11-10,1.5,1.5,1.48,1.48,10116800.0,0.0,0.0
1997-11-11,1.49,1.49,1.46,1.48,7676800.0,0.0,0.0
1997-11-12,1.47,1.48,1.45,1.45,8453600.0,0.0,0.0
1997-11-13,1.45,1.48,1.44,1.46,6112000.0,0.0,0.0
1997-11-14,1.46,1.52,1.46,1.51,5664800.0,0.0,0.0
1997-11-17,1.55,1.56,1.51,1.56,11433600.0,0.0,0.0
1997-11-18,1.56,1.6,1.56,1.58,13595200.0,0.0,0.0
1997-11-19,1.57,1.58,1.57,1.57,7342400.0,0.0,0.0
1997-11-20,1.57,1.58,1.56,1.56,6825600.0,0.0,0.0
1997-11-21,1.56,1.58,1.56,1.58,7743200.0,0.0,0.0
1997-11-24,1.55,1.55,1.51,1.52,15057600.0,0.0,0.0
1997-11-25,1.52,1.56,1.52,1.55,11511200.0,0.0,0.0
1997-11-26,1.55,1.56,1.54,1.55,10286400.0,0.0,0.0
1997-11-28,1.55,1.55,1.51,1.51,5298400.0,0.0,0.0
1997-12-01,1.52,1.56,1.52,1.55,8693600.0,0.0,0.0
1997-12-02,1.55,1.56,1.5,1.5,14576000.0,0.0,0.0
1997-12-03,1.49,1.5,1.47,1.49,24898400.0,0.0,0.0
1997-12-04,1.49,1.51,1.48,1.5,17211200.0,0.0,0.0
1997-12-05,1.49,1.5,1.47,1.47,23044800.0,0.0,0.0
1997-12-08,1.48,1.48,1.46,1.47,16957600.0,0.0,0.0
1997-12-09,1.46,1.47,1.44,1.44,17191200.0,0.0,0.0
1997-12-10,1.44,1.47,1.44,1.45,11036000.0,0.0,0.0
1997-12-11,1.43,1.43,1.39,1.4,18121600.0,0.0,0.0
1997-12-12,1.4,1.41,1.37,1.38,14348000.0,0.0,0.0
1997-12-15,1.39,1.41,1.38,1.38,13890400.0,0.0,0.0
1997-12-16,1.38,1.44,1.38,1.39,15252000.0,0.0,0.0
1997-12-17,1.38,1.39,1.35,1.35,13436000.0,0.0,0.0
1997-12-18,1.37,1.39,1.27,1.27,20759200.0,0.12,0.0
1997-12-19,1.23,1.28,1.2,1.28,64632000.0,0.0,0.0
1997-12-22,1.26,1.28,1.26,1.27,16414400.0,0.0,0.0
1997-12-23,1.26,1.26,1.23,1.24,17004800.0,0.0,0.0
1997-12-24,1.23,1.24,1.23,1.23,8492800.0,0.0,0.0
1997-12-26,1.24,1.24,1.23,1.24,8316800.0,0.0,0.0
1997-12-29,1.24,1.24,1.22,1.23,16860800.0,0.0,0.0
1997-12-30,1.23,1.27,1.23,1.26,20009600.0,0.0,0.0
1997-12-31,1.26,1.28,1.24,1.24,21385600.0,0.0,0.0
1998-01-02,1.25,1.28,1.25,1.27,11108800.0,0.0,0.0
1998-01-05,1.32,1.37,1.31,1.36,26392800.0,0.0,0.0
1998-01-06,1.36,1.38,1.34,1.36,19414400.0,0.0,0.0
1998-01-07,1.34,1.36,1.33,1.35,20752800.0,0.0,0.0
1998-01-08,1.35,1.35,1.33,1.34,9124800.0,0.0,0.0
1998-01-09,1.34,1.34,1.26,1.26,13812800.0,0.0,0.0
1998-01-12,1.24,1.27,1.24,1.27,13344800.0,0.0,0.0
1998-01-13,1.27,1.3,1.27,1.3,7830400.0,0.0,0.0
1998-01-14,1.3,1.31,1.27,1.31,15986400.0,0.0,0.0
1998-01-15,1.3,1.33,1.3,1.32,8615200.0,0.0,0.0
1998-01-16,1.32,1.33,1.3,1.31,9079200.0,0.0,0.0
1998-01-20,1.33,1.33,1.31,1.33,9015200.0,0.0,0.0
1998-01-21,1.33,1.34,1.32,1.32,9165600.0,0.0,0.0
1998-01-22,1.31,1.32,1.28,1.28,11049600.0,0.0,0.0
1998-01-23,1.3,1.3,1.27,1.28,8397600.0,0.0,0.0
1998-01-26,1.27,1.28,1.27,1.28,5478400.0,0.0,0.0
1998-01-27,1.27,1.3,1.27,1.29,7167200.0,0.0,0.0
1998-01-28,1.29,1.31,1.28,1.3,7209600.0,0.0,0.0
1998-01-29,1.3,1.34,1.3,1.31,14968000.0,0.0,0.0
1998-01-30,1.32,1.33,1.27,1.27,18786400.0,0.0,0.0
1998-02-02,1.28,1.33,1.28,1.31,17048000.0,0.0,0.0
1998-02-03,1.3,1.33,1.29,1.33,11381600.0,0.0,0.0
1998-02-04,1.32,1.34,1.31,1.34,9424000.0,0.0,0.0
1998-02-05,1.34,1.34,1.29,1.29,15995200.0,0.0,0.0
1998-02-06,1.29,1.31,1.27,1.31,11097600.0,0.0,0.0
1998-02-09,1.31,1.31,1.27,1.28,12923200.0,0.0,0.0
1998-02-10,1.28,1.29,1.26,1.28,16761600.0,0.0,0.0
1998-02-11,1.29,1.29,1.27,1.28,10865600.0,0.0,0.0
1998-02-12,1.28,1.3,1.27,1.29,11658400.0,0.0,0.0
1998-02-13,1.29,1.3,1.27,1.3,15371200.0,0.0,0.0
1998-02-17,1.31,1.45,1.31,1.41,51872000.0,0.0,0.0
1998-02-18,1.43,1.49,1.41,1.42,41999200.0,0.0,0.0
1998-02-19,1.44,1.46,1.41,1.44,15639200.0,0.0,0.0
1998-02-20,1.45,1.46,1.42,1.43,19660000.0,0.0,0.0
1998-02-23,1.46,1.51,1.46,1.49,19777600.0,0.0,0.0
1998-02-24,1.49,1.49,1.35,1.37,16074400.0,0.0,0.0
1998-02-25,1.38,1.45,1.38,1.43,47615200.0,0.0,0.0
1998-02-26,1.42,1.42,1.39,1.4,25164800.0,0.0,0.0
1998-02-27,1.4,1.42,1.39,1.4,13828800.0,0.0,0.0
1998-03-02,1.4,1.41,1.39,1.4,15536000.0,0.0,0.0
1998-03-03,1.4,1.41,1.39,1.41,16426400.0,0.0,0.0
1998-03-04,1.4,1.44,1.39,1.44,9147200.0,0.0,0.0
1998-03-05,1.42,1.47,1.42,1.45,14185600.0,0.0,0.0
1998-03-06,1.46,1.49,1.46,1.48,8654400.0,0.0,0.0
1998-03-09,1.49,1.49,1.48,1.48,8670400.0,0.0,0.0
1998-03-10,1.49,1.51,1.49,1.51,8204000.0,0.0,0.0
1998-03-11,1.5,1.51,1.49,1.5,8839200.0,0.0,0.0
1998-03-12,1.5,1.5,1.45,1.46,9818400.0,0.0,0.0
1998-03-13,1.45,1.45,1.42,1.43,9180000.0,0.0,0.0
1998-03-16,1.42,1.44,1.4,1.44,10159200.0,0.0,0.0
1998-03-17,1.43,1.44,1.41,1.42,9323200.0,0.0,0.0
1998-03-18,1.44,1.5,1.43,1.5,17452000.0,0.12,0.0
1998-03-19,1.47,1.47,1.42,1.42,23226400.0,0.0,0.0
1998-03-20,1.42,1.44,1.39,1.44,19979200.0,0.0,0.0
1998-03-23,1.4,1.44,1.4,1.43,11820000.0,0.0,0.0
1998-03-24,1.43,1.45,1.43,1.45,11624800.0,0.0,0.0
1998-03-25,1.46,1.46,1.42,1.43,16196000.0,0.0,0.0
1998-03-26,1.42,1.43,1.41,1.42,8842400.0,0.0,0.0
1998-03-27,1.43,1.43,1.41,1.42,7798400.0,0.0,0.0
1998-03-30,1.41,1.41,1.39,1.39,6508000.0,0.0,0.0
1998-03-31,1.4,1.45,1.4,1.44,13049600.0,0.0,0.0
1998-04-01,1.44,1.45,1.41,1.43,9975200.0,0.0,0.0
1998-04-02,1.43,1.47,1.43,1.45,14131200.0,0.0,0.0
1998-04-03,1.46,1.48,1.44,1.46,10760000.0,0.0,0.0
1998-04-06,1.46,1.46,1.45,1.46,7914400.0,0.0,0.0
1998-04-07,1.45,1.46,1.44,1.44,6774400.0,0.0,0.0
1998-04-08,1.43,1.43,1.41,1.42,6631200.0,0.0,0.0
1998-04-09,1.43,1.44,1.42,1.44,3745600.0,0.0,0.0
1998-04-13,1.43,1.43,1.41,1.43,7387200.0,0.0,0.0
1998-04-14,1.43,1.43,1.41,1.43,5251200.0,0.0,0.0
1998-04-15,1.42,1.43,1.41,1.41,6472000.0,0.0,0.0
1998-04-16,1.4,1.4,1.39,1.39,6545600.0,0.0,0.0
1998-04-17,1.4,1.43,1.39,1.43,7980000.0,0.0,0.0
1998-04-20,1.42,1.42,1.4,1.4,6832800.0,0.0,0.0
1998-04-21,1.4,1.52,1.4,1.52,20696000.0,0.0,0.0
1998-04-22,1.51,1.55,1.48,1.54,26894400.0,0.0,0.0
1998-04-23,1.52,1.53,1.5,1.52,10636800.0,0.0,0.0
1998-04-24,1.52,1.54,1.49,1.53,11449600.0,0.0,0.0
1998-04-27,1.5,1.53,1.48,1.53,10312000.0,0.0,0.0
1998-04-28,1.54,1.58,1.54,1.57,16518400.0,0.0,0.0
1998-04-29,1.54,1.58,1.53,1.57,7426400.0,0.0,0.0
1998-04-30,1.57,1.58,1.55,1.55,5620800.0,0.0,0.0
1998-05-01,1.56,1.56,1.53,1.55,5657600.0,0.0,0.0
1998-05-04,1.55,1.58,1.55,1.57,6195200.0,0.0,0.0
1998-05-05,1.57,1.57,1.52,1.53,7532000.0,0.0,0.0
1998-05-06,1.53,1.53,1.51,1.52,5440800.0,0.0,0.0
1998-05-07,1.52,1.52,1.48,1.48,5353600.0,0.0,0.0
1998-05-08,1.48,1.5,1.48,1.5,3972000.0,0.0,0.0
1998-05-11,1.5,1.51,1.47,1.48,4276800.0,0.0,0.0
1998-05-12,1.48,1.54,1.48,1.54,6202400.0,0.0,0.0
1998-05-13,1.54,1.54,1.51,1.53,4926400.0,0.0,0.0
1998-05-14,1.53,1.54,1.51,1.51,6278400.0,0.0,0.0
1998-05-15,1.51,1.54,1.5,1.53,5268800.0,0.0,0.0
1998-05-18,1.52,1.53,1.51,1.51,8905600.0,0.0,0.0
1998-05-19,1.51,1.52,1.51,1.52,4840000.0,0.0,0.0
1998-05-20,1.49,1.51,1.48,1.5,9223200.0,0.0,0.0
1998-05-21,1.51,1.55,1.49,1.53,8573600.0,0.0,0.0
1998-05-22,1.53,1.55,1.53,1.53,6906400.0,0.0,0.0
1998-05-26,1.54,1.54,1.52,1.53,5351200.0,0.0,0.0
1998-05-27,1.51,1.54,1.51,1.52,7186400.0,0.0,0.0
1998-05-28,1.53,1.53,1.51,1.52,6461600.0,0.0,0.0
1998-05-29,1.52,1.53,1.49,1.5,6745600.0,0.0,0.0
1998-06-01,1.49,1.5,1.47,1.49,7456800.0,0.0,0.0
1998-06-02,1.48,1.5,1.48,1.49,4718400.0,0.0,0.0
1998-06-03,1.49,1.52,1.49,1.49,3593600.0,0.0,0.0
1998-06-04,1.49,1.5,1.48,1.5,3767200.0,0.0,0.0
1998-06-05,1.5,1.52,1.49,1.51,3918400.0,0.0,0.0
1998-06-08,1.49,1.52,1.49,1.49,4076800.0,0.0,0.0
1998-06-09,1.49,1.5,1.48,1.49,4015200.0,0.0,0.0
1998-06-10,1.48,1.49,1.46,1.46,3536800.0,0.0,0.0
1998-06-11,1.47,1.48,1.45,1.46,4486400.0,0.0,0.0
1998-06-12,1.44,1.46,1.43,1.44,4196000.0,0.0,0.0
1998-06-15,1.45,1.46,1.44,1.44,4994400.0,0.12,0.0
1998-06-16,1.45,1.48,1.45,1.46,5760800.0,0.0,0.0
1998-06-17,1.46,1.48,1.46,1.48,4744800.0,0.0,0.0
1998-06-18,1.47,1.48,1.45,1.48,3929600.0,0.0,0.0
1998-06-19,1.48,1.49,1.48,1.48,4695200.0,0.0,0.0
1998-06-22,1.49,1.52,1.49,1.52,6996000.0,0.0,0.0
1998-06-23,1.52,1.53,1.5,1.53,7439200.0,0.0,0.0
1998-06-24,1.53,1.55,1.52,1.55,5740000.0,0.0,0.0
1998-06-25,1.55,1.6,1.55,1.57,10732000.0,0.0,0.0
1998-06-26,1.56,1.6,1.56,1.59,6512000.0,0.0,0.0
1998-06-29,1.62,1.66,1.62,1.64,14334400.0,0.0,0.0
1998-06-30,1.64,1.65,1.6,1.62,12824000.0,0.0,0.0
1998-07-01,1.69,1.73,1.68,1.73,45736800.0,0.0,0.0
1998-07-02,1.73,1.74,1.71,1.74,15752800.0,0.0,0.0
1998-07-06,1.73,1.75,1.71,1.71,14107200.0,0.0,0.0
1998-07-07,1.7,1.71,1.69,1.7,7488800.0,0.0,0.0
1998-07-08,1.7,1.74,1.68,1.74,9149600.0,0.0,0.0
1998-07-09,1.73,1.73,1.7,1.7,7120000.0,0.0,0.0
1998-07-10,1.68,1.71,1.67,1.69,6319200.0,0.0,0.0
1998-07-13,1.68,1.68,1.66,1.67,8272000.0,0.0,0.0
1998-07-14,1.67,1.69,1.65,1.65,6861600.0,0.0,0.0
1998-07-15,1.64,1.66,1.61,1.61,15517600.0,0.0,0.0
1998-07-16,1.62,1.65,1.61,1.65,7047200.0,0.0,0.0
1998-07-17,1.66,1.67,1.65,1.67,8991200.0,0.0,0.0
1998-07-20,1.67,1.68,1.66,1.66,5872000.0,0.0,0.0
1998-07-21,1.65,1.65,1.57,1.59,9376000.0,0.0,0.0
1998-07-22,1.59,1.61,1.57,1.61,5340000.0,0.0,0.0
1998-07-23,1.61,1.61,1.52,1.54,7552800.0,0.0,0.0
1998-07-24,1.53,1.54,1.5,1.52,6728800.0,0.0,0.0
1998-07-27,1.5,1.54,1.5,1.54,4964800.0,0.0,0.0
1998-07-28,1.54,1.54,1.49,1.5,13316000.0,0.0,0.0
1998-07-29,1.49,1.52,1.49,1.52,4367200.0,0.0,0.0
1998-07-30,1.52,1.55,1.52,1.52,6249600.0,0.0,0.0
1998-07-31,1.51,1.53,1.46,1.48,5735200.0,0.0,0.0
1998-08-03,1.47,1.5,1.47,1.48,4400000.0,0.0,0.0
1998-08-04,1.48,1.5,1.42,1.43,9532000.0,0.0,0.0
1998-08-05,1.42,1.47,1.42,1.46,10292000.0,0.0,0.0
1998-08-06,1.45,1.45,1.43,1.45,6529600.0,0.0,0.0
1998-08-07,1.45,1.46,1.43,1.44,3559200.0,0.0,0.0
1998-08-10,1.44,1.46,1.43,1.43,6085600.0,0.0,0.0
1998-08-11,1.42,1.42,1.37,1.4,8293600.0,0.0,0.0
1998-08-12,1.39,1.4,1.3,1.34,16312800.0,0.0,0.0
1998-08-13,1.33,1.34,1.31,1.33,13213600.0,0.0,0.0
1998-08-14,1.33,1.34,1.3,1.32,9128000.0,0.0,0.0
1998-08-17,1.3,1.32,1.28,1.3,14249600.0,0.0,0.0
1998-08-18,1.3,1.33,1.29,1.31,7243200.0,0.0,0.0
1998-08-19,1.31,1.33,1.3,1.31,6469600.0,0.0,0.0
1998-08-20,1.32,1.34,1.31,1.31,4884000.0,0.0,0.0
1998-08-21,1.31,1.32,1.29,1.32,7956800.0,0.0,0.0
1998-08-24,1.29,1.33,1.29,1.3,5218400.0,0.0,0.0
1998-08-25,1.31,1.33,1.3,1.31,4661600.0,0.0,0.0
1998-08-26,1.28,1.3,1.24,1.24,11097600.0,0.0,0.0
1998-08-27,1.23,1.23,1.2,1.2,19092800.0,0.0,0.0
1998-08-28,1.2,1.21,1.18,1.18,17882400.0,0.0,0.0
1998-08-31,1.18,1.19,1.15,1.15,20403200.0,0.0,0.0
1998-09-01,1.15,1.16,1.13,1.14,16265600.0,0.0,0.0
1998-09-02,1.13,1.13,1.05,1.06,17334400.0,0.0,0.0
1998-09-03,1.05,1.12,1.03,1.11,12467200.0,0.0,0.0
1998-09-04,1.11,1.16,1.11,1.14,10716000.0,0.0,0.0
1998-09-08,1.2,1.2,1.14,1.17,10593600.0,0.0,0.0
1998-09-09,1.17,1.17,1.1,1.11,8844800.0,0.0,0.0
1998-09-10,1.09,1.1,1.08,1.09,11260000.0,0.0,0.0
1998-09-11,1.08,1.14,1.07,1.13,6246400.0,0.0,0.0
1998-09-14,1.13,1.2,1.13,1.17,6228000.0,0.0,0.0
1998-09-15,1.17,1.17,1.13,1.15,8828800.0,0.0,0.0
1998-09-16,1.14,1.23,1.13,1.2,9880000.0,0.0,0.0
1998-09-17,1.16,1.21,1.15,1.15,8749600.0,0.12,0.0
1998-09-18,1.25,1.33,1.23,1.29,23062400.0,0.0,0.0
1998-09-21,1.29,1.35,1.26,1.33,10066400.0,0.0,0.0
1998-09-22,1.33,1.35,1.31,1.32,11498400.0,0.0,0.0
1998-09-23,1.31,1.35,1.31,1.32,8766400.0,0.0,0.0
1998-09-24,1.37,1.43,1.36,1.43,13841600.0,0.0,0.0
1998-09-25,1.38,1.41,1.37,1.4,9012800.0,0.0,0.0
1998-09-28,1.38,1.4,1.35,1.36,4242400.0,0.0,0.0
1998-09-29,1.37,1.37,1.32,1.32,5456800.0,0.0,0.0
1998-09-30,1.32,1.32,1.25,1.26,5452000.0,0.0,0.0
1998-10-01,1.24,1.3,1.23,1.27,5378400.0,0.0,0.0
1998-10-02,1.27,1.34,1.27,1.34,7124800.0,0.0,0.0
1998-10-05,1.32,1.32,1.27,1.3,5522400.0,0.0,0.0
1998-10-06,1.32,1.34,1.3,1.31,3647200.0,0.0,0.0
1998-10-07,1.31,1.35,1.27,1.29,5289600.0,0.0,0.0
1998-10-08,1.24,1.27,1.21,1.26,7788000.0,0.0,0.0
1998-10-09,1.28,1.29,1.23,1.28,8524000.0,0.0,0.0
1998-10-12,1.28,1.33,1.28,1.31,2730400.0,0.0,0.0
1998-10-13,1.31,1.32,1.26,1.3,7484800.0,0.0,0.0
1998-10-14,1.28,1.34,1.28,1.33,8373600.0,0.0,0.0
1998-10-15,1.32,1.37,1.32,1.36,6350400.0,0.0,0.0
1998-10-16,1.37,1.37,1.35,1.36,6332800.0,0.0,0.0
1998-10-19,1.35,1.37,1.34,1.36,4057600.0,0.0,0.0
1998-10-20,1.37,1.4,1.34,1.35,10685600.0,0.0,0.0
1998-10-21,1.36,1.36,1.33,1.34,6608800.0,0.0,0.0
1998-10-22,1.34,1.37,1.33,1.37,5372800.0,0.0,0.0
1998-10-23,1.37,1.39,1.37,1.37,4657600.0,0.0,0.0
1998-10-26,1.39,1.47,1.38,1.45,6806400.0,0.0,0.0
1998-10-27,1.46,1.5,1.46,1.48,8579200.0,0.0,0.0
1998-10-28,1.48,1.48,1.44,1.44,5112800.0,0.0,0.0
1998-10-29,1.44,1.47,1.42,1.46,3850400.0,0.0,0.0
1998-10-30,1.5,1.53,1.48,1.48,9233600.0,0.0,0.0
1998-11-02,1.48,1.48,1.43,1.47,9889600.0,0.0,0.0
1998-11-03,1.45,1.5,1.44,1.48,6630400.0,0.0,0.0
1998-11-04,1.49,1.5,1.46,1.46,13336800.0,0.0,0.0
1998-11-05,1.44,1.44,1.4,1.42,9959200.0,0.0,0.0
1998-11-06,1.4,1.63,1.4,1.57,23649600.0,0.0,0.0
1998-11-09,1.54,1.54,1.49,1.49,8827200.0,0.0,0.0
1998-11-10,1.5,1.54,1.48,1.53,10190400.0,0.0,0.0
1998-11-11,1.53,1.53,1.48,1.51,5187200.0,0.0,0.0
1998-11-12,1.48,1.52,1.48,1.5,5011200.0,0.0,0.0
1998-11-13,1.5,1.55,1.5,1.51,3641600.0,0.0,0.0
1998-11-16,1.57,1.59,1.47,1.48,9463200.0,0.0,0.0
1998-11-17,1.48,1.51,1.46,1.47,6519200.0,0.0,0.0
1998-11-18,1.46,1.46,1.41,1.41,6533600.0,0.0,0.0
1998-11-19,1.42,1.47,1.4,1.43,16805600.0,0.0,0.0
1998-11-20,1.44,1.46,1.43,1.46,5000000.0,0.0,0.0
1998-11-23,1.46,1.53,1.46,1.51,4933600.0,0.0,0.0
1998-11-24,1.49,1.5,1.43,1.43,10445600.0,0.0,0.0
1998-11-25,1.44,1.44,1.41,1.42,3832000.0,0.0,0.0
1998-11-27,1.42,1.42,1.4,1.4,2108800.0,0.0,0.0
1998-11-30,1.37,1.38,1.34,1.37,9995200.0,0.0,0.0
1998-12-01,1.35,1.38,1.33,1.35,7249600.0,0.0,0.0
1998-12-02,1.34,1.35,1.33,1.33,7941600.0,0.0,0.0
1998-12-03,1.28,1.31,1.25,1.26,17280800.0,0.0,0.0
1998-12-04,1.26,1.28,1.19,1.23,25311200.0,0.0,0.0
1998-12-07,1.22,1.26,1.2,1.26,10679200.0,0.0,0.0
1998-12-08,1.25,1.34,1.25,1.31,12660800.0,0.0,0.0
1998-12-09,1.28,1.31,1.26,1.26,9202400.0,0.0,0.0
1998-12-10,1.25,1.27,1.24,1.25,9132800.0,0.0,0.0
1998-12-11,1.24,1.28,1.22,1.23,8399200.0,0.0,0.0
1998-12-14,1.33,1.37,1.3,1.3,21164800.0,0.0,0.0
1998-12-15,1.32,1.41,1.32,1.41,15022400.0,0.0,0.0
1998-12-16,1.41,1.43,1.38,1.43,12693600.0,0.0,0.0
1998-12-17,1.45,1.48,1.44,1.45,9514400.0,0.12,0.0
1998-12-18,1.47,1.47,1.38,1.39,12711200.0,0.0,0.0
1998-12-21,1.38,1.43,1.37,1.37,7503200.0,0.0,0.0
1998-12-22,1.37,1.38,1.34,1.37,5575200.0,0.0,0.0
1998-12-23,1.37,1.41,1.37,1.41,7424800.0,0.0,0.0
1998-12-24,1.4,1.45,1.4,1.44,5200800.0,0.0,0.0
1998-12-28,1.44,1.45,1.37,1.38,3980000.0,0.0,0.0
1998-12-29,1.38,1.45,1.37,1.44,6569600.0,0.0,0.0
1998-12-30,1.41,1.43,1.39,1.42,6509600.0,0.0,0.0
1998-12-31,1.41,1.44,1.41,1.42,7983200.0,0.0,0.0
1999-01-04,1.42,1.47,1.41,1.44,9884800.0,0.0,0.0
1999-01-05,1.44,1.46,1.41,1.42,5804000.0,0.0,0.0
1999-01-06,1.42,1.54,1.42,1.52,28024000.0,0.0,0.0
1999-01-07,1.49,1.51,1.49,1.5,12841600.0,0.0,0.0
1999-01-08,1.5,1.53,1.48,1.53,9901600.0,0.0,0.0
1999-01-11,1.53,1.57,1.53,1.55,7717600.0,0.0,0.0
1999-01-12,1.51,1.51,1.45,1.47,9742400.0,0.0,0.0
1999-01-13,1.42,1.5,1.41,1.47,5936800.0,0.0,0.0
1999-01-14,1.46,1.47,1.42,1.44,8070400.0,0.0,0.0
1999-01-15,1.44,1.45,1.41,1.41,8468000.0,0.0,0.0
1999-01-19,1.41,1.41,1.38,1.39,12502400.0,0.0,0.0
1999-01-20,1.38,1.41,1.37,1.39,10173600.0,0.0,0.0
1999-01-21,1.36,1.39,1.35,1.38,6559200.0,0.0,0.0
1999-01-22,1.38,1.49,1.37,1.46,13892000.0,0.0,0.0
1999-01-25,1.47,1.5,1.46,1.48,6273600.0,0.0,0.0
1999-01-26,1.47,1.48,1.46,1.47,6449600.0,0.0,0.0
1999-01-27,1.47,1.47,1.46,1.47,4900000.0,0.0,0.0
1999-01-28,1.47,1.5,1.45,1.49,6062400.0,0.0,0.0
1999-01-29,1.49,1.6,1.48,1.59,17217600.0,0.0,0.0
1999-02-01,1.68,1.7,1.67,1.67,16517600.0,0.0,0.0
1999-02-02,1.67,1.67,1.61,1.64,8541600.0,0.0,0.0
1999-02-03,1.64,1.72,1.6,1.7,10312800.0,0.0,0.0
1999-02-04,1.7,1.7,1.65,1.66,5932000.0,0.0,0.0
1999-02-05,1.67,1.7,1.64,1.7,9441600.0,0.0,0.0
1999-02-08,1.73,1.8,1.72,1.78,15592000.0,0.0,0.0
1999-02-09,1.75,1.82,1.74,1.77,13256000.0,0.0,0.0
1999-02-10,1.77,1.77,1.71,1.73,11956800.0,0.0,0.0
1999-02-11,1.72,1.74,1.72,1.73,4362400.0,0.0,0.0
1999-02-12,1.72,1.74,1.72,1.74,8892000.0,0.0,0.0
1999-02-16,1.76,1.77,1.74,1.76,7483200.0,0.0,0.0
1999-02-17,1.75,1.78,1.69,1.69,5619200.0,0.0,0.0
1999-02-18,1.72,1.72,1.69,1.7,6967200.0,0.0,0.0
1999-02-19,1.7,1.72,1.68,1.7,6925600.0,0.0,0.0
1999-02-22,1.7,1.75,1.7,1.75,6579200.0,0.0,0.0
1999-02-23,1.74,1.89,1.73,1.88,22136000.0,0.0,0.0
1999-02-24,1.86,1.92,1.84,1.89,16444800.0,0.0,0.0
1999-02-25,1.89,1.89,1.83,1.88,7234400.0,0.0,0.0
1999-02-26,1.88,1.89,1.86,1.87,6186400.0,0.0,0.0
1999-03-01,1.84,1.86,1.8,1.85,5818400.0,0.0,0.0
1999-03-02,1.85,1.88,1.82,1.82,6003200.0,0.0,0.0
1999-03-03,1.77,1.79,1.75,1.77,8001600.0,0.0,0.0
1999-03-04,1.78,1.82,1.77,1.79,10068000.0,0.0,0.0
1999-03-05,1.8,1.89,1.8,1.86,14700800.0,0.0,0.0
1999-03-08,1.91,1.92,1.89,1.91,11220800.0,0.0,0.0
1999-03-09,1.9,1.93,1.88,1.89,12993600.0,0.0,0.0
1999-03-10,1.9,2.0,1.9,1.99,26400000.0,0.0,0.0
1999-03-11,1.99,2.02,1.94,1.95,15970400.0,0.0,0.0
1999-03-12,1.91,1.97,1.91,1.95,13877600.0,0.0,0.0
1999-03-15,1.93,1.98,1.93,1.96,10092800.0,0.0,0.0
1999-03-16,1.97,2.02,1.96,1.97,15654400.0,0.0,0.0
1999-03-17,1.96,2.02,1.95,2.01,11342400.0,0.0,0.0
1999-03-18,2.0,2.0,1.92,1.95,20670400.0,0.12,0.0
1999-03-19,2.03,2.26,2.03,2.19,53154400.0,0.0,0.0
1999-03-22,2.16,2.18,2.08,2.09,17344000.0,0.0,0.0
1999-03-23,1.99,2.03,1.97,2.02,15934400.0,0.0,0.0
1999-03-24,2.03,2.03,1.98,2.0,4042400.0,0.0,0.0
1999-03-25,2.01,2.04,1.98,2.02,7565600.0,0.0,0.0
1999-03-26,1.97,2.03,1.97,2.02,4932800.0,0.0,0.0
1999-03-29,2.03,2.05,2.0,2.01,4348800.0,0.0,0.0
1999-03-30,2.0,2.04,2.0,2.04,10231200.0,0.0,0.0
1999-03-31,2.05,2.09,1.99,2.05,8926400.0,0.0,0.0
1999-04-01,2.05,2.07,1.94,2.0,5492800.0,0.0,0.0
1999-04-05,2.08,2.12,2.07,2.07,10762400.0,0.0,0.0
1999-04-06,2.07,2.13,2.07,2.1,8829600.0,0.0,0.0
1999-04-07,2.11,2.11,2.04,2.06,5118400.0,0.0,0.0
1999-04-08,2.06,2.09,2.02,2.07,5854400.0,0.0,0.0
1999-04-09,2.07,2.13,2.07,2.11,8464000.0,0.0,0.0
1999-04-12,2.06,2.07,2.04,2.06,6056800.0,0.0,0.0
1999-04-13,2.07,2.08,2.02,2.02,4472800.0,0.0,0.0
1999-04-14,2.03,2.03,1.98,1.99,7496800.0,0.0,0.0
1999-04-15,2.02,2.1,2.0,2.1,17316800.0,0.0,0.0
1999-04-16,2.13,2.13,2.09,2.1,7256800.0,0.0,0.0
1999-04-19,2.13,2.14,2.09,2.12,12336800.0,0.0,0.0
1999-04-20,2.12,2.14,2.07,2.1,4808000.0,0.0,0.0
1999-04-21,2.13,2.17,2.12,2.17,9105600.0,0.0,0.0
1999-04-22,2.19,2.2,2.14,2.18,8732800.0,0.0,0.0
1999-04-23,2.18,2.2,2.16,2.18,7376800.0,0.0,0.0
1999-04-26,2.2,2.3,2.18,2.27,13446400.0,0.0,0.0
1999-04-27,2.26,2.29,2.22,2.22,13376800.0,0.0,0.0
1999-04-28,2.23,2.26,2.22,2.22,10225600.0,0.0,0.0
1999-04-29,2.22,2.24,2.19,2.22,5551200.0,0.0,0.0
1999-04-30,2.21,2.23,2.16,2.21,5672000.0,0.0,0.0
1999-05-03,2.2,2.26,2.2,2.23,6156000.0,0.0,0.0
1999-05-04,2.24,2.25,2.22,2.23,4952000.0,0.0,0.0
1999-05-05,2.23,2.25,2.16,2.22,5605600.0,0.0,0.0
1999-05-06,2.22,2.24,2.21,2.23,5484800.0,0.0,0.0
1999-05-07,2.22,2.26,2.21,2.24,7908000.0,0.0,0.0
1999-05-10,2.23,2.24,2.21,2.23,5184800.0,0.0,0.0
1999-05-11,2.3,2.34,2.28,2.33,22498400.0,0.0,0.0
1999-05-12,2.31,2.31,2.26,2.28,7667200.0,0.0,0.0
1999-05-13,2.3,2.3,2.22,2.24,3602400.0,0.0,0.0
1999-05-14,2.18,2.22,2.18,2.21,7171200.0,0.0,0.0
1999-05-17,2.21,2.26,2.18,2.22,4776800.0,0.0,0.0
1999-05-18,2.2,2.21,2.15,2.18,5145600.0,0.0,0.0
1999-05-19,2.18,2.19,2.11,2.14,6663200.0,0.0,0.0
1999-05-20,2.14,2.28,2.13,2.27,12020800.0,0.0,0.0
1999-05-21,2.28,2.38,2.28,2.31,14919200.0,0.0,0.0
1999-05-24,2.3,2.38,2.23,2.28,10530400.0,0.0,0.0
1999-05-25,2.28,2.28,2.17,2.17,6896000.0,0.0,0.0
1999-05-26,2.2,2.22,2.15,2.19,9136800.0,0.0,0.0
1999-05-27,2.19,2.2,2.07,2.09,6435200.0,0.0,0.0
1999-05-28,2.09,2.18,2.09,2.16,5108800.0,0.0,0.0
1999-06-01,2.16,2.16,2.05,2.14,3431200.0,0.0,0.0
1999-06-02,2.14,2.18,1.93,2.11,13831200.0,0.0,0.0
1999-06-03,2.13,2.17,2.08,2.09,5183200.0,0.0,0.0
1999-06-04,2.09,2.13,2.03,2.13,4512800.0,0.0,0.0
1999-06-07,2.12,2.16,2.1,2.13,3314400.0,0.0,0.0
1999-06-08,2.13,2.13,2.05,2.06,5696800.0,0.0,0.0
1999-06-09,2.05,2.05,1.97,1.98,7997600.0,0.0,0.0
1999-06-10,1.99,2.08,1.99,2.05,18772800.0,0.0,0.0
1999-06-11,2.05,2.05,1.95,1.97,7603200.0,0.0,0.0
1999-06-14,2.05,2.08,2.02,2.04,5964800.0,0.12,0.0
1999-06-15,2.05,2.07,1.98,1.98,6945600.0,0.0,0.0
1999-06-16,2.03,2.04,2.01,2.03,6642400.0,0.0,0.0
1999-06-17,2.03,2.08,2.0,2.06,15643200.0,0.0,0.0
1999-06-18,2.06,2.16,2.06,2.15,9522400.0,0.0,0.0
1999-06-21,2.16,2.17,2.12,2.16,7604800.0,0.0,0.0
1999-06-22,2.14,2.16,2.08,2.1,5657600.0,0.0,0.0
1999-06-23,2.08,2.22,2.07,2.21,8896000.0,0.0,0.0
1999-06-24,2.2,2.2,2.14,2.18,4785600.0,0.0,0.0
1999-06-25,2.2,2.26,2.2,2.26,8427200.0,0.0,0.0
1999-06-28,2.26,2.32,2.26,2.31,13923200.0,0.0,0.0
1999-06-29,2.33,2.35,2.3,2.32,10247200.0,0.0,0.0
1999-06-30,2.35,2.35,2.28,2.29,13686400.0,0.0,0.0
1999-07-01,2.21,2.23,2.12,2.15,15401600.0,0.0,0.0
1999-07-02,2.1,2.11,2.01,2.02,25940000.0,0.0,0.0
1999-07-06,2.02,2.08,2.0,2.01,14617600.0,0.0,0.0
1999-07-07,2.02,2.04,1.97,1.98,9987200.0,0.0,0.0
1999-07-08,1.97,1.99,1.92,1.95,15916800.0,0.0,0.0
1999-07-09,1.96,2.0,1.95,1.99,10581600.0,0.0,0.0
1999-07-12,1.99,2.01,1.97,1.98,9454400.0,0.0,0.0
1999-07-13,1.98,2.02,1.94,1.95,7919200.0,0.0,0.0
1999-07-14,1.94,1.98,1.94,1.98,9691200.0,0.0,0.0
1999-07-15,2.04,2.09,2.01,2.08,15593600.0,0.0,0.0
1999-07-16,2.09,2.13,2.06,2.13,15840000.0,0.0,0.0
1999-07-19,2.12,2.13,2.07,2.12,7604000.0,0.0,0.0
1999-07-20,2.12,2.12,2.09,2.1,8345600.0,0.0,0.0
1999-07-21,2.1,2.12,2.04,2.07,4239200.0,0.0,0.0
1999-07-22,2.06,2.06,1.95,1.96,14855200.0,0.0,0.0
1999-07-23,1.96,2.01,1.91,2.0,7633600.0,0.0,0.0
1999-07-26,2.0,2.02,1.98,2.0,6710400.0,0.0,0.0
1999-07-27,2.0,2.0,1.94,1.95,8606400.0,0.0,0.0
1999-07-28,1.95,2.0,1.95,1.97,5545600.0,0.0,0.0
1999-07-29,1.94,1.98,1.92,1.94,4991200.0,0.0,0.0
1999-07-30,1.94,1.98,1.87,1.88,7684800.0,0.0,0.0
1999-08-02,1.88,1.89,1.8,1.81,14422400.0,0.0,0.0
1999-08-03,1.85,1.87,1.78,1.78,12333600.0,0.0,0.0
1999-08-04,1.79,1.87,1.76,1.81,16279200.0,0.0,0.0
1999-08-05,1.78,1.8,1.72,1.74,11942400.0,0.0,0.0
1999-08-06,1.73,1.79,1.7,1.77,10722400.0,0.0,0.0
1999-08-09,1.79,1.8,1.76,1.77,4918400.0,0.0,0.0
1999-08-10,1.77,1.8,1.76,1.78,5088000.0,0.0,0.0
1999-08-11,1.81,1.84,1.8,1.81,5641600.0,0.0,0.0
1999-08-12,1.81,1.83,1.77,1.82,7763200.0,0.0,0.0
1999-08-13,1.83,1.85,1.83,1.85,5561600.0,0.0,0.0
1999-08-16,1.85,1.89,1.84,1.85,5688000.0,0.0,0.0
1999-08-17,1.87,1.95,1.85,1.95,8604000.0,0.0,0.0
1999-08-18,1.95,1.97,1.9,1.91,6368000.0,0.0,0.0
1999-08-19,1.89,1.93,1.88,1.9,3500800.0,0.0,0.0
1999-08-20,1.92,1.94,1.9,1.9,2667200.0,0.0,0.0
1999-08-23,1.9,1.93,1.9,1.91,3065600.0,0.0,0.0
1999-08-24,1.9,1.92,1.88,1.9,4838400.0,0.0,0.0
1999-08-25,1.9,1.95,1.9,1.93,6721600.0,0.0,0.0
1999-08-26,1.93,1.93,1.86,1.86,3596000.0,0.0,0.0
1999-08-27,1.83,1.85,1.82,1.82,4196000.0,0.0,0.0
1999-08-30,1.81,1.81,1.76,1.78,5953600.0,0.0,0.0
1999-08-31,1.78,1.78,1.67,1.69,10168000.0,0.0,0.0
1999-09-01,1.67,1.79,1.67,1.78,12338400.0,0.0,0.0
1999-09-02,1.74,1.78,1.72,1.77,11956000.0,0.0,0.0
1999-09-03,1.8,1.86,1.8,1.81,7637600.0,0.0,0.0
1999-09-07,1.82,1.86,1.81,1.84,7371200.0,0.0,0.0
1999-09-08,1.83,1.97,1.83,1.96,11507200.0,0.0,0.0
1999-09-09,1.96,2.09,1.95,2.07,17698400.0,0.0,0.0
1999-09-10,2.07,2.07,1.98,2.03,13699200.0,0.0,0.0
1999-09-13,2.02,2.03,2.0,2.02,5464800.0,0.0,0.0
1999-09-14,2.02,2.02,1.97,1.98,4459200.0,0.0,0.0
1999-09-15,2.0,2.01,1.95,1.96,7362400.0,0.0,0.0
1999-09-16,1.99,2.02,1.92,2.01,7982400.0,0.12,0.0
1999-09-17,1.99,2.0,1.87,1.96,27159200.0,0.0,0.0
1999-09-20,1.98,1.99,1.96,1.99,12993600.0,0.0,0.0
1999-09-21,1.99,1.99,1.91,1.93,7556800.0,0.0,0.0
1999-09-22,1.93,1.94,1.92,1.92,7208000.0,0.0,0.0
1999-09-23,1.94,1.98,1.92,1.92,7420800.0,0.0,0.0
1999-09-24,1.93,1.98,1.9,1.98,7947200.0,0.0,0.0
1999-09-27,2.01,2.09,2.0,2.07,11124000.0,0.0,0.0
1999-09-28,2.1,2.1,2.04,2.08,7305600.0,0.0,0.0
1999-09-29,2.09,2.13,2.07,2.08,8228800.0,0.0,0.0
1999-09-30,2.09,2.09,2.04,2.09,16650400.0,0.0,0.0
1999-10-01,2.08,2.12,2.07,2.12,8156800.0,0.0,0.0
1999-10-04,2.12,2.18,2.12,2.16,6956800.0,0.0,0.0
1999-10-05,2.15,2.17,2.12,2.15,8703200.0,0.0,0.0
1999-10-06,2.15,2.18,2.14,2.15,6101600.0,0.0,0.0
1999-10-07,2.17,2.17,2.14,2.14,7301600.0,0.0,0.0
1999-10-08,2.14,2.14,2.1,2.1,7067200.0,0.0,0.0
1999-10-11,2.1,2.16,2.08,2.16,3693600.0,0.0,0.0
1999-10-12,2.15,2.15,2.1,2.11,4705600.0,0.0,0.0
1999-10-13,2.11,2.13,2.03,2.04,3825600.0,0.0,0.0
1999-10-14,2.04,2.09,2.02,2.07,4657600.0,0.0,0.0
1999-10-15,2.08,2.08,2.0,2.01,6544800.0,0.0,0.0
1999-10-18,2.01,2.02,1.96,1.98,7851200.0,0.0,0.0
1999-10-19,2.02,2.03,1.98,1.99,4419200.0,0.0,0.0
1999-10-20,1.99,2.06,1.98,2.04,5512000.0,0.0,0.0
1999-10-21,2.02,2.05,2.0,2.05,3256800.0,0.0,0.0
1999-10-22,2.07,2.08,2.01,2.03,6068000.0,0.0,0.0
1999-10-25,2.0,2.07,1.97,2.07,9448800.0,0.0,0.0
1999-10-26,2.08,2.13,2.06,2.11,9280800.0,0.0,0.0
1999-10-27,2.11,2.15,2.11,2.13,6885600.0,0.0,0.0
1999-10-28,2.13,2.14,2.04,2.06,16320800.0,0.0,0.0
1999-10-29,2.06,2.1,2.04,2.06,11466400.0,0.0,0.0
1999-11-01,2.05,2.07,2.03,2.07,7169600.0,0.0,0.0
1999-11-02,2.04,2.06,1.93,1.93,12340800.0,0.0,0.0
1999-11-03,1.9,1.9,1.76,1.85,25880000.0,0.0,0.0
1999-11-04,1.84,1.89,1.84,1.85,11954400.0,0.0,0.0
1999-11-05,1.85,1.87,1.73,1.76,13229600.0,0.0,0.0
1999-11-08,1.73,1.75,1.67,1.73,18019200.0,0.0,0.0
1999-11-09,1.73,1.77,1.7,1.75,10276800.0,0.0,0.0
1999-11-10,1.74,1.79,1.72,1.73,8123200.0,0.0,0.0
1999-11-11,1.74,1.74,1.69,1.7,7608000.0,0.0,0.0
1999-11-12,1.71,1.72,1.67,1.7,5432800.0,0.0,0.0
1999-11-15,1.7,1.76,1.68,1.74,8761600.0,0.0,0.0
1999-11-16,1.73,1.76,1.62,1.63,12928800.0,0.0,0.0
1999-11-17,1.63,1.67,1.62,1.63,22547200.0,0.0,0.0
1999-11-18,1.66,1.74,1.65,1.73,21924000.0,0.0,0.0
1999-11-19,1.82,1.83,1.77,1.81,16694400.0,0.0,0.0
1999-11-22,1.8,1.82,1.76,1.79,7472800.0,0.0,0.0
1999-11-23,1.78,1.78,1.73,1.74,7136800.0,0.0,0.0
1999-11-24,1.75,1.75,1.7,1.71,4132800.0,0.0,0.0
1999-11-26,1.73,1.74,1.72,1.73,1460000.0,0.0,0.0
1999-11-29,1.69,1.72,1.69,1.71,5716000.0,0.0,0.0
1999-11-30,1.71,1.72,1.69,1.69,8496000.0,0.0,0.0
1999-12-01,1.68,1.74,1.68,1.73,5327200.0,0.0,0.0
1999-12-02,1.74,1.74,1.64,1.68,12485600.0,0.0,0.0
1999-12-03,1.66,1.73,1.66,1.71,11795200.0,0.0,0.0
1999-12-06,1.7,1.75,1.68,1.73,7258400.0,0.0,0.0
1999-12-07,1.71,1.73,1.68,1.71,8043200.0,0.0,0.0
1999-12-08,1.7,1.71,1.64,1.66,17163200.0,0.0,0.0
1999-12-09,1.66,1.7,1.66,1.68,5684000.0,0.0,0.0
1999-12-10,1.68,1.68,1.61,1.61,16460800.0,0.0,0.0
1999-12-13,1.61,1.61,1.54,1.58,11061600.0,0.0,0.0
1999-12-14,1.55,1.55,1.47,1.48,19863200.0,0.0,0.0
1999-12-15,1.5,1.54,1.5,1.54,17261600.0,0.0,0.0
1999-12-16,1.58,1.73,1.57,1.72,11228000.0,0.12,0.0
1999-12-17,1.87,2.1,1.86,1.98,45736800.0,0.0,0.0
1999-12-20,1.98,2.0,1.89,1.93,11616000.0,0.0,0.0
1999-12-21,1.92,1.92,1.82,1.85,9639200.0,0.0,0.0
1999-12-22,1.88,1.89,1.85,1.86,5060000.0,0.0,0.0
1999-12-23,1.87,1.96,1.87,1.95,5934400.0,0.0,0.0
1999-12-27,1.94,1.94,1.87,1.87,3876800.0,0.0,0.0
1999-12-28,1.87,1.89,1.87,1.88,4499200.0,0.0,0.0
1999-12-29,1.89,1.89,1.87,1.88,2108000.0,0.0,0.0
1999-12-30,1.87,1.88,1.85,1.85,1956000.0,0.0,0.0
1999-12-31,1.86,1.87,1.86,1.87,1802400.0,0.0,0.0
2000-01-03,1.86,1.87,1.8,1.81,8014400.0,0.0,0.0
2000-01-04,1.77,1.78,1.71,1.71,9810400.0,0.0,0.0
2000-01-05,1.72,1.82,1.72,1.81,6542400.0,0.0,0.0
2000-01-06,1.8,1.8,1.75,1.8,4891200.0,0.0,0.0
2000-01-07,1.8,1.81,1.77,1.8,3993600.0,0.0,0.0
2000-01-10,1.81,1.84,1.81,1.83,3946400.0,0.0,0.0
2000-01-11,1.86,1.97,1.86,1.93,10976000.0,0.0,0.0
2000-01-12,1.92,1.92,1.85,1.86,10050400.0,0.0,0.0
2000-01-13,1.85,1.9,1.82,1.88,5144800.0,0.0,0.0
2000-01-14,1.91,1.95,1.9,1.93,7680800.0,0.0,0.0
2000-01-18,1.91,1.94,1.89,1.91,8356000.0,0.0,0.0
2000-01-19,1.95,2.02,1.94,1.99,10299200.0,0.0,0.0
2000-01-20,2.01,2.01,1.93,1.94,5103200.0,0.0,0.0
2000-01-21,1.94,1.94,1.9,1.91,10265600.0,0.0,0.0
2000-01-24,1.87,1.89,1.86,1.87,5733600.0,0.0,0.0
2000-01-25,1.87,1.89,1.83,1.84,3823200.0,0.0,0.0
2000-01-26,1.74,1.87,1.74,1.86,12886400.0,0.0,0.0
2000-01-27,1.81,1.83,1.75,1.78,6304000.0,0.0,0.0
2000-01-28,1.77,1.77,1.73,1.77,3556000.0,0.0,0.0
2000-01-31,1.73,1.74,1.71,1.71,4627200.0,0.0,0.0
2000-02-01,1.71,1.78,1.7,1.76,5971200.0,0.0,0.0
2000-02-02,1.76,1.83,1.74,1.79,5572800.0,0.0,0.0
2000-02-03,1.78,1.8,1.75,1.8,3973600.0,0.0,0.0
2000-02-04,1.8,1.8,1.76,1.76,12485600.0,0.0,0.0
2000-02-07,1.76,1.76,1.68,1.7,6455200.0,0.0,0.0
2000-02-08,1.7,1.7,1.36,1.39,65707200.0,0.0,0.0
2000-02-09,1.37,1.37,1.22,1.27,62571200.0,0.0,0.0
2000-02-10,1.26,1.31,1.24,1.27,25032800.0,0.0,0.0
2000-02-11,1.29,1.3,1.25,1.28,12644800.0,0.0,0.0
2000-02-14,1.26,1.28,1.21,1.22,17859200.0,0.0,0.0
2000-02-15,1.21,1.21,1.14,1.15,30056000.0,0.0,0.0
2000-02-16,1.15,1.16,1.1,1.11,22678400.0,0.0,0.0
2000-02-17,1.1,1.13,1.09,1.09,14977600.0,0.0,0.0
2000-02-18,1.09,1.1,1.03,1.05,26087200.0,0.0,0.0
2000-02-22,1.08,1.08,1.02,1.02,12847200.0,0.0,0.0
2000-02-23,1.06,1.07,1.05,1.06,12624800.0,0.0,0.0
2000-02-24,1.05,1.06,1.0,1.02,16156800.0,0.0,0.0
2000-02-25,1.02,1.02,1.0,1.0,14830400.0,0.0,0.0
2000-02-28,1.01,1.06,1.01,1.05,16385600.0,0.0,0.0
2000-02-29,1.05,1.1,1.05,1.07,12575200.0,0.0,0.0
2000-03-01,1.07,1.08,1.05,1.06,9884800.0,0.0,0.0
2000-03-02,1.07,1.13,1.06,1.11,11260800.0,0.0,0.0
2000-03-03,1.13,1.14,1.1,1.11,6912800.0,0.0,0.0
2000-03-06,1.11,1.12,1.06,1.07,7684800.0,0.0,0.0
2000-03-07,1.08,1.09,1.04,1.05,9532000.0,0.0,0.0
2000-03-08,1.03,1.04,1.02,1.03,10000000.0,0.0,0.0
2000-03-09,1.02,1.03,0.97,1.01,14059200.0,0.0,0.0
2000-03-10,1.01,1.03,1.01,1.01,12566400.0,0.0,0.0
2000-03-13,1.02,1.1,1.0,1.08,20965600.0,0.0,0.0
2000-03-14,1.09,1.13,1.06,1.09,18244000.0,0.0,0.0
2000-03-15,1.08,1.26,1.08,1.24,25912800.0,0.0,0.0
2000-03-16,1.28,1.47,1.22,1.39,17427200.0,0.12,0.0
2000-03-17,1.34,1.4,1.25,1.32,30021600.0,0.0,0.0
2000-03-20,1.25,1.29,1.25,1.28,14386400.0,0.0,0.0
2000-03-21,1.29,1.3,1.25,1.29,13809600.0,0.0,0.0
2000-03-22,1.33,1.34,1.3,1.31,11780000.0,0.0,0.0
2000-03-23,1.3,1.34,1.29,1.32,12538400.0,0.0,0.0
2000-03-24,1.32,1.34,1.31,1.31,7305600.0,0.0,0.0
2000-03-27,1.4,1.41,1.36,1.39,16704800.0,0.0,0.0
2000-03-28,1.4,1.43,1.39,1.43,9060800.0,0.0,0.0
2000-03-29,1.43,1.52,1.43,1.51,17080800.0,0.0,0.0
2000-03-30,1.52,1.52,1.46,1.5,13088800.0,0.0,0.0
2000-03-31,1.5,1.55,1.49,1.54,15036800.0,0.0,0.0
2000-04-03,1.59,1.59,1.55,1.55,14220800.0,0.0,0.0
2000-04-04,1.55,1.56,1.41,1.51,12149600.0,0.0,0.0
2000-04-05,1.53,1.57,1.51,1.52,5654400.0,0.0,0.0
2000-04-06,1.53,1.62,1.53,1.61,11058400.0,0.0,0.0
2000-04-07,1.65,1.67,1.62,1.67,12285600.0,0.0,0.0
2000-04-10,1.66,1.68,1.63,1.67,6696800.0,0.0,0.0
2000-04-11,1.7,1.77,1.7,1.75,18799200.0,0.0,0.0
2000-04-12,1.75,1.76,1.7,1.72,9212800.0,0.0,0.0
2000-04-13,1.73,1.75,1.7,1.7,9680000.0,0.0,0.0
2000-04-14,1.65,1.68,1.59,1.65,17863200.0,0.0,0.0
2000-04-17,1.66,1.67,1.59,1.63,12481600.0,0.0,0.0
2000-04-18,1.62,1.69,1.59,1.64,11352000.0,0.0,0.0
2000-04-19,1.68,1.78,1.67,1.71,9402400.0,0.0,0.0
2000-04-20,1.71,1.72,1.7,1.7,6341600.0,0.0,0.0
2000-04-24,1.71,1.76,1.67,1.68,7215200.0,0.0,0.0
2000-04-25,1.67,1.78,1.66,1.77,6885600.0,0.0,0.0
2000-04-26,1.76,1.76,1.68,1.7,4333600.0,0.0,0.0
2000-04-27,1.67,1.69,1.65,1.68,3830400.0,0.0,0.0
2000-04-28,1.73,1.74,1.67,1.69,7720000.0,0.0,0.0
2000-05-01,1.69,1.83,1.68,1.81,8130400.0,0.0,0.0
2000-05-02,1.8,1.8,1.73,1.76,4469600.0,0.0,0.0
2000-05-03,1.68,1.69,1.61,1.64,8126400.0,0.0,0.0
2000-05-04,1.67,1.71,1.65,1.66,6128800.0,0.0,0.0
2000-05-05,1.66,1.68,1.62,1.66,4955200.0,0.0,0.0
2000-05-08,1.66,1.7,1.65,1.67,6868000.0,0.0,0.0
2000-05-09,1.66,1.69,1.64,1.68,6644000.0,0.0,0.0
2000-05-10,1.65,1.65,1.61,1.64,4293600.0,0.0,0.0
2000-05-11,1.64,1.66,1.63,1.66,2653600.0,0.0,0.0
2000-05-12,1.63,1.66,1.62,1.66,2688000.0,0.0,0.0
2000-05-15,1.66,1.72,1.64,1.71,5956000.0,0.0,0.0
2000-05-16,1.7,1.74,1.69,1.71,3246400.0,0.0,0.0
2000-05-17,1.69,1.69,1.6,1.6,5001600.0,0.0,0.0
2000-05-18,1.61,1.63,1.56,1.58,7704000.0,0.0,0.0
2000-05-19,1.54,1.56,1.49,1.55,9682400.0,0.0,0.0
2000-05-22,1.55,1.6,1.52,1.54,5794400.0,0.0,0.0
2000-05-23,1.54,1.62,1.47,1.6,11746400.0,0.0,0.0
2000-05-24,1.63,1.74,1.63,1.69,13967200.0,0.0,0.0
2000-05-25,1.7,1.7,1.67,1.68,8943200.0,0.0,0.0
2000-05-26,1.69,1.72,1.67,1.69,4872000.0,0.0,0.0
2000-05-30,1.69,1.72,1.62,1.72,5676800.0,0.0,0.0
2000-05-31,1.71,1.71,1.58,1.66,7727200.0,0.0,0.0
2000-06-01,1.67,1.69,1.66,1.68,4212800.0,0.0,0.0
2000-06-02,1.72,1.74,1.7,1.72,4600000.0,0.0,0.0
2000-06-05,1.72,1.74,1.69,1.71,3837600.0,0.0,0.0
2000-06-06,1.71,1.71,1.61,1.63,3589600.0,0.0,0.0
2000-06-07,1.63,1.71,1.61,1.7,4171200.0,0.0,0.0
2000-06-08,1.65,1.67,1.63,1.67,2794400.0,0.0,0.0
2000-06-09,1.66,1.67,1.59,1.61,5871200.0,0.0,0.0
2000-06-12,1.52,1.58,1.44,1.57,15022400.0,0.0,0.0
2000-06-13,1.57,1.57,1.47,1.51,6928800.0,0.0,0.0
2000-06-14,1.55,1.58,1.55,1.57,5578400.0,0.12,0.0
2000-06-15,1.57,1.57,1.5,1.52,6023200.0,0.0,0.0
2000-06-16,1.51,1.52,1.47,1.48,8535200.0,0.0,0.0
2000-06-19,1.51,1.52,1.44,1.45,5864000.0,0.0,0.0
2000-06-20,1.45,1.45,1.4,1.42,8980000.0,0.0,0.0
2000-06-21,1.41,1.43,1.4,1.41,5191200.0,0.0,0.0
2000-06-22,1.41,1.41,1.38,1.4,4257600.0,0.0,0.0
2000-06-23,1.41,1.49,1.41,1.47,7271200.0,0.0,0.0
2000-06-26,1.51,1.59,1.5,1.55,11592000.0,0.0,0.0
2000-06-27,1.59,1.6,1.57,1.59,7790400.0,0.0,0.0
2000-06-28,1.59,1.63,1.54,1.55,8188000.0,0.0,0.0
2000-06-29,1.55,1.68,1.5,1.57,8083200.0,0.0,0.0
2000-06-30,1.58,1.59,1.53,1.58,10526400.0,0.0,0.0
2000-07-03,1.63,1.64,1.58,1.63,7405600.0,0.0,0.0
2000-07-05,1.61,1.63,1.59,1.6,3610400.0,0.0,0.0
2000-07-06,1.61,1.64,1.58,1.61,3177600.0,0.0,0.0
2000-07-07,1.63,1.69,1.61,1.67,5385600.0,0.0,0.0
2000-07-10,1.68,1.69,1.65,1.66,4084000.0,0.0,0.0
2000-07-11,1.67,1.74,1.65,1.71,5830400.0,0.0,0.0
2000-07-12,1.71,1.72,1.68,1.69,4732800.0,0.0,0.0
2000-07-13,1.7,1.77,1.69,1.75,8097600.0,0.0,0.0
2000-07-14,1.76,1.77,1.7,1.75,8752800.0,0.0,0.0
2000-07-17,1.76,1.81,1.73,1.8,7823200.0,0.0,0.0
2000-07-18,1.79,1.8,1.72,1.79,5310400.0,0.0,0.0
2000-07-19,1.78,1.79,1.74,1.75,3758400.0,0.0,0.0
2000-07-20,1.76,1.79,1.75,1.77,3669600.0,0.0,0.0
2000-07-21,1.78,1.78,1.76,1.78,5488800.0,0.0,0.0
2000-07-24,1.79,1.85,1.78,1.83,8527200.0,0.0,0.0
2000-07-25,1.85,1.86,1.79,1.84,5234400.0,0.0,0.0
2000-07-26,1.84,1.9,1.82,1.87,11223200.0,0.0,0.0
2000-07-27,1.87,1.88,1.79,1.83,6685600.0,0.0,0.0
2000-07-28,1.83,1.83,1.72,1.76,4375200.0,0.0,0.0
2000-07-31,1.75,1.77,1.71,1.74,5032800.0,0.0,0.0
2000-08-01,1.74,1.8,1.74,1.77,3436800.0,0.0,0.0
2000-08-02,1.77,1.82,1.76,1.81,4024000.0,0.0,0.0
2000-08-03,1.77,1.85,1.77,1.83,7808800.0,0.0,0.0
2000-08-04,1.8,1.83,1.77,1.83,8060000.0,0.0,0.0
2000-08-07,1.84,1.84,1.81,1.82,8128800.0,0.0,0.0
2000-08-08,1.83,1.91,1.83,1.91,8260800.0,0.0,0.0
2000-08-09,1.93,1.93,1.88,1.91,6028000.0,0.0,0.0
2000-08-10,1.91,1.92,1.86,1.86,7611200.0,0.0,0.0
2000-08-11,1.86,1.91,1.85,1.86,5355200.0,0.0,0.0
2000-08-14,1.85,1.9,1.85,1.89,6420800.0,0.0,0.0
2000-08-15,1.88,1.88,1.82,1.86,4439200.0,0.0,0.0
2000-08-16,1.86,1.9,1.86,1.88,6120800.0,0.0,0.0
2000-08-17,1.87,1.91,1.86,1.89,5544000.0,0.0,0.0
2000-08-18,1.9,1.9,1.86,1.9,3664800.0,0.0,0.0
2000-08-21,1.9,1.9,1.81,1.86,5720000.0,0.0,0.0
2000-08-22,1.78,1.78,1.65,1.68,20796000.0,0.0,0.0
2000-08-23,1.64,1.65,1.6,1.6,19686400.0,0.0,0.0
2000-08-24,1.6,1.71,1.6,1.64,12156800.0,0.0,0.0
2000-08-25,1.65,1.7,1.65,1.69,6500800.0,0.0,0.0
2000-08-28,1.67,1.68,1.61,1.62,10172000.0,0.0,0.0
2000-08-29,1.63,1.7,1.62,1.67,10532000.0,0.0,0.0
2000-08-30,1.67,1.67,1.62,1.65,5400000.0,0.0,0.0
2000-08-31,1.63,1.63,1.57,1.57,11944800.0,0.0,0.0
2000-09-01,1.61,1.65,1.6,1.63,7378400.0,0.0,0.0
2000-09-05,1.63,1.67,1.63,1.66,4739200.0,0.0,0.0
2000-09-06,1.66,1.66,1.57,1.59,7449600.0,0.0,0.0
2000-09-07,1.59,1.59,1.49,1.54,20890400.0,0.0,0.0
2000-09-08,1.52,1.61,1.52,1.56,14437600.0,0.0,0.0
2000-09-11,1.56,1.59,1.44,1.46,23844800.0,0.0,0.0
2000-09-12,1.58,1.61,1.55,1.58,28375200.0,0.0,0.0
2000-09-13,1.54,1.54,1.48,1.54,10433600.0,0.0,0.0
2000-09-14,1.57,1.63,1.53,1.57,8961600.0,0.12,0.0
2000-09-15,1.51,1.59,1.45,1.54,29448800.0,0.0,0.0
2000-09-18,1.5,1.58,1.48,1.54,10156800.0,0.0,0.0
2000-09-19,1.55,1.71,1.53,1.71,5376800.0,0.0,0.0
2000-09-20,1.56,1.56,1.51,1.54,8884000.0,0.0,0.0
2000-09-21,1.56,1.6,1.55,1.58,5314400.0,0.0,0.0
2000-09-22,1.59,1.64,1.52,1.61,10242400.0,0.0,0.0
2000-09-25,1.61,1.64,1.61,1.64,7001600.0,0.0,0.0
2000-09-26,1.65,1.65,1.63,1.63,6327200.0,0.0,0.0
2000-09-27,1.64,1.65,1.62,1.63,7603200.0,0.0,0.0
2000-09-28,1.63,1.66,1.62,1.64,7882400.0,0.0,0.0
2000-09-29,1.64,1.64,1.62,1.63,4827200.0,0.0,0.0
2000-10-02,1.63,1.66,1.63,1.63,3840800.0,0.0,0.0
2000-10-03,1.65,1.71,1.64,1.69,6312800.0,0.0,0.0
2000-10-04,1.69,1.69,1.65,1.66,5820000.0,0.0,0.0
2000-10-05,1.66,1.77,1.66,1.75,6759200.0,0.0,0.0
2000-10-06,1.76,1.76,1.61,1.62,5553600.0,0.0,0.0
2000-10-09,1.62,1.62,1.55,1.59,7100800.0,0.0,0.0
2000-10-10,1.6,1.65,1.59,1.62,6661600.0,0.0,0.0
2000-10-11,1.61,1.64,1.58,1.59,6432800.0,0.0,0.0
2000-10-12,1.59,1.59,1.53,1.57,3619200.0,0.0,0.0
2000-10-13,1.56,1.61,1.56,1.57,3441600.0,0.0,0.0
2000-10-16,1.57,1.65,1.55,1.61,4953600.0,0.0,0.0
2000-10-17,1.64,1.65,1.53,1.55,26293600.0,0.0,0.0
2000-10-18,1.5,1.56,1.49,1.54,15689600.0,0.0,0.0
2000-10-19,1.55,1.57,1.54,1.57,7110400.0,0.0,0.0
2000-10-20,1.52,1.54,1.49,1.51,5117600.0,0.0,0.0
2000-10-23,1.52,1.52,1.43,1.48,14903200.0,0.0,0.0
2000-10-24,1.51,1.53,1.49,1.51,9598400.0,0.0,0.0
2000-10-25,1.52,1.57,1.51,1.52,6776800.0,0.0,0.0
2000-10-26,1.54,1.62,1.52,1.6,10486400.0,0.0,0.0
2000-10-27,1.6,1.6,1.55,1.56,5961600.0,0.0,0.0
2000-10-30,1.57,1.62,1.57,1.59,7250400.0,0.0,0.0
2000-10-31,1.59,1.63,1.57,1.63,11690400.0,0.0,0.0
2000-11-01,1.62,1.65,1.6,1.63,4692800.0,0.0,0.0
2000-11-02,1.66,1.73,1.65,1.73,17064000.0,0.0,0.0
2000-11-03,1.72,1.73,1.69,1.69,4008000.0,0.0,0.0
2000-11-06,1.69,1.79,1.69,1.74,8074400.0,0.0,0.0
2000-11-07,1.74,1.76,1.71,1.75,3296800.0,0.0,0.0
2000-11-08,1.77,1.83,1.75,1.82,6218400.0,0.0,0.0
2000-11-09,1.83,1.83,1.75,1.78,7860800.0,0.0,0.0
2000-11-10,1.76,1.77,1.68,1.7,5866400.0,0.0,0.0
2000-11-13,1.7,1.71,1.68,1.69,6414400.0,0.0,0.0
2000-11-14,1.66,1.71,1.64,1.7,6412800.0,0.0,0.0
2000-11-15,1.72,1.73,1.69,1.72,3964000.0,0.0,0.0
2000-11-16,1.72,1.75,1.69,1.69,3732800.0,0.0,0.0
2000-11-17,1.67,1.71,1.66,1.7,3002400.0,0.0,0.0
2000-11-20,1.7,1.74,1.61,1.63,11308800.0,0.0,0.0
2000-11-21,1.65,1.67,1.62,1.63,4022400.0,0.0,0.0
2000-11-22,1.62,1.65,1.61,1.64,6081600.0,0.0,0.0
2000-11-24,1.63,1.66,1.63,1.65,1994400.0,0.0,0.0
2000-11-27,1.7,1.77,1.7,1.75,9434400.0,0.0,0.0
2000-11-28,1.73,1.8,1.7,1.79,7265600.0,0.0,0.0
2000-11-29,1.77,1.78,1.72,1.75,4848800.0,0.0,0.0
2000-11-30,1.75,1.77,1.73,1.74,9480000.0,0.0,0.0
2000-12-01,1.74,1.8,1.74,1.78,6033600.0,0.0,0.0
2000-12-04,1.77,1.86,1.77,1.84,7388000.0,0.0,0.0
2000-12-05,1.83,1.83,1.78,1.8,6187200.0,0.0,0.0
2000-12-06,1.79,1.86,1.76,1.77,10084000.0,0.0,0.0
2000-12-07,1.77,1.77,1.64,1.7,10409600.0,0.0,0.0
2000-12-08,1.69,1.76,1.69,1.74,6024000.0,0.0,0.0
2000-12-11,1.73,1.84,1.7,1.79,6881600.0,0.0,0.0
2000-12-12,1.8,1.86,1.8,1.83,5144000.0,0.0,0.0
2000-12-13,1.86,1.86,1.82,1.84,9826400.0,0.0,0.0
2000-12-14,1.88,2.0,1.88,2.0,20167200.0,0.12,0.0
2000-12-15,2.0,2.0,1.93,1.98,14008800.0,0.0,0.0
2000-12-18,1.97,1.98,1.94,1.95,9349600.0,0.0,0.0
2000-12-19,1.94,2.03,1.94,1.98,17456000.0,0.0,0.0
2000-12-20,1.9,2.08,1.89,2.05,26594400.0,0.0,0.0
2000-12-21,2.04,2.08,2.0,2.05,18087200.0,0.0,0.0
2000-12-22,2.08,2.13,2.08,2.13,12097600.0,0.0,0.0
2000-12-26,2.13,2.26,2.13,2.25,14339200.0,0.0,0.0
2000-12-27,2.26,2.37,2.25,2.36,20370400.0,0.0,0.0
2000-12-28,2.35,2.37,2.32,2.37,13336000.0,0.0,0.0
2000-12-29,2.37,2.38,2.3,2.33,8772800.0,0.0,0.0
2001-01-02,2.28,2.31,2.23,2.26,28993600.0,0.0,0.0
2001-01-03,2.14,2.33,2.12,2.33,30599200.0,0.0,0.0
2001-01-04,2.32,2.39,2.31,2.39,29224000.0,0.0,0.0
2001-01-05,2.39,2.4,2.29,2.29,22917600.0,0.0,0.0
2001-01-08,2.29,2.41,2.25,2.4,17046400.0,0.0,0.0
2001-01-09,2.38,2.5,2.35,2.48,30744800.0,0.0,0.0
2001-01-10,2.47,2.49,2.41,2.42,15828800.0,0.0,0.0
2001-01-11,2.43,2.43,2.37,2.41,12061600.0,0.0,0.0
2001-01-12,2.38,2.39,2.34,2.35,10188800.0,0.0,0.0
2001-01-16,2.35,2.37,2.28,2.32,8748000.0,0.0,0.0
2001-01-17,2.33,2.38,2.31,2.33,12588800.0,0.0,0.0
2001-01-18,2.33,2.36,2.32,2.34,6805600.0,0.0,0.0
2001-01-19,2.31,2.33,2.17,2.19,21124800.0,0.0,0.0
2001-01-22,2.12,2.26,2.12,2.21,9307200.0,0.0,0.0
2001-01-23,2.23,2.23,2.17,2.21,8467200.0,0.0,0.0
2001-01-24,2.21,2.24,2.16,2.18,9546400.0,0.0,0.0
2001-01-25,2.17,2.27,2.16,2.26,8836800.0,0.0,0.0
2001-01-26,2.24,2.27,2.18,2.21,6229600.0,0.0,0.0
2001-01-29,2.21,2.21,2.14,2.19,4100800.0,0.0,0.0
2001-01-30,2.21,2.26,2.19,2.21,6959200.0,0.0,0.0
2001-01-31,2.25,2.31,2.23,2.29,7408000.0,0.0,0.0
2001-02-01,2.29,2.3,2.26,2.27,10366400.0,0.0,0.0
2001-02-02,2.27,2.3,2.25,2.28,5003200.0,0.0,0.0
2001-02-05,2.28,2.32,2.27,2.3,5487200.0,0.0,0.0
2001-02-06,2.3,2.38,2.3,2.36,8448000.0,0.0,0.0
2001-02-07,2.38,2.39,2.35,2.35,10194400.0,0.0,0.0
2001-02-08,2.34,2.34,2.25,2.3,11316800.0,0.0,0.0
2001-02-09,2.3,2.3,2.25,2.27,6783200.0,0.0,0.0
2001-02-12,2.25,2.27,2.25,2.26,4188800.0,0.0,0.0
2001-02-13,2.26,2.38,2.26,2.34,6788800.0,0.0,0.0
2001-02-14,2.34,2.34,2.26,2.3,4241600.0,0.0,0.0
2001-02-15,2.28,2.28,2.18,2.18,14766400.0,0.0,0.0
2001-02-16,2.18,2.21,2.15,2.15,10629600.0,0.0,0.0
2001-02-20,2.15,2.15,1.98,1.98,31327200.0,0.0,0.0
2001-02-21,2.03,2.06,1.96,1.96,16009600.0,0.0,0.0
2001-02-22,1.96,2.02,1.89,2.0,18472800.0,0.0,0.0
2001-02-23,2.0,2.05,2.0,2.04,7768800.0,0.0,0.0
2001-02-26,2.05,2.08,2.02,2.05,17316000.0,0.0,0.0
2001-02-27,1.68,1.72,1.59,1.64,97760800.0,0.0,0.0
2001-02-28,1.64,1.64,1.55,1.63,23287200.0,0.0,0.0
2001-03-01,1.63,1.63,1.57,1.59,9636800.0,0.0,0.0
2001-03-02,1.57,1.59,1.56,1.57,11933600.0,0.0,0.0
2001-03-05,1.58,1.6,1.56,1.57,14545600.0,0.0,0.0
2001-03-06,1.59,1.64,1.58,1.63,9149600.0,0.0,0.0
2001-03-07,1.65,1.68,1.65,1.68,8788000.0,0.0,0.0
2001-03-08,1.68,1.72,1.65,1.68,11703200.0,0.0,0.0
2001-03-09,1.67,1.69,1.65,1.67,7976800.0,0.0,0.0
2001-03-12,1.67,1.67,1.63,1.63,3953600.0,0.0,0.0
2001-03-13,1.63,1.63,1.56,1.56,7943200.0,0.0,0.0
2001-03-14,1.56,1.58,1.52,1.52,7587200.0,0.0,0.0
2001-03-15,1.56,1.57,1.52,1.56,9785600.0,0.12,0.0
2001-03-16,1.53,1.58,1.52,1.55,16113600.0,0.0,0.0
2001-03-19,1.54,1.55,1.51,1.55,8687200.0,0.0,0.0
2001-03-20,1.56,1.68,1.56,1.63,13690400.0,0.0,0.0
2001-03-21,1.71,1.74,1.69,1.72,27081600.0,0.0,0.0
2001-03-22,1.72,1.73,1.68,1.69,15406400.0,0.0,0.0
2001-03-23,1.69,1.73,1.64,1.72,11733600.0,0.0,0.0
2001-03-26,1.73,1.74,1.67,1.69,7064000.0,0.0,0.0
2001-03-27,1.69,1.71,1.65,1.7,8483200.0,0.0,0.0
2001-03-28,1.71,1.71,1.64,1.69,6362400.0,0.0,0.0
2001-03-29,1.69,1.73,1.69,1.72,5832800.0,0.0,0.0
2001-03-30,1.72,1.73,1.65,1.73,4391200.0,0.0,0.0
2001-04-02,1.73,1.8,1.73,1.76,7388800.0,0.0,0.0
2001-04-03,1.76,1.76,1.65,1.68,6492800.0,0.0,0.0
2001-04-04,1.68,1.72,1.67,1.7,5100000.0,0.0,0.0
2001-04-05,1.73,1.73,1.64,1.69,13628800.0,0.0,0.0
2001-04-06,1.69,1.69,1.65,1.68,6812800.0,0.0,0.0
2001-04-09,1.69,1.72,1.67,1.69,4030400.0,0.0,0.0
2001-04-10,1.7,1.71,1.63,1.69,15030400.0,0.0,0.0
2001-04-11,1.68,1.69,1.63,1.63,10657600.0,0.0,0.0
2001-04-12,1.62,1.64,1.55,1.6,13772000.0,0.0,0.0
2001-04-16,1.61,1.64,1.57,1.58,14552000.0,0.0,0.0
2001-04-17,1.57,1.61,1.57,1.59,8573600.0,0.0,0.0
2001-04-18,1.58,1.64,1.57,1.64,20862400.0,0.0,0.0
2001-04-19,1.65,1.72,1.65,1.69,16092000.0,0.0,0.0
2001-04-20,1.7,1.71,1.67,1.7,9133600.0,0.0,0.0
2001-04-23,1.7,1.72,1.67,1.7,6832000.0,0.0,0.0
2001-04-24,1.69,1.7,1.64,1.64,6303200.0,0.0,0.0
2001-04-25,1.63,1.68,1.63,1.67,4781600.0,0.0,0.0
2001-04-26,1.67,1.73,1.67,1.7,7180000.0,0.0,0.0
2001-04-27,1.71,1.8,1.71,1.78,11600800.0,0.0,0.0
2001-04-30,1.78,1.8,1.76,1.79,9381600.0,0.0,0.0
2001-05-01,1.76,1.79,1.74,1.74,7025600.0,0.0,0.0
2001-05-02,1.74,1.79,1.73,1.78,4779200.0,0.0,0.0
2001-05-03,1.76,1.76,1.71,1.75,5381600.0,0.0,0.0
2001-05-04,1.73,1.77,1.69,1.74,6878400.0,0.0,0.0
2001-05-07,1.73,1.75,1.72,1.73,4399200.0,0.0,0.0
2001-05-08,1.73,1.76,1.71,1.75,4370400.0,0.0,0.0
2001-05-09,1.72,1.73,1.71,1.71,13472800.0,0.0,0.0
2001-05-10,1.71,1.75,1.68,1.69,14444800.0,0.0,0.0
2001-05-11,1.69,1.69,1.64,1.64,15259200.0,0.0,0.0
2001-05-14,1.65,1.67,1.65,1.66,5295200.0,0.0,0.0
2001-05-15,1.66,1.72,1.66,1.69,8804800.0,0.0,0.0
2001-05-16,1.68,1.8,1.68,1.8,8776000.0,0.0,0.0
2001-05-17,1.79,1.83,1.78,1.81,16219200.0,0.0,0.0
2001-05-18,1.81,1.82,1.8,1.81,8616000.0,0.0,0.0
2001-05-21,1.82,1.87,1.81,1.87,7160000.0,0.0,0.0
2001-05-22,1.94,1.96,1.93,1.93,13677600.0,0.0,0.0
2001-05-23,1.92,1.92,1.84,1.87,11368800.0,0.0,0.0
2001-05-24,1.86,1.88,1.85,1.87,3976000.0,0.0,0.0
2001-05-25,1.86,1.89,1.86,1.86,5265600.0,0.0,0.0
2001-05-29,1.84,1.85,1.81,1.82,8752000.0,0.0,0.0
2001-05-30,1.78,1.79,1.73,1.75,17573600.0,0.0,0.0
2001-05-31,1.74,1.78,1.74,1.76,11191200.0,0.0,0.0
2001-06-01,1.76,1.77,1.74,1.77,7395200.0,0.0,0.0
2001-06-04,1.77,1.77,1.75,1.76,4694400.0,0.0,0.0
2001-06-05,1.76,1.79,1.76,1.77,6280000.0,0.0,0.0
2001-06-06,1.78,1.79,1.76,1.77,4986400.0,0.0,0.0
2001-06-07,1.77,1.88,1.77,1.81,12457600.0,0.0,0.0
2001-06-08,1.78,1.81,1.77,1.78,3804800.0,0.0,0.0
2001-06-11,1.79,1.8,1.76,1.76,5498400.0,0.0,0.0
2001-06-12,1.76,1.8,1.75,1.79,6781600.0,0.0,0.0
2001-06-13,1.83,1.83,1.79,1.81,4986400.0,0.12,0.0
2001-06-14,1.81,1.83,1.81,1.82,7860800.0,0.0,0.0
2001-06-15,1.82,1.82,1.78,1.79,12663200.0,0.0,0.0
2001-06-18,1.79,1.8,1.78,1.79,5157600.0,0.0,0.0
2001-06-19,1.79,1.88,1.79,1.87,10737600.0,0.0,0.0
2001-06-20,1.84,1.9,1.83,1.84,10246400.0,0.0,0.0
2001-06-21,1.83,1.94,1.82,1.91,17780000.0,0.0,0.0
2001-06-22,1.92,1.96,1.87,1.95,8082400.0,0.0,0.0
2001-06-25,1.96,1.97,1.9,1.93,9700000.0,0.0,0.0
2001-06-26,1.92,1.92,1.85,1.87,11744000.0,0.0,0.0
2001-06-27,1.84,1.94,1.84,1.87,6638400.0,0.0,0.0
2001-06-28,1.88,1.91,1.77,1.84,40526400.0,0.0,0.0
2001-06-29,1.84,1.86,1.84,1.84,23972800.0,0.0,0.0
2001-07-02,1.83,1.9,1.83,1.85,12188000.0,0.0,0.0
2001-07-03,1.84,1.88,1.83,1.86,5087200.0,0.0,0.0
2001-07-05,1.86,1.87,1.83,1.84,11560800.0,0.0,0.0
2001-07-06,1.84,1.86,1.82,1.83,7800000.0,0.0,0.0
2001-07-09,1.82,1.85,1.81,1.82,4908000.0,0.0,0.0
2001-07-10,1.81,1.83,1.77,1.8,8885600.0,0.0,0.0
2001-07-11,1.8,1.91,1.8,1.86,7352800.0,0.0,0.0
2001-07-12,1.86,2.01,1.86,1.97,13215200.0,0.0,0.0
2001-07-13,1.96,2.01,1.93,1.98,6738400.0,0.0,0.0
2001-07-16,1.98,2.07,1.98,2.03,14795200.0,0.0,0.0
2001-07-17,2.03,2.07,2.01,2.06,9413600.0,0.0,0.0
2001-07-18,2.03,2.04,2.0,2.01,7651200.0,0.0,0.0
2001-07-19,2.01,2.1,1.96,2.09,21112000.0,0.0,0.0
2001-07-20,2.09,2.11,2.06,2.07,8193600.0,0.0,0.0
2001-07-23,2.06,2.08,2.0,2.02,10483200.0,0.0,0.0
2001-07-24,2.02,2.05,1.98,2.02,6176000.0,0.0,0.0
2001-07-25,2.0,2.06,1.96,2.05,6352000.0,0.0,0.0
2001-07-26,2.03,2.1,2.02,2.1,7420000.0,0.0,0.0
2001-07-27,2.07,2.09,2.03,2.05,8160000.0,0.0,0.0
2001-07-30,2.04,2.05,2.01,2.02,9475200.0,0.0,0.0
2001-07-31,2.02,2.09,2.0,2.08,11809600.0,0.0,0.0
2001-08-01,2.07,2.1,2.04,2.09,6523200.0,0.0,0.0
2001-08-02,2.12,2.19,2.11,2.18,17220000.0,0.0,0.0
2001-08-03,2.18,2.2,2.15,2.2,9455200.0,0.0,0.0
2001-08-06,2.16,2.18,2.06,2.08,14084000.0,0.0,0.0
2001-08-07,2.08,2.11,2.07,2.09,5502400.0,0.0,0.0
2001-08-08,2.09,2.12,2.08,2.1,9898400.0,0.0,0.0
2001-08-09,2.1,2.15,2.09,2.13,9937600.0,0.0,0.0
2001-08-10,2.12,2.17,2.07,2.17,5316800.0,0.0,0.0
2001-08-13,2.15,2.19,2.14,2.18,6129600.0,0.0,0.0
2001-08-14,2.18,2.18,2.15,2.17,3258400.0,0.0,0.0
2001-08-15,2.18,2.19,2.13,2.14,7245600.0,0.0,0.0
2001-08-16,2.13,2.15,2.11,2.15,5716800.0,0.0,0.0
2001-08-17,2.12,2.15,2.12,2.13,5426400.0,0.0,0.0
2001-08-20,2.14,2.15,2.1,2.11,6202400.0,0.0,0.0
2001-08-21,2.11,2.15,2.09,2.13,10111200.0,0.0,0.0
2001-08-22,2.12,2.15,2.08,2.14,6225600.0,0.0,0.0
2001-08-23,2.14,2.16,2.1,2.16,9220800.0,0.0,0.0
2001-08-24,2.16,2.27,2.15,2.25,13169600.0,0.0,0.0
2001-08-27,2.21,2.23,2.2,2.21,7254400.0,0.0,0.0
2001-08-28,2.2,2.23,2.2,2.21,7459200.0,0.0,0.0
2001-08-29,2.21,2.23,2.2,2.2,5089600.0,0.0,0.0
2001-08-30,2.2,2.2,2.16,2.17,7333600.0,0.0,0.0
2001-08-31,2.17,2.24,2.17,2.19,8666400.0,0.0,0.0
2001-09-04,2.2,2.28,2.2,2.22,13728000.0,0.0,0.0
2001-09-05,2.23,2.23,2.16,2.21,10056800.0,0.0,0.0
2001-09-06,2.21,2.23,2.17,2.2,8446400.0,0.0,0.0
2001-09-07,2.16,2.19,2.08,2.13,14432800.0,0.0,0.0
2001-09-10,2.11,2.17,2.11,2.13,7283200.0,0.0,0.0
2001-09-13,,,,,,0.12,0.0
2001-09-17,2.01,2.04,1.97,1.97,18979200.0,0.0075,0.0
2001-09-18,1.97,1.98,1.93,1.93,25150400.0,0.0,0.0
2001-09-19,1.94,1.98,1.88,1.91,24913600.0,0.0,0.0
2001-09-20,1.87,1.94,1.82,1.89,19208800.0,0.0,0.0
2001-09-21,1.86,1.99,1.85,1.95,40428800.0,0.0,0.0
2001-09-24,2.0,2.12,2.0,2.08,12559200.0,0.0,0.0
2001-09-25,2.06,2.09,2.04,2.04,9951200.0,0.0,0.0
2001-09-26,2.07,2.11,2.02,2.03,13273600.0,0.0,0.0
2001-09-27,2.03,2.05,1.97,2.04,13406400.0,0.0,0.0
2001-09-28,2.06,2.12,2.03,2.09,10322400.0,0.0,0.0
2001-10-01,2.09,2.14,2.06,2.1,8278400.0,0.0,0.0
2001-10-02,2.1,2.16,2.09,2.15,10900000.0,0.0,0.0
2001-10-03,2.12,2.26,2.11,2.19,13999200.0,0.0,0.0
2001-10-04,2.19,2.19,2.12,2.13,9056000.0,0.0,0.0
2001-10-05,2.11,2.15,2.09,2.14,12214400.0,0.0,0.0
2001-10-08,2.14,2.15,2.11,2.12,12100000.0,0.0,0.0
2001-10-09,2.12,2.12,2.09,2.09,11063200.0,0.0,0.0
2001-10-10,2.09,2.17,2.08,2.16,16685600.0,0.0,0.0
2001-10-11,2.17,2.24,2.12,2.14,16228800.0,0.0,0.0
2001-10-12,2.14,2.16,2.08,2.15,11457600.0,0.0,0.0
2001-10-15,2.15,2.15,2.1,2.13,9600000.0,0.0,0.0
2001-10-16,2.1,2.15,2.1,2.13,13043200.0,0.0,0.0
2001-10-17,2.13,2.16,2.11,2.12,8213600.0,0.0,0.0
2001-10-18,2.11,2.15,2.11,2.13,6332000.0,0.0,0.0
2001-10-19,2.13,2.16,2.12,2.15,12712800.0,0.0,0.0
2001-10-22,2.15,2.22,2.15,2.21,10716800.0,0.0,0.0
2001-10-23,2.22,2.28,2.2,2.2,12030400.0,0.0,0.0
2001-10-24,2.2,2.22,2.17,2.18,3948800.0,0.0,0.0
2001-10-25,2.15,2.2,2.14,2.19,9764800.0,0.0,0.0
2001-10-26,2.19,2.24,2.19,2.22,8450400.0,0.0,0.0
2001-10-29,2.22,2.23,2.18,2.19,5242400.0,0.0,0.0
2001-10-30,2.19,2.19,2.14,2.15,8999200.0,0.0,0.0
2001-10-31,2.17,2.24,2.17,2.21,16315200.0,0.0,0.0
2001-11-01,2.17,2.19,2.13,2.19,12476000.0,0.0,0.0
2001-11-02,2.18,2.22,2.18,2.2,4517600.0,0.0,0.0
2001-11-05,2.21,2.24,2.2,2.21,3059200.0,0.0,0.0
2001-11-06,2.2,2.24,2.2,2.24,5361600.0,0.0,0.0
2001-11-07,2.24,2.24,2.2,2.23,7430400.0,0.0,0.0
2001-11-08,2.23,2.25,2.22,2.23,6240000.0,0.0,0.0
2001-11-09,2.23,2.23,2.2,2.22,2723200.0,0.0,0.0
2001-11-12,2.22,2.22,2.16,2.21,3999200.0,0.0,0.0
2001-11-13,2.23,2.24,2.22,2.24,8261600.0,0.0,0.0
2001-11-14,2.24,2.31,2.24,2.31,12618400.0,0.0,0.0
2001-11-15,2.31,2.41,2.3,2.35,13776800.0,0.0,0.0
2001-11-16,2.35,2.37,2.34,2.37,11053600.0,0.0,0.0
2001-11-19,2.37,2.44,2.37,2.38,17625600.0,0.0,0.0
2001-11-20,2.4,2.41,2.35,2.4,12739200.0,0.0,0.0
2001-11-21,2.39,2.4,2.36,2.4,9084000.0,0.0,0.0
2001-11-23,2.39,2.39,2.37,2.39,2711200.0,0.0,0.0
2001-11-26,2.39,2.39,2.32,2.34,12923200.0,0.0,0.0
2001-11-27,2.33,2.37,2.33,2.34,6218400.0,0.0,0.0
2001-11-28,2.33,2.33,2.29,2.32,6448800.0,0.0,0.0
2001-11-29,2.3,2.31,2.29,2.3,7641600.0,0.0,0.0
2001-11-30,2.31,2.38,2.31,2.37,12154400.0,0.0,0.0
2001-12-03,2.37,2.39,2.33,2.37,6876800.0,0.0,0.0
2001-12-04,2.35,2.37,2.34,2.37,7030400.0,0.0,0.0
2001-12-05,2.36,2.46,2.36,2.45,10920000.0,0.0,0.0
2001-12-06,2.46,2.52,2.44,2.52,15729600.0,0.0,0.0
2001-12-07,2.48,2.49,2.45,2.46,13519200.0,0.0,0.0
2001-12-10,2.47,2.49,2.41,2.43,8631200.0,0.0,0.0
2001-12-11,2.46,2.46,2.42,2.46,7176000.0,0.0,0.0
2001-12-12,2.46,2.5,2.43,2.44,11228000.0,0.0,0.0
2001-12-13,2.47,2.5,2.45,2.5,10440800.0,0.12,0.0
2001-12-14,2.41,2.5,2.28,2.45,65985600.0,0.0,0.0
2001-12-17,2.43,2.44,2.38,2.38,26223200.0,0.0,0.0
2001-12-18,2.37,2.41,2.36,2.4,15545600.0,0.0,0.0
2001-12-19,2.42,2.5,2.4,2.49,22935200.0,0.0,0.0
2001-12-20,2.47,2.48,2.41,2.45,15624000.0,0.0,0.0
2001-12-21,2.56,2.59,2.52,2.56,33040000.0,0.0,0.0
2001-12-24,2.58,2.6,2.57,2.6,8288800.0,0.0,0.0
2001-12-26,2.61,2.66,2.59,2.6,12077600.0,0.0,0.0
2001-12-27,2.61,2.61,2.55,2.58,5219200.0,0.0,0.0
2001-12-28,2.58,2.6,2.56,2.57,5465600.0,0.0,0.0
2001-12-31,2.57,2.62,2.56,2.56,6570400.0,0.0,0.0
2002-01-02,2.57,2.6,2.55,2.59,9688000.0,0.0,0.0
2002-01-03,2.6,2.6,2.56,2.57,10716000.0,0.0,0.0
2002-01-04,2.57,2.66,2.57,2.6,18803200.0,0.0,0.0
2002-01-07,2.62,2.64,2.6,2.6,10421600.0,0.0,0.0
2002-01-08,2.58,2.63,2.57,2.61,12569600.0,0.0,0.0
2002-01-09,2.61,2.62,2.56,2.58,7919200.0,0.0,0.0
2002-01-10,2.56,2.62,2.55,2.6,7835200.0,0.0,0.0
2002-01-11,2.57,2.59,2.5,2.52,14765600.0,0.0,0.0
2002-01-14,2.52,2.52,2.49,2.49,6080800.0,0.0,0.0
2002-01-15,2.56,2.61,2.56,2.61,18412000.0,0.0,0.0
2002-01-16,2.61,2.61,2.55,2.56,5040800.0,0.0,0.0
2002-01-17,2.56,2.62,2.55,2.61,8780000.0,0.0,0.0
2002-01-18,2.61,2.66,2.6,2.62,11547200.0,0.0,0.0
2002-01-22,2.65,2.66,2.62,2.64,14525600.0,0.0,0.0
2002-01-23,2.64,2.65,2.62,2.65,9128800.0,0.0,0.0
2002-01-24,2.65,2.7,2.64,2.68,12901600.0,0.0,0.0
2002-01-25,2.66,2.69,2.65,2.67,9368000.0,0.0,0.0
2002-01-28,2.66,2.66,2.63,2.65,8718400.0,0.0,0.0
2002-01-29,2.66,2.71,2.6,2.63,10406400.0,0.0,0.0
2002-01-30,2.62,2.78,2.62,2.78,32193600.0,0.0,0.0
2002-01-31,2.77,2.77,2.72,2.73,16327200.0,0.0,0.0
2002-02-01,2.73,2.76,2.7,2.73,7840800.0,0.0,0.0
2002-02-04,2.72,2.75,2.7,2.71,6024000.0,0.0,0.0
2002-02-05,2.71,2.76,2.71,2.73,14220800.0,0.0,0.0
2002-02-06,2.71,2.74,2.71,2.74,9764800.0,0.0,0.0
2002-02-07,2.74,2.76,2.73,2.73,14716000.0,0.0,0.0
2002-02-08,2.71,2.73,2.69,2.69,9759200.0,0.0,0.0
2002-02-11,2.7,2.75,2.7,2.75,11110400.0,0.0,0.0
2002-02-12,2.74,2.75,2.73,2.74,3904800.0,0.0,0.0
2002-02-13,2.74,2.76,2.73,2.75,7305600.0,0.0,0.0
2002-02-14,2.75,2.76,2.73,2.75,5942400.0,0.0,0.0
2002-02-15,2.75,2.75,2.71,2.71,7847200.0,0.0,0.0
2002-02-19,2.7,2.71,2.65,2.66,6598400.0,0.0,0.0
2002-02-20,2.65,2.68,2.65,2.67,6187200.0,0.0,0.0
2002-02-21,2.65,2.66,2.62,2.62,15360800.0,0.0,0.0
2002-02-22,2.63,2.72,2.58,2.71,9350400.0,0.0,0.0
2002-02-25,2.68,2.74,2.67,2.72,10842400.0,0.0,0.0
2002-02-26,2.73,2.74,2.7,2.71,9015200.0,0.0,0.0
2002-02-27,2.71,2.72,2.65,2.67,5548800.0,0.0,0.0
2002-02-28,2.68,2.7,2.64,2.68,10628800.0,0.0,0.0
2002-03-01,2.68,2.7,2.65,2.68,7475200.0,0.0,0.0
2002-03-04,2.67,2.72,2.66,2.7,7805600.0,0.0,0.0
2002-03-05,2.69,2.69,2.64,2.64,10219200.0,0.0,0.0
2002-03-06,2.64,2.7,2.62,2.67,11372000.0,0.0,0.0
2002-03-07,2.67,2.7,2.66,2.68,9264000.0,0.0,0.0
2002-03-08,2.7,2.71,2.64,2.65,8812000.0,0.0,0.0
2002-03-11,2.61,2.68,2.6,2.66,5996000.0,0.0,0.0
2002-03-12,2.65,2.67,2.63,2.66,7266400.0,0.0,0.0
2002-03-13,2.68,2.77,2.67,2.76,15831200.0,0.0,0.0
2002-03-14,2.82,2.91,2.81,2.9,28416800.0,0.12,0.0
2002-03-15,2.9,2.93,2.89,2.9,14512000.0,0.0,0.0
2002-03-18,2.9,2.96,2.9,2.94,11933600.0,0.0,0.0
2002-03-19,2.94,2.95,2.92,2.93,9704800.0,0.0,0.0
2002-03-20,2.92,2.97,2.91,2.96,9429600.0,0.0,0.0
2002-03-21,2.94,2.96,2.87,2.92,11281600.0,0.0,0.0
2002-03-22,2.75,2.79,2.72,2.75,45276800.0,0.0,0.0
2002-03-25,2.75,2.79,2.74,2.78,13555200.0,0.0,0.0
2002-03-26,2.78,2.82,2.78,2.8,14090400.0,0.0,0.0
2002-03-27,2.8,2.82,2.79,2.82,9327200.0,0.0,0.0
2002-03-28,2.8,2.83,2.77,2.78,7105600.0,0.0,0.0
2002-04-01,2.76,2.76,2.69,2.72,10740800.0,0.0,0.0
2002-04-02,2.71,2.71,2.66,2.67,17763200.0,0.0,0.0
2002-04-03,2.65,2.73,2.6,2.69,25100800.0,0.0,0.0
2002-04-04,2.68,2.71,2.67,2.69,15709600.0,0.0,0.0
2002-04-05,2.7,2.75,2.7,2.72,8512800.0,0.0,0.0
2002-04-08,2.69,2.73,2.68,2.71,8042400.0,0.0,0.0
2002-04-09,2.7,2.73,2.69,2.72,8849600.0,0.0,0.0
2002-04-10,2.71,2.73,2.7,2.71,9764800.0,0.0,0.0
2002-04-11,2.71,2.71,2.66,2.66,12962400.0,0.0,0.0
2002-04-12,2.67,2.7,2.67,2.68,8440800.0,0.0,0.0
2002-04-15,2.68,2.69,2.64,2.64,8157600.0,0.0,0.0
2002-04-16,2.64,2.74,2.64,2.72,11281600.0,0.0,0.0
2002-04-17,2.71,2.71,2.64,2.66,10640000.0,0.0,0.0
2002-04-18,2.62,2.64,2.56,2.56,24531200.0,0.0,0.0
2002-04-19,2.58,2.64,2.55,2.63,21612800.0,0.0,0.0
2002-04-22,2.63,2.65,2.6,2.64,11625600.0,0.0,0.0
2002-04-23,2.63,2.69,2.62,2.66,10249600.0,0.0,0.0
2002-04-24,2.64,2.65,2.58,2.59,10952000.0,0.0,0.0
2002-04-25,2.58,2.58,2.54,2.57,13184000.0,0.0,0.0
2002-04-26,2.57,2.59,2.53,2.53,8363200.0,0.0,0.0
2002-04-29,2.52,2.52,2.49,2.49,9502400.0,0.0,0.0
2002-04-30,2.5,2.5,2.44,2.47,10550400.0,0.0,0.0
2002-05-01,2.45,2.54,2.42,2.53,12188000.0,0.0,0.0
2002-05-02,2.51,2.57,2.51,2.56,9292800.0,0.0,0.0
2002-05-03,2.57,2.58,2.55,2.56,9031200.0,0.0,0.0
2002-05-06,2.55,2.57,2.49,2.5,6404000.0,0.0,0.0
2002-05-07,2.53,2.57,2.52,2.55,8880800.0,0.0,0.0
2002-05-08,2.6,2.61,2.56,2.59,11174400.0,0.0,0.0
2002-05-09,2.6,2.6,2.53,2.54,10512800.0,0.0,0.0
2002-05-10,2.53,2.53,2.44,2.45,20409600.0,0.0,0.0
2002-05-13,2.46,2.5,2.46,2.49,13024000.0,0.0,0.0
2002-05-14,2.52,2.56,2.51,2.55,16344800.0,0.0,0.0
2002-05-15,2.55,2.55,2.52,2.52,7164000.0,0.0,0.0
2002-05-16,2.53,2.59,2.53,2.58,12305600.0,0.0,0.0
2002-05-17,2.59,2.61,2.55,2.58,7981600.0,0.0,0.0
2002-05-20,2.58,2.6,2.51,2.52,9714400.0,0.0,0.0
2002-05-21,2.53,2.53,2.47,2.49,7502400.0,0.0,0.0
2002-05-22,2.48,2.48,2.41,2.44,12484800.0,0.0,0.0
2002-05-23,2.45,2.57,2.45,2.53,17653600.0,0.0,0.0
2002-05-24,2.53,2.53,2.49,2.5,4313600.0,0.0,0.0
2002-05-28,2.49,2.51,2.48,2.49,6865600.0,0.0,0.0
2002-05-29,2.49,2.51,2.48,2.48,7258400.0,0.0,0.0
2002-05-30,2.48,2.49,2.47,2.48,9542400.0,0.0,0.0
2002-05-31,2.47,2.51,2.47,2.49,6962400.0,0.0,0.0
2002-06-03,2.48,2.49,2.41,2.41,6782400.0,0.0,0.0
2002-06-04,2.37,2.38,2.29,2.33,20084800.0,0.0,0.0
2002-06-05,2.33,2.36,2.3,2.35,23251200.0,0.0,0.0
2002-06-06,2.35,2.38,2.31,2.33,6863200.0,0.0,0.0
2002-06-07,2.32,2.33,2.31,2.32,9258400.0,0.0,0.0
2002-06-10,2.32,2.34,2.31,2.33,5749600.0,0.0,0.0
2002-06-11,2.33,2.36,2.32,2.33,9564000.0,0.0,0.0
2002-06-12,2.37,2.38,2.35,2.38,12732000.0,0.12,0.0
2002-06-13,2.36,2.38,2.35,2.36,11324800.0,0.0,0.0
2002-06-14,2.36,2.36,2.33,2.35,21538400.0,0.0,0.0
2002-06-17,2.36,2.48,2.35,2.47,11135200.0,0.0,0.0
2002-06-18,2.46,2.52,2.44,2.5,11430400.0,0.0,0.0
2002-06-19,2.5,2.55,2.49,2.5,12220000.0,0.0,0.0
2002-06-20,2.48,2.51,2.45,2.45,14919200.0,0.0,0.0
2002-06-21,2.43,2.44,2.37,2.39,20275200.0,0.0,0.0
2002-06-24,2.39,2.45,2.34,2.4,13702400.0,0.0,0.0
2002-06-25,2.41,2.44,2.34,2.34,12780000.0,0.0,0.0
2002-06-26,2.34,2.35,2.27,2.32,11421600.0,0.0,0.0
2002-06-27,2.37,2.43,2.35,2.43,11546400.0,0.0,0.0
2002-06-28,2.57,2.66,2.53,2.53,38186400.0,0.0,0.0
2002-07-01,2.56,2.62,2.54,2.58,14140800.0,0.0,0.0
2002-07-02,2.58,2.62,2.56,2.58,17796000.0,0.0,0.0
2002-07-03,2.58,2.62,2.58,2.6,18846400.0,0.0,0.0
2002-07-05,2.61,2.68,2.6,2.66,5763200.0,0.0,0.0
2002-07-08,2.67,2.71,2.66,2.68,11368800.0,0.0,0.0
2002-07-09,2.68,2.73,2.63,2.64,13620000.0,0.0,0.0
2002-07-10,2.64,2.68,2.61,2.63,13750400.0,0.0,0.0
2002-07-11,2.61,2.61,2.47,2.48,18399200.0,0.0,0.0
2002-07-12,2.54,2.58,2.5,2.51,13425600.0,0.0,0.0
2002-07-15,2.51,2.51,2.38,2.47,12742400.0,0.0,0.0
2002-07-16,2.5,2.58,2.5,2.55,20492000.0,0.0,0.0
2002-07-17,2.62,2.66,2.51,2.52,26277600.0,0.0,0.0
2002-07-18,2.53,2.56,2.41,2.41,15584000.0,0.0,0.0
2002-07-19,2.36,2.39,2.31,2.31,13297600.0,0.0,0.0
2002-07-22,2.27,2.35,2.22,2.24,16643200.0,0.0,0.0
2002-07-23,2.24,2.26,2.15,2.19,20030400.0,0.0,0.0
2002-07-24,2.13,2.3,2.13,2.28,20493600.0,0.0,0.0
2002-07-25,2.29,2.33,2.24,2.29,13172000.0,0.0,0.0
2002-07-26,2.3,2.36,2.28,2.3,9958400.0,0.0,0.0
2002-07-29,2.32,2.41,2.32,2.4,13128000.0,0.0,0.0
2002-07-30,2.39,2.42,2.35,2.37,13300000.0,0.0,0.0
2002-07-31,2.36,2.36,2.25,2.33,17416800.0,0.0,0.0
2002-08-01,2.29,2.29,2.18,2.22,30043200.0,0.0,0.0
2002-08-02,2.2,2.2,2.12,2.15,12247200.0,0.0,0.0
2002-08-05,2.13,2.16,2.06,2.07,13232800.0,0.0,0.0
2002-08-06,2.09,2.14,2.08,2.1,15705600.0,0.0,0.0
2002-08-07,2.13,2.14,2.04,2.1,12808000.0,0.0,0.0
2002-08-08,2.09,2.14,2.07,2.12,12080800.0,0.0,0.0
2002-08-09,2.1,2.1,2.06,2.07,12630400.0,0.0,0.0
2002-08-12,2.05,2.05,2.01,2.02,16540800.0,0.0,0.0
2002-08-13,2.02,2.1,2.02,2.03,17048800.0,0.0,0.0
2002-08-14,2.03,2.09,2.01,2.09,10160000.0,0.0,0.0
2002-08-15,2.09,2.14,1.91,2.14,57087200.0,0.0,0.0
2002-08-16,2.12,2.13,2.06,2.08,25323200.0,0.0,0.0
2002-08-19,2.07,2.1,2.05,2.06,26128000.0,0.0,0.0
2002-08-20,2.06,2.11,2.04,2.11,21135200.0,0.0,0.0
2002-08-21,2.12,2.18,2.12,2.15,17446400.0,0.0,0.0
2002-08-22,2.15,2.18,2.13,2.18,16512800.0,0.0,0.0
2002-08-23,2.17,2.19,2.16,2.16,10257600.0,0.0,0.0
2002-08-26,2.16,2.18,2.15,2.17,15488000.0,0.0,0.0
2002-08-27,2.19,2.2,2.13,2.14,22111200.0,0.0,0.0
2002-08-28,2.13,2.15,2.09,2.1,10277600.0,0.0,0.0
2002-08-29,2.04,2.04,2.01,2.03,22445600.0,0.0,0.0
2002-08-30,2.03,2.07,2.03,2.04,10836000.0,0.0,0.0
2002-09-03,2.02,2.03,1.99,1.99,14342400.0,0.0,0.0
2002-09-04,2.0,2.0,1.96,1.99,10861600.0,0.0,0.0
2002-09-05,1.97,2.01,1.96,1.98,11138400.0,0.0,0.0
2002-09-06,1.98,2.01,1.97,1.98,10312000.0,0.0,0.0
2002-09-09,1.95,1.97,1.92,1.93,14457600.0,0.0,0.0
2002-09-10,1.94,1.99,1.92,1.99,14068000.0,0.0,0.0
2002-09-11,1.99,2.03,1.99,2.03,10124000.0,0.0,0.0
2002-09-12,2.07,2.08,2.01,2.02,10177600.0,0.12,0.0
2002-09-13,1.95,2.04,1.95,2.01,20060000.0,0.0,0.0
2002-09-16,2.0,2.05,2.0,2.04,13392000.0,0.0,0.0
2002-09-17,2.09,2.11,2.0,2.01,13172000.0,0.0,0.0
2002-09-18,1.98,2.11,1.98,2.08,29804800.0,0.0,0.0
2002-09-19,2.07,2.14,2.06,2.12,18411200.0,0.0,0.0
2002-09-20,2.12,2.14,2.09,2.13,19296800.0,0.0,0.0
2002-09-23,2.13,2.13,2.02,2.04,12395200.0,0.0,0.0
2002-09-24,2.04,2.08,2.01,2.04,11419200.0,0.0,0.0
2002-09-25,2.09,2.17,2.07,2.14,12144000.0,0.0,0.0
2002-09-26,2.16,2.21,2.14,2.2,10064000.0,0.0,0.0
2002-09-27,2.19,2.2,2.11,2.12,8324800.0,0.0,0.0
2002-09-30,2.08,2.09,2.02,2.08,10552000.0,0.0,0.0
2002-10-01,2.08,2.1,2.01,2.1,11379200.0,0.0,0.0
2002-10-02,2.09,2.14,2.06,2.08,11360000.0,0.0,0.0
2002-10-03,2.08,2.09,2.02,2.03,12894400.0,0.0,0.0
2002-10-04,2.04,2.05,1.98,2.02,14320800.0,0.0,0.0
2002-10-07,2.01,2.02,1.92,1.93,17309600.0,0.0,0.0
2002-10-08,1.95,1.99,1.89,1.93,22868800.0,0.0,0.0
2002-10-09,1.9,1.94,1.89,1.9,12019200.0,0.0,0.0
2002-10-10,1.9,1.92,1.86,1.92,17004800.0,0.0,0.0
2002-10-11,1.93,2.05,1.93,2.02,13461600.0,0.0,0.0
2002-10-14,2.0,2.07,1.98,2.05,9926400.0,0.0,0.0
2002-10-15,2.09,2.17,2.08,2.17,12033600.0,0.0,0.0
2002-10-16,2.15,2.15,2.07,2.08,13378400.0,0.0,0.0
2002-10-17,2.14,2.19,2.12,2.15,13486400.0,0.0,0.0
2002-10-18,2.15,2.15,2.05,2.1,16188800.0,0.0,0.0
2002-10-21,2.09,2.21,2.08,2.2,12096800.0,0.0,0.0
2002-10-22,2.19,2.21,2.16,2.19,13505600.0,0.0,0.0
2002-10-23,2.19,2.23,2.16,2.18,10222400.0,0.0,0.0
2002-10-24,2.19,2.24,2.18,2.2,11374400.0,0.0,0.0
2002-10-25,2.21,2.27,2.2,2.27,12144800.0,0.0,0.0
2002-10-28,2.32,2.33,2.24,2.25,11556800.0,0.0,0.0
2002-10-29,2.25,2.26,2.18,2.23,10322400.0,0.0,0.0
2002-10-30,2.25,2.29,2.21,2.27,14924800.0,0.0,0.0
2002-10-31,2.27,2.31,2.26,2.28,8780000.0,0.0,0.0
2002-11-01,2.28,2.29,2.22,2.29,10004800.0,0.0,0.0
2002-11-04,2.32,2.33,2.28,2.28,7002400.0,0.0,0.0
2002-11-05,2.28,2.3,2.22,2.23,14684800.0,0.0,0.0
2002-11-06,2.23,2.23,2.14,2.18,25207200.0,0.0,0.0
2002-11-07,2.15,2.19,2.13,2.15,8756800.0,0.0,0.0
2002-11-08,2.15,2.19,2.1,2.12,9651200.0,0.0,0.0
2002-11-11,2.12,2.12,2.07,2.07,6747200.0,0.0,0.0
2002-11-12,2.07,2.14,2.07,2.12,8285600.0,0.0,0.0
2002-11-13,2.1,2.13,2.07,2.1,9046400.0,0.0,0.0
2002-11-14,2.14,2.22,2.13,2.18,15392800.0,0.0,0.0
2002-11-15,2.17,2.22,2.17,2.2,11902400.0,0.0,0.0
2002-11-18,2.23,2.23,2.15,2.19,12284800.0,0.0,0.0
2002-11-19,2.19,2.2,2.14,2.15,10750400.0,0.0,0.0
2002-11-20,2.17,2.26,2.17,2.21,14206400.0,0.0,0.0
2002-11-21,2.24,2.28,2.1,2.17,27852800.0,0.0,0.0
2002-11-22,2.17,2.17,2.1,2.11,17854400.0,0.0,0.0
2002-11-25,2.12,2.16,2.11,2.15,11533600.0,0.0,0.0
2002-11-26,2.15,2.18,2.12,2.12,7906400.0,0.0,0.0
2002-11-27,2.13,2.21,2.13,2.18,12444800.0,0.0,0.0
2002-11-29,2.19,2.2,2.16,2.16,4201600.0,0.0,0.0
2002-12-02,2.22,2.27,2.21,2.25,18641600.0,0.0,0.0
2002-12-03,2.25,2.25,2.2,2.24,10008800.0,0.0,0.0
2002-12-04,2.23,2.24,2.19,2.22,12173600.0,0.0,0.0
2002-12-05,2.22,2.23,2.14,2.19,13488000.0,0.0,0.0
2002-12-06,2.18,2.19,2.13,2.18,13623200.0,0.0,0.0
2002-12-09,2.18,2.21,2.1,2.1,10828800.0,0.0,0.0
2002-12-10,2.1,2.1,2.05,2.09,16245600.0,0.0,0.0
2002-12-11,2.08,2.1,2.07,2.08,8764800.0,0.0,0.0
2002-12-12,2.13,2.18,2.1,2.17,14735200.0,0.14,0.0
2002-12-13,2.17,2.17,2.1,2.11,10268000.0,0.0,0.0
2002-12-16,2.11,2.2,2.11,2.19,9933600.0,0.0,0.0
2002-12-17,2.19,2.19,2.1,2.12,18489600.0,0.0,0.0
2002-12-18,2.13,2.14,2.04,2.08,16611200.0,0.0,0.0
2002-12-19,2.09,2.13,2.04,2.06,14907200.0,0.0,0.0
2002-12-20,2.06,2.23,2.06,2.23,37304800.0,0.0,0.0
2002-12-23,2.22,2.23,2.18,2.19,12648800.0,0.0,0.0
2002-12-24,2.2,2.21,2.18,2.18,3625600.0,0.0,0.0
2002-12-26,2.19,2.23,2.18,2.19,5504800.0,0.0,0.0
2002-12-27,2.19,2.19,2.16,2.16,5078400.0,0.0,0.0
2002-12-30,2.16,2.21,2.15,2.21,6828800.0,0.0,0.0
2002-12-31,2.2,2.21,2.18,2.2,7450400.0,0.0,0.0
2003-01-02,2.21,2.28,2.2,2.28,9133600.0,0.0,0.0
2003-01-03,2.28,2.28,2.23,2.24,9072000.0,0.0,0.0
2003-01-06,2.23,2.28,2.23,2.27,8532000.0,0.0,0.0
2003-01-07,2.25,2.28,2.25,2.26,6733600.0,0.0,0.0
2003-01-08,2.26,2.3,2.25,2.28,7736000.0,0.0,0.0
2003-01-09,2.29,2.36,2.29,2.34,11535200.0,0.0,0.0
2003-01-10,2.32,2.4,2.31,2.35,16739200.0,0.0,0.0
2003-01-13,2.36,2.39,2.32,2.33,9019200.0,0.0,0.0
2003-01-14,2.31,2.33,2.3,2.31,9748000.0,0.0,0.0
2003-01-15,2.31,2.31,2.27,2.28,6536000.0,0.0,0.0
2003-01-16,2.28,2.29,2.24,2.25,8339200.0,0.0,0.0
2003-01-17,2.24,2.25,2.21,2.23,10815200.0,0.0,0.0
2003-01-21,2.23,2.26,2.17,2.17,10180800.0,0.0,0.0
2003-01-22,2.17,2.2,2.15,2.15,8596800.0,0.0,0.0
2003-01-23,2.17,2.22,2.17,2.21,7800000.0,0.0,0.0
2003-01-24,2.2,2.21,2.14,2.15,7816800.0,0.0,0.0
2003-01-27,2.14,2.17,2.11,2.16,9672000.0,0.0,0.0
2003-01-28,2.17,2.22,2.16,2.21,10444000.0,0.0,0.0
2003-01-29,2.21,2.26,2.19,2.26,13831200.0,0.0,0.0
2003-01-30,2.26,2.27,2.18,2.23,14952000.0,0.0,0.0
2003-01-31,2.22,2.24,2.19,2.21,11808800.0,0.0,0.0
2003-02-03,2.21,2.22,2.16,2.19,11604800.0,0.0,0.0
2003-02-04,2.19,2.19,2.11,2.16,16016000.0,0.0,0.0
2003-02-05,2.16,2.17,2.13,2.14,14406400.0,0.0,0.0
2003-02-06,2.14,2.17,2.13,2.14,11475200.0,0.0,0.0
2003-02-07,2.15,2.16,2.1,2.1,9196000.0,0.0,0.0
2003-02-10,2.11,2.16,2.11,2.15,9557600.0,0.0,0.0
2003-02-11,2.18,2.19,2.15,2.17,10545600.0,0.0,0.0
2003-02-12,2.17,2.18,2.16,2.16,7054400.0,0.0,0.0
2003-02-13,2.16,2.18,2.14,2.18,10347200.0,0.0,0.0
2003-02-14,2.18,2.24,2.17,2.24,11272800.0,0.0,0.0
2003-02-18,2.24,2.26,2.23,2.26,9316800.0,0.0,0.0
2003-02-19,2.26,2.26,2.23,2.25,7652000.0,0.0,0.0
2003-02-20,2.26,2.27,2.25,2.26,6384000.0,0.0,0.0
2003-02-21,2.27,2.31,2.27,2.3,9549600.0,0.0,0.0
2003-02-24,2.3,2.3,2.24,2.24,10600000.0,0.0,0.0
2003-02-25,2.22,2.27,2.19,2.25,14719200.0,0.0,0.0
2003-02-26,2.25,2.26,2.21,2.23,9232800.0,0.0,0.0
2003-02-27,2.24,2.29,2.22,2.29,7959200.0,0.0,0.0
2003-02-28,2.29,2.33,2.27,2.3,10693600.0,0.0,0.0
2003-03-03,2.3,2.34,2.3,2.31,12242400.0,0.0,0.0
2003-03-04,2.32,2.32,2.26,2.26,10201600.0,0.0,0.0
2003-03-05,2.26,2.31,2.25,2.31,9784000.0,0.0,0.0
2003-03-06,2.3,2.34,2.28,2.31,10597600.0,0.0,0.0
2003-03-07,2.31,2.44,2.29,2.43,22413600.0,0.0,0.0
2003-03-10,2.42,2.42,2.33,2.34,14977600.0,0.0,0.0
2003-03-11,2.34,2.42,2.34,2.36,13907200.0,0.0,0.0
2003-03-12,2.35,2.39,2.34,2.39,12011200.0,0.0,0.0
2003-03-13,2.48,2.52,2.44,2.49,19496800.0,0.14,0.0
2003-03-14,2.5,2.53,2.5,2.52,18746400.0,0.0,0.0
2003-03-17,2.52,2.62,2.52,2.62,21066400.0,0.0,0.0
2003-03-18,2.58,2.58,2.46,2.48,27957600.0,0.0,0.0
2003-03-19,2.5,2.55,2.49,2.54,18655200.0,0.0,0.0
2003-03-20,2.55,2.69,2.54,2.68,31173600.0,0.0,0.0
2003-03-21,2.69,2.71,2.65,2.7,13041600.0,0.0,0.0
2003-03-24,2.69,2.7,2.62,2.64,16826400.0,0.0,0.0
2003-03-25,2.66,2.69,2.63,2.68,10043200.0,0.0,0.0
2003-03-26,2.68,2.7,2.64,2.64,12439200.0,0.0,0.0
2003-03-27,2.6,2.68,2.6,2.65,9357600.0,0.0,0.0
2003-03-28,2.65,2.71,2.64,2.69,9163200.0,0.0,0.0
2003-03-31,2.64,2.64,2.61,2.61,14238400.0,0.0,0.0
2003-04-01,2.61,2.61,2.55,2.58,15256800.0,0.0,0.0
2003-04-02,2.62,2.67,2.62,2.65,13114400.0,0.0,0.0
2003-04-03,2.67,2.67,2.63,2.65,8769600.0,0.0,0.0
2003-04-04,2.65,2.67,2.6,2.61,7757600.0,0.0,0.0
2003-04-07,2.67,2.67,2.6,2.61,12481600.0,0.0,0.0
2003-04-08,2.61,2.64,2.58,2.63,10032000.0,0.0,0.0
2003-04-09,2.64,2.71,2.61,2.63,16861600.0,0.0,0.0
2003-04-10,2.63,2.67,2.62,2.67,9451200.0,0.0,0.0
2003-04-11,2.69,2.71,2.65,2.67,8447200.0,0.0,0.0
2003-04-14,2.66,2.71,2.64,2.7,7081600.0,0.0,0.0
2003-04-15,2.69,2.76,2.68,2.73,12501600.0,0.0,0.0
2003-04-16,2.75,2.76,2.64,2.66,11927200.0,0.0,0.0
2003-04-17,2.65,2.67,2.62,2.65,9856800.0,0.0,0.0
2003-04-21,2.66,2.66,2.6,2.63,7146400.0,0.0,0.0
2003-04-22,2.63,2.71,2.6,2.7,8884000.0,0.0,0.0
2003-04-23,2.71,2.73,2.67,2.73,6476000.0,0.0,0.0
2003-04-24,2.71,2.72,2.65,2.69,6590400.0,0.0,0.0
2003-04-25,2.69,2.7,2.64,2.65,6627200.0,0.0,0.0
2003-04-28,2.67,2.75,2.67,2.74,11524800.0,0.0,0.0
2003-04-29,2.74,2.82,2.72,2.75,13624800.0,0.0,0.0
2003-04-30,2.75,2.75,2.69,2.71,14233600.0,0.0,0.0
2003-05-01,2.73,2.73,2.66,2.67,12104000.0,0.0,0.0
2003-05-02,2.67,2.73,2.66,2.72,8370400.0,0.0,0.0
2003-05-05,2.73,2.74,2.66,2.68,8249600.0,0.0,0.0
2003-05-06,2.68,2.75,2.67,2.75,10432000.0,0.0,0.0
2003-05-07,2.75,2.77,2.73,2.74,9298400.0,0.0,0.0
2003-05-08,2.72,2.75,2.68,2.71,9800800.0,0.0,0.0
2003-05-09,2.71,2.74,2.71,2.74,7916000.0,0.0,0.0
2003-05-12,2.73,2.76,2.69,2.76,13471200.0,0.0,0.0
2003-05-13,2.76,2.79,2.73,2.78,13801600.0,0.0,0.0
2003-05-14,2.78,2.78,2.73,2.74,6886400.0,0.0,0.0
2003-05-15,2.75,2.75,2.71,2.73,8127200.0,0.0,0.0
2003-05-16,2.75,2.75,2.67,2.68,15063200.0,0.0,0.0
2003-05-19,2.68,2.68,2.63,2.65,11633600.0,0.0,0.0
2003-05-20,2.66,2.69,2.64,2.66,9195200.0,0.0,0.0
2003-05-21,2.65,2.7,2.61,2.63,12604000.0,0.0,0.0
2003-05-22,2.66,2.66,2.63,2.65,15064800.0,0.0,0.0
2003-05-23,2.65,2.65,2.62,2.63,8010400.0,0.0,0.0
2003-05-27,2.64,2.74,2.63,2.73,12947200.0,0.0,0.0
2003-05-28,2.73,2.78,2.72,2.77,10216000.0,0.0,0.0
2003-05-29,2.76,2.8,2.76,2.78,13233600.0,0.0,0.0
2003-05-30,2.79,2.87,2.79,2.84,13806400.0,0.0,0.0
2003-06-02,2.84,2.87,2.83,2.84,17061600.0,0.0,0.0
2003-06-03,2.82,2.82,2.76,2.78,14325600.0,0.0,0.0
2003-06-04,2.77,2.84,2.75,2.83,9160800.0,0.0,0.0
2003-06-05,2.83,2.84,2.81,2.83,9901600.0,0.0,0.0
2003-06-06,2.84,2.84,2.79,2.81,11166400.0,0.0,0.0
2003-06-09,2.81,2.84,2.78,2.8,6854400.0,0.0,0.0
2003-06-10,2.81,2.85,2.8,2.84,7096000.0,0.0,0.0
2003-06-11,2.89,2.89,2.85,2.86,16360000.0,0.14,0.0
2003-06-12,2.87,2.88,2.84,2.86,10339200.0,0.0,0.0
2003-06-13,2.85,2.86,2.82,2.82,12905600.0,0.0,0.0
2003-06-16,2.82,2.86,2.81,2.85,13642400.0,0.0,0.0
2003-06-17,2.85,2.88,2.84,2.88,9340800.0,0.0,0.0
2003-06-18,2.88,2.91,2.86,2.91,8930400.0,0.0,0.0
2003-06-19,2.91,2.94,2.9,2.91,10700000.0,0.0,0.0
2003-06-20,2.92,2.95,2.9,2.9,11696800.0,0.0,0.0
2003-06-23,2.9,2.92,2.85,2.87,10892800.0,0.0,0.0
2003-06-24,2.88,2.94,2.88,2.93,15525600.0,0.0,0.0
2003-06-25,2.94,2.96,2.93,2.94,13966400.0,0.0,0.0
2003-06-26,2.95,2.98,2.94,2.95,15184000.0,0.0,0.0
2003-06-27,2.8,2.82,2.72,2.75,52179200.0,0.0,0.0
2003-06-30,2.75,2.78,2.73,2.77,50000800.0,0.0,0.0
2003-07-01,2.77,2.79,2.73,2.79,12168000.0,0.0,0.0
2003-07-02,2.79,2.79,2.75,2.79,13672000.0,0.0,0.0
2003-07-03,2.78,2.79,2.75,2.77,4918400.0,0.0,0.0
2003-07-07,2.77,2.8,2.77,2.79,11005600.0,0.0,0.0
2003-07-08,2.79,2.8,2.77,2.78,9452000.0,0.0,0.0
2003-07-09,2.77,2.78,2.74,2.74,16193600.0,0.0,0.0
2003-07-10,2.76,2.79,2.71,2.78,18492800.0,0.0,0.0
2003-07-11,2.78,2.79,2.76,2.78,6198400.0,0.0,0.0
2003-07-14,2.79,2.82,2.75,2.78,7411200.0,0.0,0.0
2003-07-15,2.78,2.79,2.74,2.75,7327200.0,0.0,0.0
2003-07-16,2.74,2.75,2.71,2.75,7761600.0,0.0,0.0
2003-07-17,2.74,2.75,2.68,2.7,9530400.0,0.0,0.0
2003-07-18,2.73,2.73,2.68,2.69,10080800.0,0.0,0.0
2003-07-21,2.68,2.69,2.63,2.64,10958400.0,0.0,0.0
2003-07-22,2.64,2.67,2.6,2.66,12536000.0,0.0,0.0
2003-07-23,2.65,2.7,2.63,2.69,11722400.0,0.0,0.0
2003-07-24,2.74,2.78,2.72,2.72,12827200.0,0.0,0.0
2003-07-25,2.72,2.74,2.69,2.73,6476800.0,0.0,0.0
2003-07-28,2.72,2.73,2.68,2.69,9124800.0,0.0,0.0
2003-07-29,2.69,2.7,2.66,2.68,9430400.0,0.0,0.0
2003-07-30,2.68,2.68,2.65,2.65,5778400.0,0.0,0.0
2003-07-31,2.67,2.71,2.65,2.68,11784000.0,0.0,0.0
2003-08-01,2.67,2.69,2.62,2.62,8605600.0,0.0,0.0
2003-08-04,2.61,2.65,2.59,2.62,9734400.0,0.0,0.0
2003-08-05,2.62,2.62,2.58,2.58,7953600.0,0.0,0.0
2003-08-06,2.58,2.62,2.57,2.57,11247200.0,0.0,0.0
2003-08-07,2.59,2.63,2.59,2.62,9023200.0,0.0,0.0
2003-08-08,2.62,2.74,2.62,2.73,17093600.0,0.0,0.0
2003-08-11,2.73,2.74,2.71,2.73,9403200.0,0.0,0.0
2003-08-12,2.74,2.79,2.74,2.78,8604000.0,0.0,0.0
2003-08-13,2.79,2.83,2.79,2.81,12436000.0,0.0,0.0
2003-08-14,2.81,2.85,2.8,2.84,8427200.0,0.0,0.0
2003-08-15,2.84,2.86,2.82,2.86,4042400.0,0.0,0.0
2003-08-18,2.86,2.88,2.84,2.85,8202400.0,0.0,0.0
2003-08-19,2.86,2.86,2.8,2.83,9080800.0,0.0,0.0
2003-08-20,2.8,2.83,2.8,2.81,5768800.0,0.0,0.0
2003-08-21,2.82,2.88,2.81,2.86,14783200.0,0.0,0.0
2003-08-22,2.88,2.88,2.83,2.83,7308000.0,0.0,0.0
2003-08-25,2.84,2.86,2.82,2.86,6108800.0,0.0,0.0
2003-08-26,2.86,2.87,2.84,2.87,5816800.0,0.0,0.0
2003-08-27,2.86,2.89,2.84,2.88,4050400.0,0.0,0.0
2003-08-28,2.89,2.91,2.88,2.9,5835200.0,0.0,0.0
2003-08-29,2.91,2.95,2.91,2.95,10634400.0,0.0,0.0
2003-09-02,2.95,2.98,2.92,2.97,6198400.0,0.0,0.0
2003-09-03,2.98,2.98,2.94,2.96,7941600.0,0.0,0.0
2003-09-04,2.97,2.98,2.93,2.94,7106400.0,0.0,0.0
2003-09-05,2.93,2.95,2.9,2.91,7929600.0,0.0,0.0
2003-09-08,2.91,2.97,2.91,2.94,8039200.0,0.0,0.0
2003-09-09,2.92,2.93,2.9,2.91,8035200.0,0.0,0.0
2003-09-10,2.91,2.92,2.87,2.87,7623200.0,0.0,0.0
2003-09-11,2.93,2.97,2.93,2.95,7538400.0,0.14,0.0
2003-09-12,2.95,2.95,2.91,2.94,5647200.0,0.0,0.0
2003-09-15,2.94,3.0,2.94,2.98,5573600.0,0.0,0.0
2003-09-16,3.0,3.0,2.97,2.99,9644800.0,0.0,0.0
2003-09-17,3.0,3.02,2.99,3.02,8752000.0,0.0,0.0
2003-09-18,3.01,3.03,3.01,3.02,11152800.0,0.0,0.0
2003-09-19,3.2,3.29,3.19,3.25,59559200.0,0.0,0.0
2003-09-22,3.2,3.25,3.2,3.24,21054400.0,0.0,0.0
2003-09-23,3.21,3.24,3.21,3.23,11236000.0,0.0,0.0
2003-09-24,3.22,3.24,3.21,3.21,12912800.0,0.0,0.0
2003-09-25,3.21,3.21,3.19,3.19,7962400.0,0.0,0.0
2003-09-26,3.19,3.22,3.16,3.21,16095200.0,0.0,0.0
2003-09-29,3.23,3.24,3.2,3.22,17067200.0,0.0,0.0
2003-09-30,3.22,3.23,3.18,3.21,14468800.0,0.0,0.0
2003-10-01,3.21,3.27,3.21,3.27,13152800.0,0.0,0.0
2003-10-02,3.27,3.3,3.26,3.3,10253600.0,0.0,0.0
2003-10-03,3.3,3.36,3.3,3.33,13300800.0,0.0,0.0
2003-10-06,3.33,3.34,3.31,3.32,13083200.0,0.0,0.0
2003-10-07,3.31,3.36,3.31,3.36,10480800.0,0.0,0.0
2003-10-08,3.36,3.38,3.36,3.38,10430400.0,0.0,0.0
2003-10-09,3.39,3.4,3.36,3.38,9513600.0,0.0,0.0
2003-10-10,3.38,3.38,3.32,3.34,8736000.0,0.0,0.0
2003-10-13,3.35,3.41,3.35,3.4,7193600.0,0.0,0.0
2003-10-14,3.37,3.41,3.37,3.4,8282400.0,0.0,0.0
2003-10-15,3.42,3.42,3.39,3.41,10726400.0,0.0,0.0
2003-10-16,3.43,3.43,3.39,3.42,11939200.0,0.0,0.0
2003-10-17,3.42,3.42,3.37,3.37,10421600.0,0.0,0.0
2003-10-20,3.37,3.39,3.35,3.37,11089600.0,0.0,0.0
2003-10-21,3.35,3.38,3.35,3.36,6400000.0,0.0,0.0
2003-10-22,3.36,3.36,3.3,3.31,8848000.0,0.0,0.0
2003-10-23,3.31,3.32,3.28,3.32,11007200.0,0.0,0.0
2003-10-24,3.32,3.32,3.26,3.28,9440000.0,0.0,0.0
2003-10-27,3.27,3.31,3.24,3.29,10387200.0,0.0,0.0
2003-10-28,3.29,3.38,3.29,3.37,13380000.0,0.0,0.0
2003-10-29,3.37,3.37,3.33,3.34,9995200.0,0.0,0.0
2003-10-30,3.37,3.37,3.33,3.33,8786400.0,0.0,0.0
2003-10-31,3.33,3.39,3.33,3.38,11818400.0,0.0,0.0
2003-11-03,3.38,3.38,3.33,3.38,11951200.0,0.0,0.0
2003-11-04,3.36,3.39,3.35,3.36,7000000.0,0.0,0.0
2003-11-05,3.35,3.36,3.33,3.34,7224800.0,0.0,0.0
2003-11-06,3.34,3.35,3.29,3.31,10376800.0,0.0,0.0
2003-11-07,3.31,3.34,3.3,3.33,9888000.0,0.0,0.0
2003-11-10,3.32,3.32,3.26,3.28,14218400.0,0.0,0.0
2003-11-11,3.27,3.29,3.25,3.27,6879200.0,0.0,0.0
2003-11-12,3.27,3.3,3.27,3.27,9680000.0,0.0,0.0
2003-11-13,3.27,3.29,3.24,3.27,8871200.0,0.0,0.0
2003-11-14,3.27,3.29,3.25,3.26,9065600.0,0.0,0.0
2003-11-17,3.26,3.28,3.25,3.26,11430400.0,0.0,0.0
2003-11-18,3.28,3.31,3.26,3.27,12724000.0,0.0,0.0
2003-11-19,3.26,3.26,3.21,3.23,10714400.0,0.0,0.0
2003-11-20,3.24,3.35,3.23,3.31,22064800.0,0.0,0.0
2003-11-21,3.3,3.37,3.3,3.34,10570400.0,0.0,0.0
2003-11-24,3.37,3.42,3.37,3.42,20816000.0,0.0,0.0
2003-11-25,3.45,3.56,3.44,3.55,42245600.0,0.0,0.0
2003-11-26,3.55,3.56,3.53,3.56,11468000.0,0.0,0.0
2003-11-28,3.56,3.56,3.55,3.55,2729600.0,0.0,0.0
2003-12-01,3.56,3.59,3.55,3.58,10149600.0,0.0,0.0
2003-12-02,3.58,3.58,3.55,3.55,9293600.0,0.0,0.0
2003-12-03,3.55,3.56,3.48,3.49,16732000.0,0.0,0.0
2003-12-04,3.5,3.5,3.43,3.45,18020800.0,0.0,0.0
2003-12-05,3.45,3.48,3.44,3.46,10645600.0,0.0,0.0
2003-12-08,3.45,3.47,3.44,3.46,7203200.0,0.0,0.0
2003-12-09,3.49,3.49,3.41,3.43,9539200.0,0.0,0.0
2003-12-10,3.44,3.44,3.38,3.38,11387200.0,0.0,0.0
2003-12-11,3.45,3.52,3.45,3.5,10404800.0,0.2,0.0
2003-12-12,3.51,3.53,3.48,3.49,8309600.0,0.0,0.0
2003-12-15,3.56,3.56,3.48,3.48,11265600.0,0.0,0.0
2003-12-16,3.52,3.53,3.43,3.53,11520800.0,0.0,0.0
2003-12-17,3.52,3.58,3.49,3.58,15261600.0,0.0,0.0
2003-12-18,3.58,3.64,3.57,3.62,22976800.0,0.0,0.0
2003-12-19,3.6,3.64,3.57,3.63,35116000.0,0.0,0.0
2003-12-22,3.64,3.66,3.62,3.65,14609600.0,0.0,0.0
2003-12-23,3.66,3.67,3.64,3.67,8652800.0,0.0,0.0
2003-12-24,3.68,3.68,3.62,3.66,5463200.0,0.0,0.0
2003-12-26,3.66,3.69,3.65,3.68,4048800.0,0.0,0.0
2003-12-29,3.69,3.69,3.66,3.68,9061600.0,0.0,0.0
2003-12-30,3.68,3.69,3.66,3.69,7450400.0,0.0,0.0
2003-12-31,3.68,3.71,3.68,3.71,8770400.0,0.0,0.0
2004-01-02,3.72,3.74,3.65,3.66,8716800.0,0.0,0.0
2004-01-05,3.65,3.69,3.64,3.66,11897600.0,0.0,0.0
2004-01-06,3.65,3.67,3.65,3.66,14474400.0,0.0,0.0
2004-01-07,3.66,3.68,3.59,3.67,13283200.0,0.0,0.0
2004-01-08,3.68,3.73,3.67,3.71,15288000.0,0.0,0.0
2004-01-09,3.7,3.72,3.67,3.68,6572000.0,0.0,0.0
2004-01-12,3.69,3.74,3.69,3.73,10994400.0,0.0,0.0
2004-01-13,3.73,3.77,3.73,3.74,10189600.0,0.0,0.0
2004-01-14,3.74,3.77,3.73,3.75,7680800.0,0.0,0.0
2004-01-15,3.75,3.76,3.7,3.74,10619200.0,0.0,0.0
2004-01-16,3.75,3.79,3.74,3.76,6467200.0,0.0,0.0
2004-01-20,3.77,3.79,3.75,3.78,8760000.0,0.0,0.0
2004-01-21,3.77,3.83,3.75,3.82,10612800.0,0.0,0.0
2004-01-22,3.82,3.83,3.77,3.77,5625600.0,0.0,0.0
2004-01-23,3.78,3.8,3.75,3.77,5592000.0,0.0,0.0
2004-01-26,3.77,3.79,3.75,3.79,7313600.0,0.0,0.0
2004-01-27,3.79,3.79,3.76,3.77,5366400.0,0.0,0.0
2004-01-28,3.78,3.79,3.71,3.72,7685600.0,0.0,0.0
2004-01-29,3.73,3.74,3.69,3.71,7929600.0,0.0,0.0
2004-01-30,3.7,3.78,3.68,3.77,9285600.0,0.0,0.0
2004-02-02,3.77,3.85,3.77,3.81,8193600.0,0.0,0.0
2004-02-03,3.79,3.83,3.78,3.8,6718400.0,0.0,0.0
2004-02-04,3.79,3.87,3.78,3.83,12642400.0,0.0,0.0
2004-02-05,3.83,3.86,3.81,3.83,7878400.0,0.0,0.0
2004-02-06,3.83,3.86,3.82,3.85,6453600.0,0.0,0.0
2004-02-09,3.85,3.9,3.85,3.88,7058400.0,0.0,0.0
2004-02-10,3.89,3.92,3.87,3.91,7160000.0,0.0,0.0
2004-02-11,3.91,3.98,3.91,3.97,8906400.0,0.0,0.0
2004-02-12,3.96,3.98,3.91,3.92,9002400.0,0.0,0.0
2004-02-13,3.91,3.93,3.88,3.92,4548000.0,0.0,0.0
2004-02-17,3.91,3.97,3.91,3.95,6698400.0,0.0,0.0
2004-02-18,3.95,3.95,3.9,3.92,5083200.0,0.0,0.0
2004-02-19,3.94,3.97,3.92,3.92,5144800.0,0.0,0.0
2004-02-20,3.93,3.93,3.85,3.88,7303200.0,0.0,0.0
2004-02-23,3.88,3.95,3.87,3.93,10428000.0,0.0,0.0
2004-02-24,3.93,4.04,3.91,4.02,18504000.0,0.0,0.0
2004-02-25,4.03,4.04,4.02,4.03,15819200.0,0.0,0.0
2004-02-26,4.02,4.02,3.98,4.0,10952000.0,0.0,0.0
2004-02-27,4.0,4.03,3.97,3.97,12992000.0,0.0,0.0
2004-03-01,3.99,4.0,3.96,3.98,11869600.0,0.0,0.0
2004-03-02,3.98,4.0,3.95,4.0,13160800.0,0.0,0.0
2004-03-03,4.0,4.0,3.91,4.0,16876000.0,0.0,0.0
2004-03-04,3.99,4.06,3.99,4.05,7900000.0,0.0,0.0
2004-03-05,4.02,4.06,4.0,4.05,11669600.0,0.0,0.0
2004-03-08,4.05,4.05,4.03,4.04,9268800.0,0.0,0.0
2004-03-09,4.13,4.18,4.1,4.15,36010400.0,0.0,0.0
2004-03-10,4.18,4.22,4.15,4.15,13277600.0,0.0,0.0
2004-03-11,4.22,4.23,4.13,4.13,10915200.0,0.2,0.0
2004-03-12,4.14,4.17,4.1,4.14,11013600.0,0.0,0.0
2004-03-15,4.14,4.15,4.1,4.12,12434400.0,0.0,0.0
2004-03-16,4.14,4.17,4.14,4.16,9628800.0,0.0,0.0
2004-03-17,4.16,4.23,4.15,4.21,11176800.0,0.0,0.0
2004-03-18,4.22,4.25,4.18,4.25,14826400.0,0.0,0.0
2004-03-19,4.24,4.29,4.18,4.25,20111200.0,0.0,0.0
2004-03-22,4.35,4.35,4.2,4.24,10908000.0,0.0,0.0
2004-03-23,4.24,4.24,4.19,4.22,11292800.0,0.0,0.0
2004-03-24,4.21,4.25,4.2,4.24,8612000.0,0.0,0.0
2004-03-25,4.24,4.25,4.21,4.23,9320000.0,0.0,0.0
2004-03-26,4.23,4.26,4.21,4.22,7210400.0,0.0,0.0
2004-03-29,4.23,4.26,4.22,4.24,13025600.0,0.0,0.0
2004-03-30,4.21,4.26,4.2,4.25,6111200.0,0.0,0.0
2004-03-31,4.24,4.32,4.23,4.31,14523200.0,0.0,0.0
2004-04-01,4.31,4.31,4.21,4.23,12058400.0,0.0,0.0
2004-04-02,4.25,4.28,4.21,4.24,7337600.0,0.0,0.0
2004-04-05,4.24,4.32,4.24,4.32,7272800.0,0.0,0.0
2004-04-06,4.3,4.31,4.26,4.28,9027200.0,0.0,0.0
2004-04-07,4.27,4.28,4.23,4.25,8756000.0,0.0,0.0
2004-04-08,4.26,4.29,4.23,4.25,9340000.0,0.0,0.0
2004-04-12,4.25,4.29,4.25,4.27,4072000.0,0.0,0.0
2004-04-13,4.35,4.35,4.2,4.23,9755200.0,0.0,0.0
2004-04-14,4.21,4.24,4.17,4.19,9268000.0,0.0,0.0
2004-04-15,4.19,4.22,4.17,4.18,6162400.0,0.0,0.0
2004-04-16,4.2,4.21,4.18,4.2,7409600.0,0.0,0.0
2004-04-19,4.2,4.23,4.19,4.22,7864800.0,0.0,0.0
2004-04-20,4.23,4.26,4.19,4.19,12067200.0,0.0,0.0
2004-04-21,4.17,4.21,4.15,4.17,10742400.0,0.0,0.0
2004-04-22,4.15,4.21,4.12,4.19,9660000.0,0.0,0.0
2004-04-23,4.18,4.18,4.15,4.16,7835200.0,0.0,0.0
2004-04-26,4.17,4.18,4.05,4.07,14578400.0,0.0,0.0
2004-04-27,4.07,4.14,4.07,4.12,9455200.0,0.0,0.0
2004-04-28,4.11,4.11,4.06,4.07,7884000.0,0.0,0.0
2004-04-29,4.07,4.08,3.95,3.99,20531200.0,0.0,0.0
2004-04-30,3.99,4.03,3.97,3.98,9295200.0,0.0,0.0
2004-05-03,3.97,3.98,3.91,3.93,15716000.0,0.0,0.0
2004-05-04,3.91,3.93,3.89,3.9,12489600.0,0.0,0.0
2004-05-05,3.9,3.91,3.85,3.91,13635200.0,0.0,0.0
2004-05-06,3.88,3.88,3.76,3.78,21284000.0,0.0,0.0
2004-05-07,3.76,3.79,3.68,3.68,18808000.0,0.0,0.0
2004-05-10,3.65,3.7,3.65,3.67,17345600.0,0.0,0.0
2004-05-11,3.72,3.75,3.72,3.74,14385600.0,0.0,0.0
2004-05-12,3.77,3.79,3.69,3.76,13611200.0,0.0,0.0
2004-05-13,3.77,3.8,3.77,3.77,15292800.0,0.0,0.0
2004-05-14,3.77,3.79,3.72,3.75,7753600.0,0.0,0.0
2004-05-17,3.72,3.72,3.64,3.65,10924800.0,0.0,0.0
2004-05-18,3.66,3.7,3.66,3.68,13390400.0,0.0,0.0
2004-05-19,3.71,3.74,3.68,3.68,9228800.0,0.0,0.0
2004-05-20,3.68,3.69,3.64,3.68,7484000.0,0.0,0.0
2004-05-21,3.71,3.73,3.7,3.73,13424000.0,0.0,0.0
2004-05-24,3.75,3.84,3.74,3.82,14978400.0,0.0,0.0
2004-05-25,3.82,3.91,3.8,3.91,13948800.0,0.0,0.0
2004-05-26,3.9,3.97,3.88,3.92,9414400.0,0.0,0.0
2004-05-27,3.95,3.98,3.92,3.93,6818400.0,0.0,0.0
2004-05-28,3.94,3.95,3.9,3.94,6405600.0,0.0,0.0
2004-06-01,3.94,3.95,3.9,3.93,6380800.0,0.0,0.0
2004-06-02,3.93,3.94,3.89,3.91,8231200.0,0.0,0.0
2004-06-03,3.91,3.91,3.87,3.88,7546400.0,0.0,0.0
2004-06-04,3.9,3.9,3.83,3.83,9521600.0,0.0,0.0
2004-06-07,3.84,3.9,3.84,3.89,9579200.0,0.0,0.0
2004-06-08,3.89,3.93,3.87,3.9,9711200.0,0.0,0.0
2004-06-09,3.9,3.9,3.88,3.9,7371200.0,0.0,0.0
2004-06-10,3.99,4.06,3.99,4.03,9232800.0,0.2,0.0
2004-06-14,4.02,4.03,4.01,4.03,4993600.0,0.0,0.0
2004-06-15,4.05,4.14,4.04,4.06,9236000.0,0.0,0.0
2004-06-16,4.07,4.08,4.04,4.07,4156800.0,0.0,0.0
2004-06-17,4.06,4.1,4.04,4.07,7485600.0,0.0,0.0
2004-06-18,4.05,4.09,4.05,4.05,6189600.0,0.0,0.0
2004-06-21,4.06,4.09,4.02,4.03,8449600.0,0.0,0.0
2004-06-22,4.02,4.06,4.0,4.06,7303200.0,0.0,0.0
2004-06-23,4.06,4.11,4.06,4.09,9116000.0,0.0,0.0
2004-06-24,4.09,4.12,4.08,4.1,10240800.0,0.0,0.0
2004-06-25,4.26,4.29,4.16,4.26,35171200.0,0.0,0.0
2004-06-28,4.27,4.38,4.27,4.3,14855200.0,0.0,0.0
2004-06-29,4.3,4.32,4.25,4.27,8068000.0,0.0,0.0
2004-06-30,4.27,4.29,4.26,4.29,7740800.0,0.0,0.0
2004-07-01,4.29,4.3,4.24,4.26,7886400.0,0.0,0.0
2004-07-02,4.27,4.31,4.25,4.26,6345600.0,0.0,0.0
2004-07-06,4.25,4.3,4.24,4.24,10872000.0,0.0,0.0
2004-07-07,4.25,4.27,4.24,4.26,6560800.0,0.0,0.0
2004-07-08,4.24,4.24,4.16,4.18,9252000.0,0.0,0.0
2004-07-09,4.2,4.23,4.19,4.22,6602400.0,0.0,0.0
2004-07-12,4.2,4.21,4.16,4.2,6037600.0,0.0,0.0
2004-07-13,4.18,4.19,4.17,4.18,5586400.0,0.0,0.0
2004-07-14,4.16,4.18,4.11,4.12,8520800.0,0.0,0.0
2004-07-15,4.11,4.16,4.1,4.14,7593600.0,0.0,0.0
2004-07-16,4.17,4.17,4.14,4.16,10492800.0,0.0,0.0
2004-07-19,4.14,4.15,4.08,4.1,9604000.0,0.0,0.0
2004-07-20,4.09,4.12,4.07,4.11,9923200.0,0.0,0.0
2004-07-21,4.1,4.12,4.06,4.06,8637600.0,0.0,0.0
2004-07-22,4.01,4.06,3.98,4.04,15679200.0,0.0,0.0
2004-07-23,4.02,4.04,3.96,3.98,11901600.0,0.0,0.0
2004-07-26,3.99,4.0,3.92,3.96,13111200.0,0.0,0.0
2004-07-27,3.95,4.02,3.94,4.01,10696800.0,0.0,0.0
2004-07-28,3.99,4.01,3.93,4.01,13090400.0,0.0,0.0
2004-07-29,4.05,4.15,4.03,4.13,13559200.0,0.0,0.0
2004-07-30,4.12,4.12,4.07,4.12,7200800.0,0.0,0.0
2004-08-02,4.12,4.18,4.11,4.17,9849600.0,0.0,0.0
2004-08-03,4.16,4.16,4.11,4.12,6723200.0,0.0,0.0
2004-08-04,4.11,4.17,4.1,4.14,6716800.0,0.0,0.0
2004-08-05,4.14,4.14,3.99,4.02,9952800.0,0.0,0.0
2004-08-06,3.98,3.98,3.91,3.92,11478400.0,0.0,0.0
2004-08-09,3.92,3.98,3.88,3.96,7233600.0,0.0,0.0
2004-08-10,4.0,4.01,3.97,4.01,5248000.0,0.0,0.0
2004-08-11,3.97,4.01,3.96,3.98,5862400.0,0.0,0.0
2004-08-12,3.97,3.99,3.91,3.94,5950400.0,0.0,0.0
2004-08-13,3.94,3.95,3.9,3.95,7060800.0,0.0,0.0
2004-08-16,3.93,4.07,3.93,4.07,7794400.0,0.0,0.0
2004-08-17,4.06,4.1,4.05,4.05,5416000.0,0.0,0.0
2004-08-18,4.05,4.14,4.04,4.13,10829600.0,0.0,0.0
2004-08-19,4.13,4.17,4.11,4.17,6534400.0,0.0,0.0
2004-08-20,4.16,4.22,4.15,4.2,8628800.0,0.0,0.0
2004-08-23,4.2,4.21,4.16,4.19,5497600.0,0.0,0.0
2004-08-24,4.2,4.23,4.2,4.22,5488800.0,0.0,0.0
2004-08-25,4.23,4.25,4.21,4.25,6724800.0,0.0,0.0
2004-08-26,4.26,4.35,4.25,4.3,10921600.0,0.0,0.0
2004-08-27,4.28,4.3,4.25,4.3,4475200.0,0.0,0.0
2004-08-30,4.27,4.29,4.22,4.23,8316000.0,0.0,0.0
2004-08-31,4.24,4.26,4.23,4.26,6463200.0,0.0,0.0
2004-09-01,4.25,4.33,4.25,4.31,8380800.0,0.0,0.0
2004-09-02,4.32,4.35,4.31,4.34,5616800.0,0.0,0.0
2004-09-03,4.34,4.38,4.34,4.35,5259200.0,0.0,0.0
2004-09-07,4.35,4.38,4.35,4.37,6207200.0,0.0,0.0
2004-09-08,4.37,4.41,4.36,4.38,9247200.0,0.0,0.0
2004-09-09,4.45,4.46,4.31,4.33,17340800.0,0.2,0.0
2004-09-10,4.32,4.38,4.32,4.37,5980800.0,0.0,0.0
2004-09-13,4.37,4.41,4.35,4.37,7992000.0,0.0,0.0
2004-09-14,4.36,4.39,4.33,4.38,6799200.0,0.0,0.0
2004-09-15,4.38,4.43,4.35,4.41,8323200.0,0.0,0.0
2004-09-16,4.41,4.48,4.41,4.45,6693600.0,0.0,0.0
2004-09-17,4.46,4.51,4.42,4.43,17108800.0,0.0,0.0
2004-09-20,4.5,4.54,4.47,4.51,22675200.0,0.0,0.0
2004-09-21,4.51,4.61,4.5,4.59,18053600.0,0.0,0.0
2004-09-22,4.58,4.6,4.55,4.56,12838400.0,0.0,0.0
2004-09-23,4.56,4.59,4.53,4.57,11289600.0,0.0,0.0
2004-09-24,4.57,4.63,4.57,4.61,9611200.0,0.0,0.0
2004-09-27,4.6,4.62,4.55,4.58,9616800.0,0.0,0.0
2004-09-28,4.59,4.62,4.57,4.61,6812000.0,0.0,0.0
2004-09-29,4.6,4.61,4.52,4.54,13643200.0,0.0,0.0
2004-09-30,4.54,4.58,4.52,4.56,13664800.0,0.0,0.0
2004-10-01,4.57,4.62,4.54,4.62,8939200.0,0.0,0.0
2004-10-04,4.62,4.62,4.6,4.61,9344800.0,0.0,0.0
2004-10-05,4.61,4.64,4.59,4.61,11715200.0,0.0,0.0
2004-10-06,4.62,4.66,4.6,4.63,10174400.0,0.0,0.0
2004-10-07,4.61,4.62,4.6,4.6,6194400.0,0.0,0.0
2004-10-08,4.6,4.6,4.55,4.57,6626400.0,0.0,0.0
2004-10-11,4.57,4.59,4.54,4.57,7160000.0,0.0,0.0
2004-10-12,4.52,4.55,4.48,4.51,8432000.0,0.0,0.0
2004-10-13,4.52,4.52,4.43,4.49,8963200.0,0.0,0.0
2004-10-14,4.48,4.51,4.46,4.47,5226400.0,0.0,0.0
2004-10-15,4.47,4.53,4.45,4.52,7509600.0,0.0,0.0
2004-10-18,4.48,4.62,4.48,4.62,10456000.0,0.0,0.0
2004-10-19,4.62,4.66,4.62,4.64,17851200.0,0.0,0.0
2004-10-20,4.63,4.66,4.59,4.6,6701600.0,0.0,0.0
2004-10-21,4.62,4.69,4.62,4.67,19664800.0,0.0,0.0
2004-10-22,4.66,4.67,4.55,4.57,10804000.0,0.0,0.0
2004-10-25,4.56,4.64,4.55,4.62,8943200.0,0.0,0.0
2004-10-26,4.63,4.71,4.62,4.67,12934400.0,0.0,0.0
2004-10-27,4.66,4.73,4.65,4.71,12063200.0,0.0,0.0
2004-10-28,4.71,4.73,4.67,4.69,6386400.0,0.0,0.0
2004-10-29,4.7,4.74,4.69,4.7,6868800.0,0.0,0.0
2004-11-01,4.69,4.74,4.67,4.72,6989600.0,0.0,0.0
2004-11-02,4.74,4.83,4.74,4.75,13036800.0,0.0,0.0
2004-11-03,4.78,4.82,4.76,4.8,10376000.0,0.0,0.0
2004-11-04,4.8,4.94,4.79,4.94,14639200.0,0.0,0.0
2004-11-05,4.94,5.0,4.92,4.98,11025600.0,0.0,0.0
2004-11-08,4.95,4.98,4.87,4.89,13272800.0,0.0,0.0
2004-11-09,4.89,4.91,4.87,4.9,7592000.0,0.0,0.0
2004-11-10,4.9,4.92,4.87,4.87,6440000.0,0.0,0.0
2004-11-11,4.9,4.93,4.89,4.91,6262400.0,0.0,0.0
2004-11-12,4.92,5.0,4.92,4.99,6630400.0,0.0,0.0
2004-11-15,4.98,5.03,4.97,5.0,4528800.0,0.0,0.0
2004-11-16,5.0,5.0,4.94,4.94,6851200.0,0.0,0.0
2004-11-17,4.95,5.05,4.95,4.97,6341600.0,0.0,0.0
2004-11-18,4.98,5.08,4.91,4.91,23644000.0,0.0,0.0
2004-11-19,4.88,4.89,4.71,4.77,40176800.0,0.0,0.0
2004-11-22,4.8,4.86,4.76,4.84,11773600.0,0.0,0.0
2004-11-23,4.85,4.91,4.82,4.9,7088800.0,0.0,0.0
2004-11-24,4.92,4.94,4.9,4.94,5999200.0,0.0,0.0
2004-11-26,4.94,4.97,4.91,4.92,3343200.0,0.0,0.0
2004-11-29,4.93,4.98,4.93,4.96,7454400.0,0.0,0.0
2004-11-30,4.96,4.99,4.88,4.89,8623200.0,0.0,0.0
2004-12-01,4.9,5.02,4.9,5.0,6940800.0,0.0,0.0
2004-12-02,5.0,5.04,4.97,5.01,5936000.0,0.0,0.0
2004-12-03,5.0,5.04,4.98,5.01,5205600.0,0.0,0.0
2004-12-06,5.0,5.03,4.95,5.01,7164000.0,0.0,0.0
2004-12-07,4.99,5.04,4.96,4.96,6809600.0,0.0,0.0
2004-12-08,4.97,5.03,4.95,5.01,6732800.0,0.0,0.0
2004-12-09,5.14,5.21,5.11,5.18,9156800.0,0.25,0.0
2004-12-10,5.18,5.23,5.15,5.15,6612000.0,0.0,0.0
2004-12-13,5.16,5.18,5.1,5.15,10424000.0,0.0,0.0
2004-12-14,5.13,5.13,5.05,5.12,12091200.0,0.0,0.0
2004-12-15,5.15,5.15,5.06,5.08,12825600.0,0.0,0.0
2004-12-16,5.09,5.13,5.04,5.08,7558400.0,0.0,0.0
2004-12-17,5.27,5.46,5.26,5.43,35094400.0,0.0,0.0
2004-12-20,5.44,5.47,5.4,5.41,11144800.0,0.0,0.0
2004-12-21,5.43,5.46,5.4,5.41,7074400.0,0.0,0.0
2004-12-22,5.37,5.43,5.33,5.39,11741600.0,0.0,0.0
2004-12-23,5.41,5.46,5.41,5.42,5010400.0,0.0,0.0
2004-12-27,5.43,5.43,5.38,5.38,4512000.0,0.0,0.0
2004-12-28,5.4,5.42,5.39,5.41,5108800.0,0.0,0.0
2004-12-29,5.41,5.41,5.3,5.36,11349600.0,0.0,0.0
2004-12-30,5.36,5.42,5.36,5.38,3471200.0,0.0,0.0
2004-12-31,5.37,5.41,5.37,5.37,4444800.0,0.0,0.0
2005-01-03,5.36,5.41,5.34,5.37,8897600.0,0.0,0.0
2005-01-04,5.37,5.38,5.28,5.29,6463200.0,0.0,0.0
2005-01-05,5.31,5.32,5.22,5.23,8606400.0,0.0,0.0
2005-01-06,5.22,5.24,5.16,5.22,8915200.0,0.0,0.0
2005-01-07,5.23,5.24,5.18,5.19,6992800.0,0.0,0.0
2005-01-10,5.15,5.25,5.14,5.24,9981600.0,0.0,0.0
2005-01-11,5.21,5.23,5.16,5.22,6180800.0,0.0,0.0
2005-01-12,5.21,5.26,5.17,5.24,7448800.0,0.0,0.0
2005-01-13,5.23,5.25,5.19,5.21,5940000.0,0.0,0.0
2005-01-14,5.21,5.26,5.2,5.26,4488800.0,0.0,0.0
2005-01-18,5.25,5.28,5.23,5.25,7214400.0,0.0,0.0
2005-01-19,5.25,5.31,5.24,5.24,9040000.0,0.0,0.0
2005-01-20,5.23,5.23,5.13,5.14,7199200.0,0.0,0.0
2005-01-21,5.14,5.15,5.09,5.11,8354400.0,0.0,0.0
2005-01-24,5.12,5.14,5.09,5.11,6801600.0,0.0,0.0
2005-01-25,5.12,5.12,5.07,5.08,7143200.0,0.0,0.0
2005-01-26,5.1,5.11,5.01,5.04,9172000.0,0.0,0.0
2005-01-27,5.04,5.13,5.04,5.12,8648800.0,0.0,0.0
2005-01-28,5.12,5.13,5.06,5.12,10192800.0,0.0,0.0
2005-01-31,5.12,5.14,5.1,5.13,6747200.0,0.0,0.0
2005-02-01,5.13,5.17,5.11,5.15,7632000.0,0.0,0.0
2005-02-02,5.14,5.15,5.12,5.13,14760000.0,0.0,0.0
2005-02-03,5.13,5.14,5.11,5.12,9572000.0,0.0,0.0
2005-02-04,5.14,5.16,5.13,5.15,6468000.0,0.0,0.0
2005-02-07,5.12,5.14,5.09,5.1,12460800.0,0.0,0.0
2005-02-08,5.0,5.03,4.89,4.97,28357600.0,0.0,0.0
2005-02-09,4.97,4.97,4.9,4.93,10495200.0,0.0,0.0
2005-02-10,4.95,4.98,4.93,4.97,8768000.0,0.0,0.0
2005-02-11,4.97,5.02,4.95,5.01,6369600.0,0.0,0.0
2005-02-14,5.02,5.08,4.99,5.04,11671200.0,0.0,0.0
2005-02-15,5.03,5.07,5.02,5.05,11015200.0,0.0,0.0
2005-02-16,5.05,5.1,5.03,5.06,9488800.0,0.0,0.0
2005-02-17,5.04,5.06,5.0,5.04,8584000.0,0.0,0.0
2005-02-18,5.06,5.08,5.05,5.06,9297600.0,0.0,0.0
2005-02-22,5.05,5.08,4.96,4.96,12332000.0,0.0,0.0
2005-02-23,4.97,5.04,4.97,5.02,9778400.0,0.0,0.0
2005-02-24,5.02,5.13,5.02,5.12,11217600.0,0.0,0.0
2005-02-25,5.11,5.17,5.11,5.16,8579200.0,0.0,0.0
2005-02-28,5.14,5.2,5.13,5.15,12490400.0,0.0,0.0
2005-03-01,5.15,5.22,5.14,5.2,12245600.0,0.0,0.0
2005-03-02,5.18,5.2,5.13,5.17,13328000.0,0.0,0.0
2005-03-03,5.18,5.21,5.15,5.16,8092800.0,0.0,0.0
2005-03-04,5.2,5.21,5.16,5.18,9259200.0,0.0,0.0
2005-03-07,5.18,5.2,5.15,5.16,7369600.0,0.0,0.0
2005-03-08,5.16,5.16,5.11,5.12,8979200.0,0.0,0.0
2005-03-09,5.12,5.13,5.08,5.11,8437600.0,0.0,0.0
2005-03-10,5.26,5.28,5.22,5.25,8740800.0,0.25,0.0
2005-03-11,5.28,5.33,5.23,5.25,9771200.0,0.0,0.0
2005-03-14,5.24,5.27,5.18,5.2,10088000.0,0.0,0.0
2005-03-15,5.2,5.31,5.2,5.28,14417600.0,0.0,0.0
2005-03-16,5.31,5.36,5.22,5.24,16012000.0,0.0,0.0
2005-03-17,5.24,5.3,5.23,5.26,16804800.0,0.0,0.0
2005-03-18,5.31,5.31,5.16,5.17,40318400.0,0.0,0.0
2005-03-21,5.18,5.18,5.07,5.08,19248800.0,0.0,0.0
2005-03-22,5.1,5.12,5.0,5.0,21436800.0,0.0,0.0
2005-03-23,4.97,5.01,4.93,4.93,19434400.0,0.0,0.0
2005-03-24,4.98,5.09,4.97,5.07,17895200.0,0.0,0.0
2005-03-28,5.1,5.11,5.04,5.04,16083200.0,0.0,0.0
2005-03-29,5.05,5.05,4.94,4.95,14324800.0,0.0,0.0
2005-03-30,4.96,5.0,4.96,4.99,9520800.0,0.0,0.0
2005-03-31,5.01,5.08,4.99,5.05,10768800.0,0.0,0.0
2005-04-01,5.08,5.1,4.99,5.03,10605600.0,0.0,0.0
2005-04-04,5.03,5.03,4.95,4.97,10328800.0,0.0,0.0
2005-04-05,5.01,5.04,4.98,5.03,10630400.0,0.0,0.0
2005-04-06,5.06,5.08,4.99,5.01,7866400.0,0.0,0.0
2005-04-07,5.03,5.03,4.95,5.0,8481600.0,0.0,0.0
2005-04-08,5.01,5.04,4.99,4.99,7780000.0,0.0,0.0
2005-04-11,5.0,5.03,4.96,4.98,7210400.0,0.0,0.0
2005-04-12,4.97,5.0,4.91,4.99,9932000.0,0.0,0.0
2005-04-13,4.98,4.99,4.82,4.83,16912800.0,0.0,0.0
2005-04-14,4.84,4.86,4.7,4.73,18067200.0,0.0,0.0
2005-04-15,4.7,4.71,4.59,4.6,14244800.0,0.0,0.0
2005-04-18,4.61,4.62,4.55,4.6,16609600.0,0.0,0.0
2005-04-19,4.63,4.72,4.63,4.69,13238400.0,0.0,0.0
2005-04-20,4.71,4.71,4.61,4.63,15878400.0,0.0,0.0
2005-04-21,4.68,4.77,4.67,4.76,13736800.0,0.0,0.0
2005-04-22,4.76,4.8,4.66,4.71,14485600.0,0.0,0.0
2005-04-25,4.76,4.83,4.73,4.75,8999200.0,0.0,0.0
2005-04-26,4.72,4.78,4.7,4.7,8486400.0,0.0,0.0
2005-04-27,4.7,4.75,4.64,4.73,8059200.0,0.0,0.0
2005-04-28,4.69,4.72,4.65,4.66,11988800.0,0.0,0.0
2005-04-29,4.67,4.69,4.55,4.65,16364000.0,0.0,0.0
2005-05-02,4.65,4.74,4.64,4.67,8708800.0,0.0,0.0
2005-05-03,4.67,4.73,4.66,4.71,9388000.0,0.0,0.0
2005-05-04,4.72,4.75,4.7,4.7,8381600.0,0.0,0.0
2005-05-05,4.7,4.77,4.68,4.71,8152800.0,0.0,0.0
2005-05-06,4.72,4.77,4.71,4.71,7956800.0,0.0,0.0
2005-05-09,4.72,4.77,4.7,4.77,6876800.0,0.0,0.0
2005-05-10,4.76,4.76,4.68,4.7,7524000.0,0.0,0.0
2005-05-11,4.7,4.74,4.68,4.72,8380800.0,0.0,0.0
2005-05-12,4.73,4.76,4.64,4.66,9826400.0,0.0,0.0
2005-05-13,4.63,4.69,4.59,4.63,9298400.0,0.0,0.0
2005-05-16,4.64,4.7,4.64,4.67,14284800.0,0.0,0.0
2005-05-17,4.67,4.78,4.65,4.77,21914400.0,0.0,0.0
2005-05-18,4.82,5.03,4.8,4.96,31804800.0,0.0,0.0
2005-05-19,4.98,5.07,4.91,5.04,20096000.0,0.0,0.0
2005-05-20,5.0,5.03,4.95,4.97,11200000.0,0.0,0.0
2005-05-23,5.0,5.05,4.96,5.0,13842400.0,0.0,0.0
2005-05-24,5.0,5.01,4.99,5.01,13022400.0,0.0,0.0
2005-05-25,4.99,5.0,4.93,4.94,7512000.0,0.0,0.0
2005-05-26,4.95,4.98,4.95,4.96,6271200.0,0.0,0.0
2005-05-27,4.97,5.01,4.96,4.99,5160800.0,0.0,0.0
2005-05-31,4.98,5.0,4.94,4.98,6324800.0,0.0,0.0
2005-06-01,4.99,5.09,4.97,5.04,10272800.0,0.0,0.0
2005-06-02,5.02,5.1,5.01,5.08,8730400.0,0.0,0.0
2005-06-03,5.08,5.1,5.06,5.07,5740000.0,0.0,0.0
2005-06-06,5.07,5.12,5.05,5.11,5126400.0,0.0,0.0
2005-06-07,5.12,5.17,5.11,5.14,8390400.0,0.0,0.0
2005-06-08,5.14,5.15,5.12,5.14,10844000.0,0.0,0.0
2005-06-09,5.25,5.33,5.22,5.31,10097600.0,0.25,0.0
2005-06-10,5.31,5.34,5.3,5.33,9267200.0,0.0,0.0
2005-06-13,5.38,5.44,5.38,5.41,19703200.0,0.0,0.0
2005-06-14,5.4,5.42,5.34,5.37,7634400.0,0.0,0.0
2005-06-15,5.43,5.45,5.39,5.44,14152000.0,0.0,0.0
2005-06-16,5.44,5.52,5.44,5.47,15895200.0,0.0,0.0
2005-06-17,5.48,5.51,5.47,5.48,19523200.0,0.0,0.0
2005-06-20,5.48,5.5,5.47,5.48,10022400.0,0.0,0.0
2005-06-21,5.48,5.53,5.48,5.51,7954400.0,0.0,0.0
2005-06-22,5.56,5.58,5.51,5.55,13064000.0,0.0,0.0
2005-06-23,5.56,5.64,5.56,5.59,16450400.0,0.0,0.0
2005-06-24,5.58,5.59,5.53,5.54,21107200.0,0.0,0.0
2005-06-27,5.52,5.52,5.25,5.32,59717600.0,0.0,0.0
2005-06-28,5.33,5.48,5.32,5.46,22827200.0,0.0,0.0
2005-06-29,5.47,5.47,5.4,5.42,12059200.0,0.0,0.0
2005-06-30,5.41,5.41,5.36,5.37,17471200.0,0.0,0.0
2005-07-01,5.35,5.37,5.29,5.34,11341600.0,0.0,0.0
2005-07-05,5.34,5.43,5.33,5.38,13173600.0,0.0,0.0
2005-07-06,5.39,5.4,5.29,5.31,9980800.0,0.0,0.0
2005-07-07,5.29,5.31,5.26,5.29,9904800.0,0.0,0.0
2005-07-08,5.29,5.35,5.26,5.35,7953600.0,0.0,0.0
2005-07-11,5.39,5.41,5.37,5.4,10056000.0,0.0,0.0
2005-07-12,5.38,5.4,5.35,5.4,8228800.0,0.0,0.0
2005-07-13,5.42,5.43,5.39,5.4,8828800.0,0.0,0.0
2005-07-14,5.41,5.45,5.4,5.43,13930400.0,0.0,0.0
2005-07-15,5.43,5.49,5.43,5.49,10699200.0,0.0,0.0
2005-07-18,5.46,5.48,5.44,5.45,10916000.0,0.0,0.0
2005-07-19,5.46,5.47,5.43,5.45,7934400.0,0.0,0.0
2005-07-20,5.43,5.49,5.39,5.49,11690400.0,0.0,0.0
2005-07-21,5.47,5.47,5.34,5.38,17286400.0,0.0,0.0
2005-07-22,5.36,5.4,5.33,5.37,13268800.0,0.0,0.0
2005-07-25,5.35,5.36,5.25,5.29,14856000.0,0.0,0.0
2005-07-26,5.29,5.29,5.19,5.24,12884000.0,0.0,0.0
2005-07-27,5.24,5.25,5.18,5.21,26172800.0,0.0,0.0
2005-07-28,5.23,5.25,5.2,5.24,12499200.0,0.0,0.0
2005-07-29,5.23,5.26,5.19,5.2,6834400.0,0.0,0.0
2005-08-01,5.2,5.23,5.13,5.14,14940000.0,0.0,0.0
2005-08-02,5.14,5.33,4.96,5.33,37156000.0,0.0,0.0
2005-08-03,5.34,5.52,5.32,5.39,27108800.0,0.0,0.0
2005-08-04,5.35,5.38,5.28,5.29,10752800.0,0.0,0.0
2005-08-05,5.29,5.29,5.23,5.28,6570400.0,0.0,0.0
2005-08-08,5.28,5.31,5.22,5.23,10556800.0,0.0,0.0
2005-08-09,5.26,5.26,5.19,5.19,7538400.0,0.0,0.0
2005-08-10,5.22,5.23,5.12,5.13,20727200.0,0.0,0.0
2005-08-11,5.15,5.16,5.04,5.09,14964000.0,0.0,0.0
2005-08-12,5.07,5.12,5.02,5.06,11182400.0,0.0,0.0
2005-08-15,5.07,5.13,5.06,5.1,12602400.0,0.0,0.0
2005-08-16,5.1,5.1,5.0,5.01,11117600.0,0.0,0.0
2005-08-17,5.03,5.04,4.94,4.96,22760800.0,0.0,0.0
2005-08-18,4.95,5.05,4.94,5.01,20251200.0,0.0,0.0
2005-08-19,5.04,5.06,4.97,4.98,15278400.0,0.0,0.0
2005-08-22,5.03,5.03,4.88,4.92,19744800.0,0.0,0.0
2005-08-23,4.93,4.95,4.88,4.91,16293600.0,0.0,0.0
2005-08-24,4.91,4.98,4.89,4.94,17479200.0,0.0,0.0
2005-08-25,4.94,5.0,4.94,4.96,9432800.0,0.0,0.0
2005-08-26,4.96,4.97,4.92,4.95,10021600.0,0.0,0.0
2005-08-29,4.91,4.95,4.9,4.93,7834400.0,0.0,0.0
2005-08-30,4.89,4.89,4.8,4.86,21540800.0,0.0,0.0
2005-08-31,4.86,4.9,4.82,4.9,10447200.0,0.0,0.0
2005-09-01,4.9,4.92,4.84,4.85,10367200.0,0.0,0.0
2005-09-02,4.87,4.89,4.77,4.78,12255200.0,0.0,0.0
2005-09-06,4.78,4.84,4.75,4.83,17560800.0,0.0,0.0
2005-09-07,4.86,4.86,4.77,4.78,24559200.0,0.0,0.0
2005-09-08,4.9,5.01,4.89,5.0,27604000.0,0.25,0.0
2005-09-09,5.01,5.06,5.0,5.0,16885600.0,0.0,0.0
2005-09-12,5.03,5.16,5.01,5.1,22596000.0,0.0,0.0
2005-09-13,5.13,5.2,5.05,5.05,21124000.0,0.0,0.0
2005-09-14,5.05,5.06,4.99,5.0,18700800.0,0.0,0.0
2005-09-15,5.02,5.04,4.99,5.03,27280000.0,0.0,0.0
2005-09-16,5.06,5.08,4.99,5.0,55197600.0,0.0,0.0
2005-09-19,5.33,5.43,5.22,5.32,83732000.0,0.0,0.0
2005-09-20,5.35,5.35,5.07,5.1,36563200.0,0.0,0.0
2005-09-21,5.11,5.15,5.06,5.06,20348800.0,0.0,0.0
2005-09-22,5.1,5.18,5.09,5.16,18862400.0,0.0,0.0
2005-09-23,5.13,5.22,5.07,5.18,13378400.0,0.0,0.0
2005-09-26,5.24,5.25,5.17,5.18,17570400.0,0.0,0.0
2005-09-27,5.21,5.23,5.18,5.2,10240000.0,0.0,0.0
2005-09-28,5.2,5.22,5.17,5.18,10922400.0,0.0,0.0
2005-09-29,5.18,5.19,5.13,5.17,15942400.0,0.0,0.0
2005-09-30,5.17,5.2,5.15,5.2,14119200.0,0.0,0.0
2005-10-03,5.23,5.26,5.2,5.24,18812800.0,0.0,0.0
2005-10-04,5.26,5.35,5.26,5.26,18534400.0,0.0,0.0
2005-10-05,5.26,5.28,5.19,5.19,12077600.0,0.0,0.0
2005-10-06,5.19,5.31,5.19,5.23,13666400.0,0.0,0.0
2005-10-07,5.25,5.31,5.22,5.27,10734400.0,0.0,0.0
2005-10-10,5.27,5.34,5.24,5.26,9730400.0,0.0,0.0
2005-10-11,5.27,5.33,5.24,5.29,11959200.0,0.0,0.0
2005-10-12,5.28,5.29,5.2,5.22,12796000.0,0.0,0.0
2005-10-13,5.21,5.22,5.09,5.14,13408000.0,0.0,0.0
2005-10-14,5.17,5.22,5.13,5.2,10551200.0,0.0,0.0
2005-10-17,5.2,5.24,5.18,5.23,8544000.0,0.0,0.0
2005-10-18,5.23,5.24,5.17,5.19,9300800.0,0.0,0.0
2005-10-19,5.18,5.25,5.14,5.25,12868800.0,0.0,0.0
2005-10-20,5.25,5.33,5.25,5.3,16002400.0,0.0,0.0
2005-10-21,5.3,5.37,5.29,5.32,10356800.0,0.0,0.0
2005-10-24,5.32,5.37,5.27,5.36,13207200.0,0.0,0.0
2005-10-25,5.33,5.37,5.3,5.32,10634400.0,0.0,0.0
2005-10-26,5.31,5.37,5.27,5.34,10240800.0,0.0,0.0
2005-10-27,5.34,5.34,5.25,5.25,12271200.0,0.0,0.0
2005-10-28,5.25,5.31,5.25,5.27,8842400.0,0.0,0.0
2005-10-31,5.29,5.37,5.28,5.35,17168000.0,0.0,0.0
2005-11-01,5.35,5.37,5.31,5.35,8879200.0,0.0,0.0
2005-11-02,5.35,5.47,5.35,5.45,14633600.0,0.0,0.0
2005-11-03,5.47,5.56,5.47,5.55,17344000.0,0.0,0.0
2005-11-04,5.54,5.6,5.54,5.59,15567200.0,0.0,0.0
2005-11-07,5.59,5.62,5.59,5.61,14751200.0,0.0,0.0
2005-11-08,5.59,5.59,5.51,5.53,10942400.0,0.0,0.0
2005-11-09,5.55,5.55,5.5,5.52,6972800.0,0.0,0.0
2005-11-10,5.51,5.57,5.51,5.56,6687200.0,0.0,0.0
2005-11-11,5.57,5.57,5.53,5.54,5204000.0,0.0,0.0
2005-11-14,5.54,5.56,5.51,5.51,4581600.0,0.0,0.0
2005-11-15,5.53,5.53,5.42,5.45,9471200.0,0.0,0.0
2005-11-16,5.47,5.49,5.43,5.48,6026400.0,0.0,0.0
2005-11-17,5.52,5.55,5.5,5.53,6660800.0,0.0,0.0
2005-11-18,5.59,5.59,5.52,5.59,11841600.0,0.0,0.0
2005-11-21,5.52,5.55,5.47,5.51,22252000.0,0.0,0.0
2005-11-22,5.52,5.56,5.51,5.54,12028000.0,0.0,0.0
2005-11-23,5.54,5.61,5.54,5.58,7104000.0,0.0,0.0
2005-11-25,5.6,5.64,5.56,5.62,3697600.0,0.0,0.0
2005-11-28,5.63,5.63,5.51,5.51,11467200.0,0.0,0.0
2005-11-29,5.51,5.52,5.47,5.47,7916800.0,0.0,0.0
2005-11-30,5.47,5.52,5.43,5.43,9443200.0,0.0,0.0
2005-12-01,5.46,5.49,5.42,5.45,9410400.0,0.0,0.0
2005-12-02,5.47,5.62,5.47,5.58,16309600.0,0.0,0.0
2005-12-05,5.54,5.6,5.53,5.56,8869600.0,0.0,0.0
2005-12-06,5.57,5.59,5.54,5.55,11436000.0,0.0,0.0
2005-12-07,5.56,5.58,5.51,5.52,7938400.0,0.0,0.0
2005-12-08,5.66,5.66,5.62,5.63,12310400.0,0.31,0.0
2005-12-09,5.65,5.65,5.59,5.63,12073600.0,0.0,0.0
2005-12-12,5.72,5.75,5.69,5.73,15633600.0,0.0,0.0
2005-12-13,5.73,5.78,5.69,5.77,14662400.0,0.0,0.0
2005-12-14,5.78,6.0,5.77,6.0,45728800.0,0.0,0.0
2005-12-15,5.99,5.99,5.86,5.89,16780000.0,0.0,0.0
2005-12-16,5.9,5.91,5.8,5.8,15298400.0,0.0,0.0
2005-12-19,5.86,5.86,5.72,5.72,14775200.0,0.0,0.0
2005-12-20,5.7,5.82,5.68,5.8,18155200.0,0.0,0.0
2005-12-21,5.57,5.65,5.49,5.62,69370400.0,0.0,0.0
2005-12-22,5.59,5.68,5.59,5.65,15634400.0,0.0,0.0
2005-12-23,5.69,5.74,5.68,5.7,16156800.0,0.0,0.0
2005-12-27,5.73,5.79,5.7,5.71,13765600.0,0.0,0.0
2005-12-28,5.71,5.79,5.71,5.74,9968800.0,0.0,0.0
2005-12-29,5.75,5.78,5.73,5.73,5332000.0,0.0,0.0
2005-12-30,5.72,5.76,5.68,5.69,5108800.0,0.0,0.0
2006-01-03,5.69,5.73,5.6,5.64,18468800.0,0.0,0.0
2006-01-04,5.62,5.67,5.6,5.61,15832000.0,0.0,0.0
2006-01-05,5.61,5.68,5.61,5.64,9256000.0,0.0,0.0
2006-01-06,5.66,5.68,5.62,5.63,7573600.0,0.0,0.0
2006-01-09,5.63,5.76,5.62,5.7,10441600.0,0.0,0.0
2006-01-10,5.67,5.76,5.66,5.72,11837600.0,0.0,0.0
2006-01-11,5.72,5.77,5.7,5.72,10372800.0,0.0,0.0
2006-01-12,5.78,5.78,5.64,5.66,11159200.0,0.0,0.0
2006-01-13,5.69,5.71,5.6,5.65,9612000.0,0.0,0.0
2006-01-17,5.64,5.64,5.58,5.59,11075200.0,0.0,0.0
2006-01-18,5.58,5.6,5.53,5.55,9202400.0,0.0,0.0
2006-01-19,5.52,5.57,5.51,5.55,8888800.0,0.0,0.0
2006-01-20,5.58,5.61,5.5,5.52,16132000.0,0.0,0.0
2006-01-23,5.48,5.51,5.34,5.47,38273600.0,0.0,0.0
2006-01-24,5.53,5.54,5.45,5.51,16800000.0,0.0,0.0
2006-01-25,5.51,5.54,5.5,5.53,10268800.0,0.0,0.0
2006-01-26,5.58,5.58,5.49,5.51,15965600.0,0.0,0.0
2006-01-27,5.52,5.55,5.45,5.45,17025600.0,0.0,0.0
2006-01-30,5.42,5.43,5.29,5.36,78979200.0,0.0,0.0
2006-01-31,5.36,5.38,5.3,5.31,20348000.0,0.0,0.0
2006-02-01,5.33,5.52,5.33,5.45,35525600.0,0.0,0.0
2006-02-02,5.45,5.5,5.44,5.47,20464800.0,0.0,0.0
2006-02-03,5.44,5.5,5.43,5.49,15826400.0,0.0,0.0
2006-02-06,5.6,5.62,5.51,5.52,19246400.0,0.0,0.0
2006-02-07,5.53,5.55,5.46,5.47,10368800.0,0.0,0.0
2006-02-08,5.49,5.57,5.48,5.53,18636800.0,0.0,0.0
2006-02-09,5.49,5.54,5.48,5.5,9232800.0,0.0,0.0
2006-02-10,5.55,5.55,5.45,5.54,10339200.0,0.0,0.0
2006-02-13,5.52,5.53,5.45,5.53,9512800.0,0.0,0.0
2006-02-14,5.53,5.55,5.48,5.51,11758400.0,0.0,0.0
2006-02-15,5.52,5.57,5.49,5.53,9453600.0,0.0,0.0
2006-02-16,5.57,5.58,5.53,5.56,6254400.0,0.0,0.0
2006-02-17,5.52,5.59,5.51,5.57,8001600.0,0.0,0.0
2006-02-21,5.56,5.59,5.54,5.58,8744000.0,0.0,0.0
2006-02-22,5.59,5.7,5.58,5.64,12035200.0,0.0,0.0
2006-02-23,5.64,5.73,5.62,5.68,10108000.0,0.0,0.0
2006-02-24,5.68,5.74,5.67,5.72,11014400.0,0.0,0.0
2006-02-27,5.72,5.75,5.68,5.72,7179200.0,0.0,0.0
2006-02-28,5.69,5.76,5.68,5.69,18676000.0,0.0,0.0
2006-03-01,5.68,5.71,5.65,5.66,10713600.0,0.0,0.0
2006-03-02,5.62,5.66,5.6,5.64,13876000.0,0.0,0.0
2006-03-03,5.63,5.69,5.63,5.66,8387200.0,0.0,0.0
2006-03-06,5.67,5.77,5.66,5.7,14712800.0,0.0,0.0
2006-03-07,5.62,5.62,5.51,5.57,24400000.0,0.0,0.0
2006-03-08,5.56,5.58,5.54,5.57,19901600.0,0.0,0.0
2006-03-09,5.73,5.77,5.72,5.76,11776000.0,0.31,0.0
2006-03-10,5.76,5.79,5.73,5.74,9075200.0,0.0,0.0
2006-03-13,5.74,5.74,5.69,5.7,9057600.0,0.0,0.0
2006-03-14,5.7,5.72,5.69,5.72,8360000.0,0.0,0.0
2006-03-15,5.74,5.76,5.7,5.74,11728000.0,0.0,0.0
2006-03-16,5.74,5.84,5.74,5.81,12339200.0,0.0,0.0
2006-03-17,5.79,5.8,5.76,5.77,11220800.0,0.0,0.0
2006-03-20,5.74,5.82,5.73,5.78,15207200.0,0.0,0.0
2006-03-21,5.78,5.78,5.72,5.74,19258400.0,0.0,0.0
2006-03-22,5.73,5.89,5.71,5.86,38750400.0,0.0,0.0
2006-03-23,5.86,5.88,5.81,5.81,23581600.0,0.0,0.0
2006-03-24,5.82,5.86,5.78,5.81,12403200.0,0.0,0.0
2006-03-27,5.8,5.8,5.74,5.77,8194400.0,0.0,0.0
2006-03-28,5.76,5.8,5.73,5.75,8464000.0,0.0,0.0
2006-03-29,5.75,5.78,5.74,5.78,6694400.0,0.0,0.0
2006-03-30,5.8,5.8,5.72,5.74,11872000.0,0.0,0.0
2006-03-31,5.74,5.75,5.72,5.75,8536800.0,0.0,0.0
2006-04-03,5.75,5.8,5.72,5.73,11781600.0,0.0,0.0
2006-04-04,5.73,5.75,5.67,5.74,7724000.0,0.0,0.0
2006-04-05,5.73,5.75,5.69,5.71,7793600.0,0.0,0.0
2006-04-06,5.72,5.75,5.67,5.73,11317600.0,0.0,0.0
2006-04-07,5.75,5.76,5.64,5.65,10429600.0,0.0,0.0
2006-04-10,5.66,5.68,5.59,5.61,10723200.0,0.0,0.0
2006-04-11,5.64,5.67,5.56,5.57,10032000.0,0.0,0.0
2006-04-12,5.57,5.59,5.54,5.58,11932800.0,0.0,0.0
2006-04-13,5.58,5.65,5.58,5.63,13517600.0,0.0,0.0
2006-04-17,5.62,5.62,5.49,5.53,16674400.0,0.0,0.0
2006-04-18,5.52,5.55,5.5,5.52,17185600.0,0.0,0.0
2006-04-19,5.52,5.57,5.51,5.55,9879200.0,0.0,0.0
2006-04-20,5.54,5.61,5.54,5.59,7444800.0,0.0,0.0
2006-04-21,5.61,5.62,5.57,5.61,9226400.0,0.0,0.0
2006-04-24,5.61,5.61,5.57,5.59,11511200.0,0.0,0.0
2006-04-25,5.58,5.59,5.52,5.54,9793600.0,0.0,0.0
2006-04-26,5.56,5.57,5.47,5.49,12454400.0,0.0,0.0
2006-04-27,5.43,5.53,5.43,5.53,10345600.0,0.0,0.0
2006-04-28,5.55,5.56,5.49,5.53,6699200.0,0.0,0.0
2006-05-01,5.54,5.57,5.51,5.52,9552800.0,0.0,0.0
2006-05-02,5.55,5.56,5.51,5.51,7672800.0,0.0,0.0
2006-05-03,5.51,5.52,5.44,5.48,11987200.0,0.0,0.0
2006-05-04,5.49,5.53,5.47,5.47,8754400.0,0.0,0.0
2006-05-05,5.48,5.51,5.47,5.51,6836000.0,0.0,0.0
2006-05-08,5.51,5.57,5.51,5.56,7833600.0,0.0,0.0
2006-05-09,5.56,5.6,5.55,5.55,6925600.0,0.0,0.0
2006-05-10,5.57,5.6,5.55,5.56,7316000.0,0.0,0.0
2006-05-11,5.6,5.61,5.48,5.49,8680000.0,0.0,0.0
2006-05-12,5.47,5.53,5.47,5.5,10314400.0,0.0,0.0
2006-05-15,5.47,5.52,5.47,5.51,9813600.0,0.0,0.0
2006-05-16,5.53,5.54,5.44,5.45,12880000.0,0.0,0.0
2006-05-17,5.41,5.46,5.39,5.42,15206400.0,0.0,0.0
2006-05-18,5.37,5.47,5.37,5.39,11856800.0,0.0,0.0
2006-05-19,5.38,5.38,5.25,5.32,31140800.0,0.0,0.0
2006-05-22,5.3,5.34,5.23,5.27,23106400.0,0.0,0.0
2006-05-23,5.32,5.5,5.32,5.34,26717600.0,0.0,0.0
2006-05-24,5.34,5.37,5.3,5.35,13388000.0,0.0,0.0
2006-05-25,5.38,5.39,5.33,5.38,6053600.0,0.0,0.0
2006-05-26,5.4,5.51,5.39,5.47,12556800.0,0.0,0.0
2006-05-30,5.46,5.46,5.4,5.4,7715200.0,0.0,0.0
2006-05-31,5.4,5.44,5.4,5.42,10692000.0,0.0,0.0
2006-06-01,5.43,5.51,5.42,5.5,11068000.0,0.0,0.0
2006-06-02,5.5,5.55,5.48,5.52,10720800.0,0.0,0.0
2006-06-05,5.52,5.52,5.41,5.42,14556800.0,0.0,0.0
2006-06-06,5.44,5.45,5.4,5.42,9316800.0,0.0,0.0
2006-06-07,5.42,5.48,5.42,5.45,18972000.0,0.0,0.0
2006-06-08,5.62,5.64,5.52,5.62,13960800.0,0.31,0.0
2006-06-09,5.64,5.69,5.62,5.65,6504800.0,0.0,0.0
2006-06-12,5.66,5.73,5.64,5.65,11844000.0,0.0,0.0
2006-06-13,5.64,5.73,5.64,5.67,11875200.0,0.0,0.0
2006-06-14,5.66,5.73,5.66,5.72,13356000.0,0.0,0.0
2006-06-15,5.72,5.87,5.71,5.82,13504800.0,0.0,0.0
2006-06-16,5.8,5.87,5.78,5.79,8332800.0,0.0,0.0
2006-06-19,5.85,5.86,5.76,5.79,10402400.0,0.0,0.0
2006-06-20,5.81,5.82,5.71,5.73,13354400.0,0.0,0.0
2006-06-21,5.72,5.8,5.71,5.77,11139200.0,0.0,0.0
2006-06-22,5.77,5.85,5.73,5.84,13156800.0,0.0,0.0
2006-06-23,5.84,5.92,5.83,5.88,11575200.0,0.0,0.0
2006-06-26,5.91,5.92,5.85,5.87,8483200.0,0.0,0.0
2006-06-27,5.88,5.88,5.79,5.83,14756800.0,0.0,0.0
2006-06-28,5.68,5.68,5.5,5.56,68290400.0,0.0,0.0
2006-06-29,5.57,5.66,5.54,5.64,20777600.0,0.0,0.0
2006-06-30,5.65,5.71,5.64,5.64,10331200.0,0.0,0.0
2006-07-03,5.65,5.7,5.65,5.67,4727200.0,0.0,0.0
2006-07-05,5.63,5.64,5.55,5.58,18497600.0,0.0,0.0
2006-07-06,5.6,5.6,5.55,5.56,15312000.0,0.0,0.0
2006-07-07,5.54,5.57,5.5,5.51,15615200.0,0.0,0.0
2006-07-10,5.51,5.55,5.48,5.5,9697600.0,0.0,0.0
2006-07-11,5.49,5.51,5.45,5.48,11295200.0,0.0,0.0
2006-07-12,5.45,5.5,5.44,5.48,18676800.0,0.0,0.0
2006-07-13,5.48,5.51,5.44,5.49,14193600.0,0.0,0.0
2006-07-14,5.46,5.52,5.46,5.48,19474400.0,0.0,0.0
2006-07-17,5.44,5.51,5.44,5.5,18280000.0,0.0,0.0
2006-07-18,5.5,5.52,5.45,5.47,26272800.0,0.0,0.0
2006-07-19,5.5,5.54,5.48,5.49,23887200.0,0.0,0.0
2006-07-20,5.46,5.56,5.45,5.55,19197600.0,0.0,0.0
2006-07-21,5.55,5.6,5.51,5.58,19664800.0,0.0,0.0
2006-07-24,5.57,5.64,5.57,5.62,14479200.0,0.0,0.0
2006-07-25,5.59,5.62,5.51,5.6,14226400.0,0.0,0.0
2006-07-26,5.57,5.58,5.51,5.57,12033600.0,0.0,0.0
2006-07-27,5.61,5.67,5.48,5.5,11748800.0,0.0,0.0
2006-07-28,5.52,5.59,5.48,5.57,13740800.0,0.0,0.0
2006-07-31,5.55,5.59,5.48,5.5,14180800.0,0.0,0.0
2006-08-01,5.5,5.55,5.46,5.48,17888800.0,0.0,0.0
2006-08-02,5.49,5.51,5.43,5.44,26112800.0,0.0,0.0
2006-08-03,5.41,5.46,5.36,5.45,31386400.0,0.0,0.0
2006-08-04,5.47,5.51,5.44,5.48,17887200.0,0.0,0.0
2006-08-07,5.45,5.45,5.36,5.43,19957600.0,0.0,0.0
2006-08-08,5.46,5.5,5.34,5.37,16034400.0,0.0,0.0
2006-08-09,5.38,5.41,5.34,5.36,14115200.0,0.0,0.0
2006-08-10,5.34,5.36,5.26,5.31,21132800.0,0.0,0.0
2006-08-11,5.33,5.35,5.31,5.33,21436800.0,0.0,0.0
2006-08-14,5.37,5.41,5.36,5.38,13384000.0,0.0,0.0
2006-08-15,5.4,5.42,5.36,5.41,20831200.0,0.0,0.0
2006-08-16,5.43,5.43,5.33,5.42,25273600.0,0.0,0.0
2006-08-17,5.42,5.42,5.32,5.36,20446400.0,0.0,0.0
2006-08-18,5.36,5.37,5.32,5.35,17783200.0,0.0,0.0
2006-08-21,5.35,5.37,5.33,5.35,9718400.0,0.0,0.0
2006-08-22,5.36,5.41,5.35,5.36,11890400.0,0.0,0.0
2006-08-23,5.35,5.37,5.34,5.36,11848800.0,0.0,0.0
2006-08-24,5.35,5.37,5.32,5.35,12147200.0,0.0,0.0
2006-08-25,5.35,5.36,5.32,5.35,12555200.0,0.0,0.0
2006-08-28,5.36,5.43,5.36,5.42,13697600.0,0.0,0.0
2006-08-29,5.42,5.58,5.42,5.57,24609600.0,0.0,0.0
2006-08-30,5.56,5.61,5.52,5.56,25898400.0,0.0,0.0
2006-08-31,5.56,5.64,5.56,5.63,15069600.0,0.0,0.0
2006-09-01,5.63,5.67,5.63,5.65,14891200.0,0.0,0.0
2006-09-05,5.64,5.67,5.6,5.67,14392800.0,0.0,0.0
2006-09-06,5.66,5.7,5.62,5.64,11811200.0,0.0,0.0
2006-09-07,5.82,5.82,5.74,5.79,13287200.0,0.31,0.0
2006-09-08,5.81,5.9,5.8,5.9,16472000.0,0.0,0.0
2006-09-11,5.89,5.94,5.89,5.92,13384800.0,0.0,0.0
2006-09-12,5.92,6.03,5.86,6.0,22070400.0,0.0,0.0
2006-09-13,5.97,5.99,5.95,5.97,30132800.0,0.0,0.0
2006-09-14,5.96,5.96,5.9,5.95,19131200.0,0.0,0.0
2006-09-15,5.95,5.99,5.93,5.96,18136800.0,0.0,0.0
2006-09-18,5.94,5.96,5.89,5.92,19940800.0,0.0,0.0
2006-09-19,5.92,5.92,5.8,5.9,24771200.0,0.0,0.0
2006-09-20,5.93,5.96,5.88,5.94,27616800.0,0.0,0.0
2006-09-21,5.96,6.03,5.89,5.93,28671200.0,0.0,0.0
2006-09-22,6.19,6.24,6.1,6.21,61566400.0,0.0,0.0
2006-09-25,6.22,6.25,6.13,6.22,28031200.0,0.0,0.0
2006-09-26,6.18,6.38,6.16,6.35,33953600.0,0.0,0.0
2006-09-27,6.3,6.39,6.29,6.33,30388000.0,0.0,0.0
2006-09-28,6.33,6.36,6.31,6.35,10926400.0,0.0,0.0
2006-09-29,6.36,6.36,6.29,6.3,11379200.0,0.0,0.0
2006-10-02,6.25,6.32,6.25,6.29,9556800.0,0.0,0.0
2006-10-03,6.27,6.32,6.25,6.32,11223200.0,0.0,0.0
2006-10-04,6.3,6.44,6.3,6.42,18701600.0,0.0,0.0
2006-10-05,6.38,6.43,6.36,6.4,13629600.0,0.0,0.0
2006-10-06,6.38,6.38,6.28,6.34,12823200.0,0.0,0.0
2006-10-09,6.3,6.37,6.29,6.36,7760800.0,0.0,0.0
2006-10-10,6.35,6.42,6.35,6.37,9226400.0,0.0,0.0
2006-10-11,6.36,6.38,6.31,6.36,7115200.0,0.0,0.0
2006-10-12,6.35,6.47,6.34,6.46,16012800.0,0.0,0.0
2006-10-13,6.43,6.47,6.42,6.44,8913600.0,0.0,0.0
2006-10-16,6.44,6.52,6.44,6.51,12733600.0,0.0,0.0
2006-10-17,6.47,6.49,6.42,6.45,11596000.0,0.0,0.0
2006-10-18,6.46,6.46,6.34,6.4,14620800.0,0.0,0.0
2006-10-19,6.37,6.44,6.34,6.43,6892000.0,0.0,0.0
2006-10-20,6.43,6.43,6.34,6.37,9458400.0,0.0,0.0
2006-10-23,6.37,6.5,6.37,6.49,9538400.0,0.0,0.0
2006-10-24,6.44,6.56,6.4,6.55,10454400.0,0.0,0.0
2006-10-25,6.57,6.71,6.57,6.71,22471200.0,0.0,0.0
2006-10-26,6.69,6.76,6.65,6.73,16076000.0,0.0,0.0
2006-10-27,6.68,6.7,6.59,6.6,11157600.0,0.0,0.0
2006-10-30,6.56,6.63,6.54,6.61,10457600.0,0.0,0.0
2006-10-31,6.6,6.62,6.55,6.6,9246400.0,0.0,0.0
2006-11-01,6.62,6.62,6.55,6.57,14890400.0,0.0,0.0
2006-11-02,6.53,6.68,6.51,6.67,16651200.0,0.0,0.0
2006-11-03,6.69,6.74,6.62,6.65,11793600.0,0.0,0.0
2006-11-06,6.65,6.69,6.62,6.67,11483200.0,0.0,0.0
2006-11-07,6.68,6.7,6.64,6.65,14104800.0,0.0,0.0
2006-11-08,6.58,6.71,6.58,6.68,8949600.0,0.0,0.0
2006-11-09,6.71,6.71,6.63,6.67,9478400.0,0.0,0.0
2006-11-10,6.68,6.76,6.66,6.76,8728000.0,0.0,0.0
2006-11-13,6.74,6.83,6.73,6.77,11998400.0,0.0,0.0
2006-11-14,6.78,6.81,6.73,6.81,7215200.0,0.0,0.0
2006-11-15,6.81,6.9,6.81,6.86,13675200.0,0.0,0.0
2006-11-16,6.89,6.89,6.81,6.85,6719200.0,0.0,0.0
2006-11-17,6.83,6.89,6.81,6.87,10045600.0,0.0,0.0
2006-11-20,6.86,6.94,6.84,6.93,9708800.0,0.0,0.0
2006-11-21,6.9,6.96,6.87,6.94,7824000.0,0.0,0.0
2006-11-22,6.93,6.98,6.91,6.97,4570400.0,0.0,0.0
2006-11-24,6.94,7.0,6.91,6.95,5413600.0,0.0,0.0
2006-11-27,6.94,6.96,6.88,6.89,8764000.0,0.0,0.0
2006-11-28,6.84,6.91,6.83,6.9,7517600.0,0.0,0.0
2006-11-29,6.95,6.99,6.93,6.96,7023200.0,0.0,0.0
2006-11-30,6.96,7.14,6.94,7.11,17116800.0,0.0,0.0
2006-12-01,7.09,7.13,6.91,7.02,13722400.0,0.0,0.0
2006-12-04,6.97,7.07,6.93,7.05,13048000.0,0.0,0.0
2006-12-05,7.04,7.12,7.02,7.08,14239200.0,0.0,0.0
2006-12-06,7.1,7.1,7.03,7.06,14532800.0,0.0,0.0
2006-12-07,7.26,7.31,7.24,7.26,7474400.0,0.37,0.0
2006-12-08,7.22,7.28,7.17,7.19,8344800.0,0.0,0.0
2006-12-11,7.19,7.26,7.15,7.22,14856000.0,0.0,0.0
2006-12-12,7.21,7.22,7.14,7.16,13992000.0,0.0,0.0
2006-12-13,7.14,7.16,7.05,7.1,14917600.0,0.0,0.0
2006-12-14,7.12,7.21,7.11,7.19,11707200.0,0.0,0.0
2006-12-15,7.2,7.21,7.12,7.12,10960800.0,0.0,0.0
2006-12-18,7.18,7.21,7.12,7.13,8676000.0,0.0,0.0
2006-12-19,7.13,7.14,7.03,7.13,13292000.0,0.0,0.0
2006-12-20,7.19,7.42,7.17,7.4,28552800.0,0.0,0.0
2006-12-21,7.35,7.5,7.32,7.43,34651200.0,0.0,0.0
2006-12-22,7.39,7.43,7.34,7.41,9952000.0,0.0,0.0
2006-12-26,7.41,7.45,7.37,7.42,6452800.0,0.0,0.0
2006-12-27,7.43,7.43,7.36,7.38,6652800.0,0.0,0.0
2006-12-28,7.38,7.4,7.35,7.35,6076000.0,0.0,0.0
2006-12-29,7.35,7.4,7.32,7.34,6665600.0,0.0,0.0
2007-01-03,7.26,7.39,7.18,7.24,17299200.0,0.0,0.0
2007-01-04,7.24,7.34,7.18,7.31,15085600.0,0.0,0.0
2007-01-05,7.27,7.37,7.24,7.33,14996800.0,0.0,0.0
2007-01-08,7.3,7.34,7.24,7.3,10109600.0,0.0,0.0
2007-01-09,7.3,7.41,7.29,7.39,15167200.0,0.0,0.0
2007-01-10,7.36,7.4,7.33,7.39,13012800.0,0.0,0.0
2007-01-11,7.4,7.44,7.37,7.41,14316000.0,0.0,0.0
2007-01-12,7.38,7.41,7.36,7.39,9296800.0,0.0,0.0
2007-01-16,7.37,7.41,7.35,7.41,9264800.0,0.0,0.0
2007-01-17,7.4,7.4,7.34,7.4,10762400.0,0.0,0.0
2007-01-18,7.4,7.43,7.34,7.39,16351200.0,0.0,0.0
2007-01-19,7.41,7.43,7.37,7.41,11123200.0,0.0,0.0
2007-01-22,7.42,7.42,7.22,7.24,19514400.0,0.0,0.0
2007-01-23,7.24,7.29,7.13,7.17,13594400.0,0.0,0.0
2007-01-24,7.17,7.21,7.16,7.18,8871200.0,0.0,0.0
2007-01-25,7.18,7.24,7.1,7.1,10141600.0,0.0,0.0
2007-01-26,7.12,7.16,7.04,7.06,10981600.0,0.0,0.0
2007-01-29,7.07,7.16,7.07,7.14,16308000.0,0.0,0.0
2007-01-30,7.15,7.25,7.15,7.25,19752800.0,0.0,0.0
2007-01-31,7.25,7.36,7.23,7.32,17216800.0,0.0,0.0
2007-02-01,7.31,7.49,7.3,7.46,24736800.0,0.0,0.0
2007-02-02,7.49,7.52,7.4,7.43,10944000.0,0.0,0.0
2007-02-05,7.38,7.44,7.3,7.37,11786400.0,0.0,0.0
2007-02-06,7.37,7.51,7.37,7.5,11491200.0,0.0,0.0
2007-02-07,7.55,7.63,7.52,7.63,20092000.0,0.0,0.0
2007-02-08,7.61,7.69,7.58,7.66,15504000.0,0.0,0.0
2007-02-09,7.64,7.72,7.64,7.68,16579200.0,0.0,0.0
2007-02-12,7.68,7.74,7.65,7.74,20028800.0,0.0,0.0
2007-02-13,7.67,7.82,7.67,7.8,18204000.0,0.0,0.0
2007-02-14,7.8,7.84,7.78,7.81,13357600.0,0.0,0.0
2007-02-15,7.8,7.83,7.77,7.82,11341600.0,0.0,0.0
2007-02-16,7.89,7.97,7.83,7.88,15173600.0,0.0,0.0
2007-02-20,7.88,7.94,7.83,7.92,14660800.0,0.0,0.0
2007-02-21,7.92,7.96,7.89,7.94,11065600.0,0.0,0.0
2007-02-22,7.92,8.03,7.9,8.02,11451200.0,0.0,0.0
2007-02-23,8.02,8.02,7.94,8.01,7232000.0,0.0,0.0
2007-02-26,8.07,8.07,7.95,7.99,13248800.0,0.0,0.0
2007-02-27,7.96,7.99,7.65,7.71,18844000.0,0.0,0.0
2007-02-28,7.76,7.79,7.66,7.74,17872000.0,0.0,0.0
2007-03-01,7.64,7.85,7.57,7.8,16936800.0,0.0,0.0
2007-03-02,7.8,7.85,7.7,7.7,11324800.0,0.0,0.0
2007-03-05,7.7,7.73,7.59,7.59,11975200.0,0.0,0.0
2007-03-06,7.63,7.82,7.62,7.79,12863200.0,0.0,0.0
2007-03-07,7.78,7.82,7.67,7.75,18889600.0,0.0,0.0
2007-03-08,8.02,8.12,7.97,7.98,12782400.0,0.37,0.0
2007-03-09,8.04,8.11,8.0,8.07,10588800.0,0.0,0.0
2007-03-12,8.06,8.09,8.02,8.05,8794400.0,0.0,0.0
2007-03-13,8.01,8.04,7.85,7.98,11155200.0,0.0,0.0
2007-03-14,7.98,8.02,7.84,8.0,13520800.0,0.0,0.0
2007-03-15,7.99,8.11,7.99,8.06,11751200.0,0.0,0.0
2007-03-16,8.07,8.22,8.06,8.2,19292800.0,0.0,0.0
2007-03-19,8.22,8.28,8.2,8.26,11548800.0,0.0,0.0
2007-03-20,8.26,8.34,8.24,8.33,8747200.0,0.0,0.0
2007-03-21,8.33,8.4,8.25,8.3,15316000.0,0.0,0.0
2007-03-22,8.3,8.31,8.15,8.28,25697600.0,0.0,0.0
2007-03-23,8.16,8.33,8.01,8.32,35017600.0,0.0,0.0
2007-03-26,8.32,8.34,8.19,8.3,11599200.0,0.0,0.0
2007-03-27,8.28,8.28,8.11,8.13,17855200.0,0.0,0.0
2007-03-28,8.12,8.12,8.0,8.02,18037600.0,0.0,0.0
2007-03-29,8.02,8.07,7.97,8.01,13173600.0,0.0,0.0
2007-03-30,8.02,8.14,7.99,8.11,12464800.0,0.0,0.0
2007-04-02,8.15,8.18,8.08,8.12,9031200.0,0.0,0.0
2007-04-03,8.12,8.21,8.09,8.12,10764800.0,0.0,2.0
2007-04-04,8.15,8.24,8.12,8.18,11908400.0,0.0,0.0
2007-04-05,8.18,8.21,8.12,8.16,9134000.0,0.0,0.0
2007-04-09,8.15,8.25,8.15,8.22,11630800.0,0.0,0.0
2007-04-10,8.2,8.25,8.14,8.24,13752000.0,0.0,0.0
2007-04-11,8.29,8.36,8.21,8.24,10686400.0,0.0,0.0
2007-04-12,8.21,8.29,8.15,8.27,8052400.0,0.0,0.0
2007-04-13,8.41,8.41,8.15,8.18,8572800.0,0.0,0.0
2007-04-16,8.24,8.31,8.19,8.29,9806400.0,0.0,0.0
2007-04-17,8.3,8.3,8.17,8.26,8610000.0,0.0,0.0
2007-04-18,8.25,8.25,8.18,8.22,8291600.0,0.0,0.0
2007-04-19,8.31,8.31,8.14,8.16,9158800.0,0.0,0.0
2007-04-20,8.16,8.2,8.1,8.17,14458000.0,0.0,0.0
2007-04-23,8.15,8.27,8.15,8.17,9939200.0,0.0,0.0
2007-04-24,8.22,8.22,8.05,8.16,9717200.0,0.0,0.0
2007-04-25,8.22,8.24,8.15,8.18,9505200.0,0.0,0.0
2007-04-26,8.18,8.24,8.14,8.21,12355200.0,0.0,0.0
2007-04-27,8.18,8.29,8.16,8.26,7848000.0,0.0,0.0
2007-04-30,8.28,8.39,8.21,8.22,10242400.0,0.0,0.0
2007-05-01,8.22,8.22,7.98,8.08,12098800.0,0.0,0.0
2007-05-02,8.11,8.22,8.1,8.16,9485200.0,0.0,0.0
2007-05-03,8.17,8.22,8.1,8.13,5989200.0,0.0,0.0
2007-05-04,8.15,8.21,8.12,8.13,7687200.0,0.0,0.0
2007-05-07,8.13,8.26,8.13,8.22,10214800.0,0.0,0.0
2007-05-08,8.23,8.31,8.2,8.2,10196400.0,0.0,0.0
2007-05-09,8.21,8.27,8.19,8.23,12282000.0,0.0,0.0
2007-05-10,8.24,8.24,8.13,8.13,10914400.0,0.0,0.0
2007-05-11,8.13,8.13,8.03,8.09,13996800.0,0.0,0.0
2007-05-14,8.13,8.17,8.05,8.07,14686400.0,0.0,0.0
2007-05-15,8.09,8.12,8.01,8.02,13916000.0,0.0,0.0
2007-05-16,8.04,8.14,8.04,8.08,10677200.0,0.0,0.0
2007-05-17,8.05,8.13,8.04,8.08,8446400.0,0.0,0.0
2007-05-18,8.07,8.12,8.02,8.12,9664800.0,0.0,0.0
2007-05-21,8.18,8.38,8.16,8.34,16391600.0,0.0,0.0
2007-05-22,8.34,8.45,8.31,8.41,15042000.0,0.0,0.0
2007-05-23,8.45,8.45,8.34,8.36,8990800.0,0.0,0.0
2007-05-24,8.4,8.45,8.29,8.31,11262400.0,0.0,0.0
2007-05-25,8.3,8.31,8.26,8.28,9115200.0,0.0,0.0
2007-05-29,8.33,8.43,8.3,8.35,12687600.0,0.0,0.0
2007-05-30,8.34,8.5,8.27,8.5,14638800.0,0.0,0.0
2007-05-31,8.54,8.71,8.51,8.66,21175600.0,0.0,0.0
2007-06-01,8.66,8.71,8.62,8.65,16765200.0,0.0,0.0
2007-06-04,8.78,8.78,8.6,8.73,9418400.0,0.0,0.0
2007-06-05,8.73,8.77,8.66,8.68,12096000.0,0.0,0.0
2007-06-06,8.68,8.68,8.5,8.5,16855200.0,0.0,0.0
2007-06-07,8.6,8.6,8.36,8.36,26093600.0,0.185,0.0
2007-06-08,8.23,8.25,8.02,8.19,35568400.0,0.0,0.0
2007-06-11,8.29,8.35,8.24,8.26,20000000.0,0.0,0.0
2007-06-12,8.26,8.32,8.19,8.22,23488000.0,0.0,0.0
2007-06-13,8.28,8.35,8.2,8.27,12826000.0,0.0,0.0
2007-06-14,8.31,8.34,8.23,8.3,16084000.0,0.0,0.0
2007-06-15,8.33,8.33,8.25,8.26,12562400.0,0.0,0.0
2007-06-18,8.33,8.34,8.26,8.29,7524000.0,0.0,0.0
2007-06-19,8.27,8.45,8.23,8.43,12092000.0,0.0,0.0
2007-06-20,8.46,8.5,8.29,8.29,10204800.0,0.0,0.0
2007-06-21,8.3,8.37,8.22,8.28,11491200.0,0.0,0.0
2007-06-22,8.28,8.3,8.18,8.19,15773200.0,0.0,0.0
2007-06-25,8.29,8.5,8.23,8.32,19765600.0,0.0,0.0
2007-06-26,8.39,8.5,8.29,8.32,21800400.0,0.0,0.0
2007-06-27,8.77,9.08,8.58,9.01,56502800.0,0.0,0.0
2007-06-28,8.99,9.16,8.93,9.01,20503200.0,0.0,0.0
2007-06-29,9.01,9.11,8.89,9.01,11669600.0,0.0,0.0
2007-07-02,9.08,9.18,9.03,9.03,14157600.0,0.0,0.0
2007-07-03,9.03,9.15,9.01,9.12,9467200.0,0.0,0.0
2007-07-05,9.12,9.18,8.98,9.18,12194400.0,0.0,0.0
2007-07-06,9.18,9.27,9.12,9.23,8476000.0,0.0,0.0
2007-07-09,9.22,9.22,9.06,9.13,10976400.0,0.0,0.0
2007-07-10,9.08,9.17,9.02,9.04,11587600.0,0.0,0.0
2007-07-11,8.98,9.08,8.93,9.04,15405200.0,0.0,0.0
2007-07-12,9.03,9.2,9.03,9.19,12102000.0,0.0,0.0
2007-07-13,9.15,9.16,9.08,9.12,8435200.0,0.0,0.0
2007-07-16,9.02,9.13,9.01,9.09,8343600.0,0.0,0.0
2007-07-17,9.0,9.21,9.0,9.19,12642400.0,0.0,0.0
2007-07-18,9.09,9.24,9.08,9.23,14374000.0,0.0,0.0
2007-07-19,9.25,9.33,9.21,9.25,16358800.0,0.0,0.0
2007-07-20,9.18,9.26,9.03,9.05,19228400.0,0.0,0.0
2007-07-23,9.13,9.25,9.11,9.18,14269600.0,0.0,0.0
2007-07-24,9.15,9.18,8.99,9.02,19211200.0,0.0,0.0
2007-07-25,9.02,9.05,8.83,8.94,18154400.0,0.0,0.0
2007-07-26,8.77,8.85,8.62,8.8,34760800.0,0.0,0.0
2007-07-27,8.73,8.82,8.57,8.57,21394800.0,0.0,0.0
2007-07-30,8.71,8.8,8.6,8.79,18933200.0,0.0,0.0
2007-07-31,8.67,8.91,8.67,8.73,19502400.0,0.0,0.0
2007-08-01,8.85,8.85,8.65,8.8,24376800.0,0.0,0.0
2007-08-02,8.85,8.85,8.7,8.8,13747200.0,0.0,0.0
2007-08-03,8.68,8.88,8.68,8.74,17859200.0,0.0,0.0
2007-08-06,8.63,8.9,8.63,8.89,14806000.0,0.0,0.0
2007-08-07,8.82,9.06,8.78,8.98,15945200.0,0.0,0.0
2007-08-08,8.93,9.02,8.64,8.75,18205600.0,0.0,0.0
2007-08-09,8.62,8.66,8.07,8.33,34845200.0,0.0,0.0
2007-08-10,8.19,8.67,8.04,8.62,22112800.0,0.0,0.0
2007-08-13,8.67,8.92,8.64,8.68,14322400.0,0.0,0.0
2007-08-14,8.68,8.78,8.44,8.45,12666800.0,0.0,0.0
2007-08-15,8.4,8.54,8.26,8.28,13448800.0,0.0,0.0
2007-08-16,8.2,8.32,8.1,8.22,17456000.0,0.0,0.0
2007-08-17,8.41,8.58,8.14,8.42,12576800.0,0.0,0.0
2007-08-20,8.43,8.5,8.35,8.41,13122000.0,0.0,0.0
2007-08-21,8.43,8.48,8.3,8.37,10607200.0,0.0,0.0
2007-08-22,8.4,8.5,8.32,8.38,14485200.0,0.0,0.0
2007-08-23,8.42,8.49,8.31,8.35,9080800.0,0.0,0.0
2007-08-24,8.35,8.41,8.32,8.37,7920800.0,0.0,0.0
2007-08-27,8.37,8.42,8.33,8.33,7053200.0,0.0,0.0
2007-08-28,8.33,8.41,8.25,8.28,18553600.0,0.0,0.0
2007-08-29,8.33,8.57,8.33,8.57,11531600.0,0.0,0.0
2007-08-30,8.49,8.66,8.47,8.62,9425200.0,0.0,0.0
2007-08-31,8.7,8.78,8.6,8.71,12354800.0,0.0,0.0
2007-09-04,8.66,8.85,8.63,8.72,13048000.0,0.0,0.0
2007-09-05,8.69,8.69,8.51,8.58,9819600.0,0.0,0.0
2007-09-06,8.66,8.86,8.66,8.74,9376800.0,0.185,0.0
2007-09-07,8.63,8.64,8.49,8.57,10242800.0,0.0,0.0
2007-09-10,8.63,8.71,8.49,8.64,8439600.0,0.0,0.0
2007-09-11,8.67,8.73,8.6,8.7,6804800.0,0.0,0.0
2007-09-12,8.7,8.87,8.64,8.79,9981200.0,0.0,0.0
2007-09-13,8.84,8.98,8.73,8.91,8672000.0,0.0,0.0
2007-09-14,8.86,9.0,8.83,8.97,9575600.0,0.0,0.0
2007-09-17,8.93,8.93,8.79,8.82,18174800.0,0.0,0.0
2007-09-18,8.89,9.27,8.83,9.21,18737200.0,0.0,0.0
2007-09-19,9.3,9.48,9.11,9.18,25739200.0,0.0,0.0
2007-09-20,9.2,9.25,9.06,9.14,16824000.0,0.0,0.0
2007-09-21,9.44,9.56,8.96,8.97,41142000.0,0.0,0.0
2007-09-24,9.05,9.11,8.88,9.06,24655200.0,0.0,0.0
2007-09-25,8.93,9.23,8.92,9.16,22343200.0,0.0,0.0
2007-09-26,9.19,9.21,9.1,9.15,10460400.0,0.0,0.0
2007-09-27,9.14,9.14,8.98,9.12,14309600.0,0.0,0.0
2007-09-28,9.1,9.23,9.09,9.19,12752800.0,0.0,0.0
2007-10-01,9.21,9.35,9.19,9.31,16150800.0,0.0,0.0
2007-10-02,9.29,9.38,9.23,9.27,9663200.0,0.0,0.0
2007-10-03,9.22,9.4,9.21,9.28,12736400.0,0.0,0.0
2007-10-04,9.3,9.32,9.18,9.3,10562000.0,0.0,0.0
2007-10-05,9.3,9.48,9.24,9.46,16045600.0,0.0,0.0
2007-10-08,9.43,9.48,9.35,9.4,7972400.0,0.0,0.0
2007-10-09,9.4,9.75,9.4,9.68,23422000.0,0.0,0.0
2007-10-10,9.63,9.77,9.6,9.69,17946000.0,0.0,0.0
2007-10-11,9.72,9.73,9.54,9.56,23566000.0,0.0,0.0
2007-10-12,9.55,9.94,9.55,9.9,21796000.0,0.0,0.0
2007-10-15,9.87,10.14,9.85,10.02,19207600.0,0.0,0.0
2007-10-16,10.01,10.03,9.82,10.01,17908000.0,0.0,0.0
2007-10-17,10.11,10.12,9.72,9.9,13084000.0,0.0,0.0
2007-10-18,9.81,9.97,9.79,9.91,8748400.0,0.0,0.0
2007-10-19,9.86,10.02,9.78,9.92,18352000.0,0.0,0.0
2007-10-22,9.8,9.95,9.71,9.9,17367200.0,0.0,0.0
2007-10-23,10.01,10.09,9.79,10.05,15898000.0,0.0,0.0
2007-10-24,10.0,10.01,9.78,9.94,19608800.0,0.0,0.0
2007-10-25,9.94,10.06,9.9,10.0,19069600.0,0.0,0.0
2007-10-26,9.95,10.18,9.93,10.12,14576800.0,0.0,0.0
2007-10-29,10.1,10.26,10.1,10.22,9694400.0,0.0,0.0
2007-10-30,10.07,10.26,10.03,10.17,8095200.0,0.0,0.0
2007-10-31,10.27,10.43,10.23,10.38,11764400.0,0.0,0.0
2007-11-01,10.33,10.35,9.98,10.0,12705600.0,0.0,0.0
2007-11-02,10.24,10.24,9.82,10.01,9771200.0,0.0,0.0
2007-11-05,9.72,10.02,9.72,9.93,10694400.0,0.0,0.0
2007-11-06,9.94,10.07,9.83,10.03,9244000.0,0.0,0.0
2007-11-07,9.87,10.03,9.77,9.84,11726400.0,0.0,0.0
2007-11-08,9.85,9.97,9.54,9.92,15632800.0,0.0,0.0
2007-11-09,9.77,9.85,9.63,9.75,12809200.0,0.0,0.0
2007-11-12,9.67,10.09,9.58,9.81,16968000.0,0.0,0.0
2007-11-13,9.87,10.05,9.76,10.03,12602400.0,0.0,0.0
2007-11-14,10.07,10.15,9.89,9.91,11415600.0,0.0,0.0
2007-11-15,9.87,10.03,9.76,9.88,8388800.0,0.0,0.0
2007-11-16,9.97,10.01,9.65,9.82,14151200.0,0.0,0.0
2007-11-19,9.77,9.91,9.66,9.72,12268400.0,0.0,0.0
2007-11-20,9.74,9.86,9.64,9.76,11240400.0,0.0,0.0
2007-11-21,9.61,10.02,9.61,9.85,9668400.0,0.0,0.0
2007-11-23,9.89,10.03,9.85,9.99,3479200.0,0.0,0.0
2007-11-26,10.01,10.01,9.73,9.74,7994000.0,0.0,0.0
2007-11-27,9.77,10.01,9.77,9.93,10461200.0,0.0,0.0
2007-11-28,10.03,10.28,9.93,10.22,14082400.0,0.0,0.0
2007-11-29,10.21,10.21,10.0,10.14,6916000.0,0.0,0.0
2007-11-30,10.18,10.37,10.18,10.29,10806400.0,0.0,0.0
2007-12-03,10.18,10.64,10.16,10.5,13298800.0,0.0,0.0
2007-12-04,10.56,10.56,10.27,10.31,14831600.0,0.0,0.0
2007-12-05,10.41,10.46,10.24,10.33,10892800.0,0.0,0.0
2007-12-06,10.39,10.43,10.32,10.39,10533200.0,0.23,0.0
2007-12-07,10.39,10.51,10.35,10.39,7061600.0,0.0,0.0
2007-12-10,10.39,10.5,10.39,10.47,7772400.0,0.0,0.0
2007-12-11,10.5,10.59,10.19,10.2,11172800.0,0.0,0.0
2007-12-12,10.31,10.46,10.08,10.24,13623600.0,0.0,0.0
2007-12-13,10.17,10.37,10.17,10.32,15991600.0,0.0,0.0
2007-12-14,10.35,10.35,10.16,10.22,9867200.0,0.0,0.0
2007-12-17,10.18,10.29,9.99,10.02,9237200.0,0.0,0.0
2007-12-18,10.1,10.14,9.89,10.13,13237600.0,0.0,0.0
2007-12-19,10.2,10.27,10.06,10.14,12203600.0,0.0,0.0
2007-12-20,10.46,10.71,10.46,10.49,25314000.0,0.0,0.0
2007-12-21,10.59,10.59,10.46,10.53,11972000.0,0.0,0.0
2007-12-24,10.5,10.65,10.5,10.63,5818000.0,0.0,0.0
2007-12-26,10.61,10.64,10.42,10.5,7418800.0,0.0,0.0
2007-12-27,10.46,10.52,10.31,10.33,8405600.0,0.0,0.0
2007-12-28,10.46,10.47,10.18,10.22,17604400.0,0.0,0.0
2007-12-31,10.17,10.3,10.17,10.21,7368400.0,0.0,0.0
2008-01-02,10.22,10.28,9.96,10.06,9781600.0,0.0,0.0
2008-01-03,10.06,10.13,9.91,9.97,10636000.0,0.0,0.0
2008-01-04,9.89,9.99,9.81,9.81,22335200.0,0.0,0.0
2008-01-07,9.85,9.9,9.74,9.87,20808400.0,0.0,0.0
2008-01-08,9.92,10.01,9.78,9.83,16714400.0,0.0,0.0
2008-01-09,9.86,9.86,9.71,9.85,23320400.0,0.0,0.0
2008-01-10,9.84,10.04,9.74,9.94,22925600.0,0.0,0.0
2008-01-11,9.86,9.86,9.57,9.65,22223200.0,0.0,0.0
2008-01-14,9.7,9.77,9.51,9.65,14272400.0,0.0,0.0
2008-01-15,9.51,9.52,9.06,9.07,28277600.0,0.0,0.0
2008-01-16,9.05,9.26,8.92,9.16,23447600.0,0.0,0.0
2008-01-17,9.17,9.27,8.89,8.9,17617600.0,0.0,0.0
2008-01-18,8.97,9.51,8.9,8.98,17035600.0,0.0,0.0
2008-01-22,8.26,9.22,8.18,9.1,22090800.0,0.0,0.0
2008-01-23,8.82,9.23,8.58,9.14,31090000.0,0.0,0.0
2008-01-24,9.16,9.32,8.94,9.12,21211200.0,0.0,0.0
2008-01-25,9.25,9.25,8.83,8.9,18719200.0,0.0,0.0
2008-01-28,8.9,9.17,8.85,9.1,10897600.0,0.0,0.0
2008-01-29,9.15,9.15,8.94,9.11,14388800.0,0.0,0.0
2008-01-30,9.26,9.53,9.23,9.44,22191200.0,0.0,0.0
2008-01-31,9.44,9.88,9.4,9.75,29711600.0,0.0,0.0
2008-02-01,9.8,9.93,9.61,9.93,16319600.0,0.0,0.0
2008-02-04,9.94,9.95,9.57,9.65,12340000.0,0.0,0.0
2008-02-05,9.5,9.67,9.46,9.5,14421600.0,0.0,0.0
2008-02-06,9.59,9.76,9.51,9.54,15425200.0,0.0,0.0
2008-02-07,9.47,9.7,9.46,9.66,15486400.0,0.0,0.0
2008-02-08,9.62,9.76,9.5,9.64,11468000.0,0.0,0.0
2008-02-11,9.65,9.74,9.53,9.64,10993600.0,0.0,0.0
2008-02-12,9.66,9.85,9.62,9.75,12473600.0,0.0,0.0
2008-02-13,9.83,9.97,9.67,9.94,13797600.0,0.0,0.0
2008-02-14,9.99,10.01,9.86,9.9,12611600.0,0.0,0.0
2008-02-15,9.88,10.0,9.8,9.9,10672400.0,0.0,0.0
2008-02-19,9.99,10.01,9.68,9.71,9342800.0,0.0,0.0
2008-02-20,9.65,9.78,9.61,9.73,9100800.0,0.0,0.0
2008-02-21,9.48,9.72,9.48,9.59,13146400.0,0.0,0.0
2008-02-22,9.61,9.66,9.48,9.63,13349200.0,0.0,0.0
2008-02-25,9.65,9.81,9.58,9.79,9977600.0,0.0,0.0
2008-02-26,9.76,10.01,9.76,9.95,10002800.0,0.0,0.0
2008-02-27,9.87,10.0,9.86,9.91,9118800.0,0.0,0.0
2008-02-28,9.85,9.92,9.77,9.86,8518000.0,0.0,0.0
2008-02-29,9.74,9.81,9.53,9.57,11806800.0,0.0,0.0
2008-03-03,9.57,9.62,9.43,9.55,10357200.0,0.0,0.0
2008-03-04,9.48,9.68,9.46,9.6,16664000.0,0.0,0.0
2008-03-05,9.66,9.84,9.55,9.66,11769200.0,0.0,0.0
2008-03-06,9.78,9.78,9.59,9.61,18622000.0,0.23,0.0
2008-03-07,9.52,9.64,9.31,9.4,17196800.0,0.0,0.0
2008-03-10,9.39,9.52,9.16,9.19,16182400.0,0.0,0.0
2008-03-11,9.38,9.39,9.15,9.35,14697200.0,0.0,0.0
2008-03-12,9.36,9.72,9.36,9.64,18241200.0,0.0,0.0
2008-03-13,9.5,9.9,9.36,9.85,19245600.0,0.0,0.0
2008-03-14,9.94,9.94,9.57,9.67,18881600.0,0.0,0.0
2008-03-17,9.43,9.71,9.32,9.56,18276800.0,0.0,0.0
2008-03-18,9.72,9.96,9.61,9.95,13800800.0,0.0,0.0
2008-03-19,10.13,10.15,9.98,9.98,20753600.0,0.0,0.0
2008-03-20,10.44,10.87,9.98,10.85,43300400.0,0.0,0.0
2008-03-24,10.81,11.39,10.73,11.15,29827600.0,0.0,0.0
2008-03-25,11.17,11.18,10.97,11.03,20459600.0,0.0,0.0
2008-03-26,11.0,11.04,10.66,10.69,20653600.0,0.0,0.0
2008-03-27,10.74,10.86,10.65,10.65,15341200.0,0.0,0.0
2008-03-28,10.7,10.72,10.5,10.63,21333200.0,0.0,0.0
2008-03-31,10.61,11.01,10.61,10.97,23122800.0,0.0,0.0
2008-04-01,11.07,11.28,10.85,11.23,18046800.0,0.0,0.0
2008-04-02,11.11,11.29,10.9,10.97,15547600.0,0.0,0.0
2008-04-03,10.88,11.19,10.85,11.12,12903600.0,0.0,0.0
2008-04-04,11.16,11.17,10.96,11.05,12564800.0,0.0,0.0
2008-04-07,11.11,11.13,10.78,10.78,13005600.0,0.0,0.0
2008-04-08,10.69,10.88,10.69,10.74,13129200.0,0.0,0.0
2008-04-09,10.76,10.85,10.64,10.72,12546400.0,0.0,0.0
2008-04-10,10.7,10.98,10.63,10.87,17466000.0,0.0,0.0
2008-04-11,10.76,10.97,10.75,10.76,13063600.0,0.0,0.0
2008-04-14,10.7,10.77,10.63,10.66,8822000.0,0.0,0.0
2008-04-15,10.75,10.75,10.52,10.62,9449600.0,0.0,0.0
2008-04-16,10.67,10.74,10.56,10.66,11082000.0,0.0,0.0
2008-04-17,10.65,10.93,10.65,10.9,13870400.0,0.0,0.0
2008-04-18,11.0,11.0,10.85,10.95,16032800.0,0.0,0.0
2008-04-21,10.89,11.11,10.83,11.07,14613600.0,0.0,0.0
2008-04-22,11.04,11.1,10.86,10.98,11544400.0,0.0,0.0
2008-04-23,11.04,11.13,10.87,10.9,14086000.0,0.0,0.0
2008-04-24,10.94,11.07,10.88,10.98,14331600.0,0.0,0.0
2008-04-25,11.06,11.11,10.93,11.09,12367200.0,0.0,0.0
2008-04-28,11.14,11.14,10.91,10.94,11620800.0,0.0,0.0
2008-04-29,10.94,11.05,10.89,11.01,10004400.0,0.0,0.0
2008-04-30,11.01,11.09,10.75,10.78,16749600.0,0.0,0.0
2008-05-01,10.78,11.05,10.73,10.94,12510400.0,0.0,0.0
2008-05-02,11.07,11.07,10.81,10.92,11914000.0,0.0,0.0
2008-05-05,10.83,11.05,10.74,10.81,8763600.0,0.0,0.0
2008-05-06,10.8,10.94,10.68,10.9,7838800.0,0.0,0.0
2008-05-07,10.93,11.08,10.74,10.77,10034800.0,0.0,0.0
2008-05-08,10.79,10.81,10.38,10.46,18050800.0,0.0,0.0
2008-05-09,10.54,10.54,10.36,10.47,9467200.0,0.0,0.0
2008-05-12,10.52,10.64,10.46,10.54,33614800.0,0.0,0.0
2008-05-13,10.59,10.66,10.43,10.59,15700800.0,0.0,0.0
2008-05-14,10.65,11.04,10.59,10.88,15339200.0,0.0,0.0
2008-05-15,10.95,11.04,10.86,10.98,11500400.0,0.0,0.0
2008-05-16,11.02,11.02,10.78,10.9,8302800.0,0.0,0.0
2008-05-19,10.9,11.08,10.84,10.94,9700800.0,0.0,0.0
2008-05-20,10.84,11.0,10.76,10.82,14901200.0,0.0,0.0
2008-05-21,10.83,10.87,10.47,10.51,11214400.0,0.0,0.0
2008-05-22,10.5,10.57,10.42,10.49,10782800.0,0.0,0.0
2008-05-23,10.47,10.53,10.34,10.45,8026800.0,0.0,0.0
2008-05-27,10.48,10.76,10.35,10.65,10364000.0,0.0,0.0
2008-05-28,10.74,10.98,10.74,10.87,12643200.0,0.0,0.0
2008-05-29,10.87,11.11,10.8,11.04,11737200.0,0.0,0.0
2008-05-30,11.09,11.11,10.84,11.03,10415600.0,0.0,0.0
2008-06-02,11.02,11.02,10.65,10.83,11579600.0,0.0,0.0
2008-06-03,10.89,10.93,10.7,10.81,11148400.0,0.0,0.0
2008-06-04,10.81,11.04,10.77,10.96,14140000.0,0.0,0.0
2008-06-05,11.13,11.5,11.08,11.46,19548400.0,0.23,0.0
2008-06-06,11.35,11.38,11.11,11.11,12819600.0,0.0,0.0
2008-06-09,11.1,11.27,11.0,11.22,13671200.0,0.0,0.0
2008-06-10,11.13,11.29,11.12,11.2,15384800.0,0.0,0.0
2008-06-11,11.21,11.21,11.01,11.03,18232800.0,0.0,0.0
2008-06-12,11.07,11.22,10.87,10.92,12115600.0,0.0,0.0
2008-06-13,10.97,11.4,10.97,11.28,13591600.0,0.0,0.0
2008-06-16,11.26,11.26,11.1,11.19,12796000.0,0.0,0.0
2008-06-17,11.32,11.32,11.09,11.12,13029600.0,0.0,0.0
2008-06-18,11.07,11.28,11.03,11.1,12700000.0,0.0,0.0
2008-06-19,11.13,11.2,10.96,11.1,11810000.0,0.0,0.0
2008-06-20,11.0,11.04,10.77,10.92,16980000.0,0.0,0.0
2008-06-23,10.96,11.09,10.88,10.94,12956400.0,0.0,0.0
2008-06-24,10.97,11.02,10.78,10.79,14776800.0,0.0,0.0
2008-06-25,10.84,11.04,10.77,10.79,19211600.0,0.0,0.0
2008-06-26,9.95,10.14,9.43,9.73,74110000.0,0.0,0.0
2008-06-27,9.77,10.11,9.66,9.87,30551600.0,0.0,0.0
2008-06-30,9.89,9.9,9.73,9.75,19787200.0,0.0,0.0
2008-07-01,9.75,9.76,9.43,9.65,29830400.0,0.0,0.0
2008-07-02,9.7,9.8,9.48,9.5,19503200.0,0.0,0.0
2008-07-03,9.53,9.72,9.39,9.57,9906400.0,0.0,0.0
2008-07-07,9.58,9.69,9.08,9.24,33076400.0,0.0,0.0
2008-07-08,9.22,9.55,9.1,9.54,19264000.0,0.0,0.0
2008-07-09,9.5,9.5,9.25,9.32,25130400.0,0.0,0.0
2008-07-10,9.3,9.32,9.0,9.11,21954000.0,0.0,0.0
2008-07-11,9.02,9.3,8.94,9.2,25430400.0,0.0,0.0
2008-07-14,9.33,9.37,9.09,9.13,16366000.0,0.0,0.0
2008-07-15,9.27,9.51,9.11,9.43,22334400.0,0.0,0.0
2008-07-16,9.42,9.55,9.23,9.51,24480400.0,0.0,0.0
2008-07-17,9.57,9.61,9.31,9.58,25974400.0,0.0,0.0
2008-07-18,9.61,9.61,9.21,9.52,16460000.0,0.0,0.0
2008-07-21,9.37,9.47,9.24,9.41,11886400.0,0.0,0.0
2008-07-22,9.36,9.6,9.26,9.6,15262400.0,0.0,0.0
2008-07-23,9.58,9.88,9.57,9.68,15138400.0,0.0,0.0
2008-07-24,9.71,9.8,9.47,9.51,13551200.0,0.0,0.0
2008-07-25,9.57,9.65,9.42,9.51,12376400.0,0.0,0.0
2008-07-28,9.51,9.63,9.36,9.36,10239200.0,0.0,0.0
2008-07-29,9.34,9.69,9.34,9.66,9439200.0,0.0,0.0
2008-07-30,9.7,9.88,9.6,9.76,10321600.0,0.0,0.0
2008-07-31,9.77,9.85,9.47,9.6,10873600.0,0.0,0.0
2008-08-01,9.56,9.78,9.45,9.72,12630400.0,0.0,0.0
2008-08-04,9.75,9.84,9.62,9.78,9850000.0,0.0,0.0
2008-08-05,9.83,10.07,9.74,10.07,18087600.0,0.0,0.0
2008-08-06,10.06,10.23,9.88,10.17,18742000.0,0.0,0.0
2008-08-07,10.08,10.08,9.82,9.95,17508400.0,0.0,0.0
2008-08-08,9.99,10.35,9.9,10.3,11874800.0,0.0,0.0
2008-08-11,10.31,10.6,10.2,10.35,13809200.0,0.0,0.0
2008-08-12,10.26,10.37,10.08,10.16,12808000.0,0.0,0.0
2008-08-13,10.21,10.25,9.97,10.14,8266400.0,0.0,0.0
2008-08-14,10.09,10.28,10.03,10.14,10138000.0,0.0,0.0
2008-08-15,10.14,10.29,10.13,10.19,11118800.0,0.0,0.0
2008-08-18,10.22,10.26,10.04,10.08,6478400.0,0.0,0.0
2008-08-19,10.01,10.06,9.94,9.98,7378800.0,0.0,0.0
2008-08-20,9.99,10.04,9.83,9.92,12656000.0,0.0,0.0
2008-08-21,9.83,9.93,9.69,9.91,10855200.0,0.0,0.0
2008-08-22,9.97,10.14,9.96,10.0,9777200.0,0.0,0.0
2008-08-25,9.92,10.02,9.72,9.77,10201600.0,0.0,0.0
2008-08-26,9.78,9.79,9.61,9.64,11962400.0,0.0,0.0
2008-08-27,9.67,9.78,9.6,9.76,9242800.0,0.0,0.0
2008-08-28,9.8,10.07,9.78,10.01,9265200.0,0.0,0.0
2008-08-29,10.01,10.03,9.9,9.91,6644400.0,0.0,0.0
2008-09-02,10.07,10.26,9.94,10.01,13534400.0,0.0,0.0
2008-09-03,9.93,10.16,9.82,10.13,12368400.0,0.0,0.0
2008-09-04,10.12,10.25,9.9,9.92,11733600.0,0.23,0.0
2008-09-05,9.86,9.91,9.71,9.77,13754400.0,0.0,0.0
2008-09-08,9.96,10.03,9.78,10.02,12672400.0,0.0,0.0
2008-09-09,10.02,10.22,9.88,10.01,14018800.0,0.0,0.0
2008-09-10,9.94,10.1,9.82,9.94,14780400.0,0.0,0.0
2008-09-11,9.84,10.13,9.78,10.12,13285600.0,0.0,0.0
2008-09-12,10.06,10.31,9.96,10.28,13172400.0,0.0,0.0
2008-09-15,10.03,10.41,9.8,10.05,14310400.0,0.0,0.0
2008-09-16,9.81,10.28,9.8,10.16,14528800.0,0.0,0.0
2008-09-17,9.88,10.19,9.75,9.89,19561200.0,0.0,0.0
2008-09-18,10.0,10.96,9.75,10.73,50457200.0,0.0,0.0
2008-09-19,11.06,11.07,10.27,10.58,28968400.0,0.0,0.0
2008-09-22,10.83,10.93,10.37,10.49,16620800.0,0.0,0.0
2008-09-23,10.53,10.53,10.05,10.1,17416800.0,0.0,0.0
2008-09-24,10.1,10.14,9.77,9.84,18742000.0,0.0,0.0
2008-09-25,10.36,10.92,10.36,10.79,46048800.0,0.0,0.0
2008-09-26,10.66,11.29,10.63,11.26,30228000.0,0.0,0.0
2008-09-29,11.12,11.18,10.73,10.8,31568400.0,0.0,0.0
2008-09-30,10.95,11.2,10.77,11.11,21366000.0,0.0,0.0
2008-10-01,10.99,11.13,10.82,10.99,14877200.0,0.0,0.0
2008-10-02,10.81,10.96,10.56,10.58,21488800.0,0.0,0.0
2008-10-03,10.69,10.96,10.5,10.5,16807600.0,0.0,0.0
2008-10-06,10.29,10.46,9.53,10.15,34281200.0,0.0,0.0
2008-10-07,10.29,10.29,9.61,9.63,18095200.0,0.0,0.0
2008-10-08,9.47,9.77,9.16,9.25,36857600.0,0.0,0.0
2008-10-09,9.31,9.46,8.78,8.81,24248400.0,0.0,0.0
2008-10-10,8.36,9.62,8.14,9.05,38996000.0,0.0,0.0
2008-10-13,9.25,9.36,9.01,9.27,26116000.0,0.0,0.0
2008-10-14,9.64,9.88,9.35,9.48,32041200.0,0.0,0.0
2008-10-15,9.3,9.39,8.34,8.36,28835600.0,0.0,0.0
2008-10-16,8.74,9.33,8.29,9.29,33808000.0,0.0,0.0
2008-10-17,9.07,9.67,8.94,9.54,24772800.0,0.0,0.0
2008-10-20,9.68,9.92,9.44,9.92,21467200.0,0.0,0.0
2008-10-21,9.8,9.91,9.42,9.48,17496800.0,0.0,0.0
2008-10-22,9.22,9.28,8.47,8.72,26076400.0,0.0,0.0
2008-10-23,8.67,8.85,8.0,8.42,29143600.0,0.0,0.0
2008-10-24,7.9,8.33,7.84,7.93,30127200.0,0.0,0.0
2008-10-27,7.84,8.12,7.72,7.73,15547200.0,0.0,0.0
2008-10-28,7.91,8.72,7.74,8.7,25963200.0,0.0,0.0
2008-10-29,8.66,9.11,8.42,8.71,17874000.0,0.0,0.0
2008-10-30,9.05,9.36,8.88,9.27,24024000.0,0.0,0.0
2008-10-31,9.16,9.8,9.16,9.57,21066000.0,0.0,0.0
2008-11-03,9.52,9.71,9.2,9.27,12396400.0,0.0,0.0
2008-11-04,9.44,9.51,9.14,9.33,12760800.0,0.0,0.0
2008-11-05,9.3,9.36,8.72,8.76,16672800.0,0.0,0.0
2008-11-06,8.62,8.62,8.29,8.41,28529600.0,0.0,0.0
2008-11-07,8.41,8.51,7.9,8.2,24364000.0,0.0,0.0
2008-11-10,8.42,8.42,7.79,7.96,21672400.0,0.0,0.0
2008-11-11,7.95,8.01,7.36,7.58,29281600.0,0.0,0.0
2008-11-12,7.49,7.59,7.22,7.37,19592000.0,0.0,0.0
2008-11-13,7.39,8.12,7.24,8.11,24962400.0,0.0,0.0
2008-11-14,7.94,8.08,7.63,7.73,17134400.0,0.0,0.0
2008-11-17,7.65,7.97,7.64,7.69,17845200.0,0.0,0.0
2008-11-18,7.66,7.88,7.4,7.74,19340000.0,0.0,0.0
2008-11-19,7.72,7.85,7.27,7.28,16256800.0,0.0,0.0
2008-11-20,7.18,7.94,7.09,7.24,27161600.0,0.0,0.0
2008-11-21,7.37,8.0,7.26,7.95,25641600.0,0.0,0.0
2008-11-24,8.0,8.47,7.95,8.36,18595200.0,0.0,0.0
2008-11-25,8.51,8.76,8.01,8.18,23982800.0,0.0,0.0
2008-11-26,8.08,8.88,8.01,8.84,15838400.0,0.0,0.0
2008-11-28,8.97,8.97,8.57,8.84,7490400.0,0.0,0.0
2008-12-01,8.68,8.68,7.95,7.97,14166000.0,0.0,0.0
2008-12-02,8.08,8.38,8.03,8.3,16110000.0,0.0,0.0
2008-12-03,8.12,8.7,7.94,8.64,17430800.0,0.0,0.0
2008-12-04,8.66,9.17,8.47,8.8,21545200.0,0.25,0.0
2008-12-05,8.63,9.07,8.38,9.03,13825200.0,0.0,0.0
2008-12-08,9.23,9.71,9.19,9.51,32329200.0,0.0,0.0
2008-12-09,9.36,9.42,8.83,8.96,19459600.0,0.0,0.0
2008-12-10,8.73,8.79,8.29,8.55,25456400.0,0.0,0.0
2008-12-11,8.49,8.67,8.16,8.25,16479600.0,0.0,0.0
2008-12-12,8.07,8.41,8.06,8.36,14694400.0,0.0,0.0
2008-12-15,8.47,8.61,8.02,8.16,13592800.0,0.0,0.0
2008-12-16,8.17,8.5,8.08,8.4,24551200.0,0.0,0.0
2008-12-17,8.24,8.87,8.24,8.57,15446800.0,0.0,0.0
2008-12-18,8.58,9.18,8.52,8.92,24660800.0,0.0,0.0
2008-12-19,9.02,9.14,8.54,8.68,24400800.0,0.0,0.0
2008-12-22,8.68,8.74,8.15,8.31,13785600.0,0.0,0.0
2008-12-23,8.33,8.47,7.97,8.12,13102000.0,0.0,0.0
2008-12-24,8.13,8.36,8.07,8.32,4384800.0,0.0,0.0
2008-12-26,8.35,8.47,8.35,8.42,4919200.0,0.0,0.0
2008-12-29,8.41,8.46,8.17,8.29,9346000.0,0.0,0.0
2008-12-30,8.35,8.43,8.26,8.41,9626400.0,0.0,0.0
2008-12-31,8.43,8.73,8.39,8.63,15089600.0,0.0,0.0
2009-01-02,8.63,9.07,8.52,8.98,12028800.0,0.0,0.0
2009-01-05,8.91,9.1,8.85,9.05,12913200.0,0.0,0.0
2009-01-06,9.11,9.14,8.77,8.86,15290400.0,0.0,0.0
2009-01-07,8.74,8.8,8.52,8.54,20164400.0,0.0,0.0
2009-01-08,8.51,8.7,8.42,8.7,15730000.0,0.0,0.0
2009-01-09,8.71,8.77,8.36,8.4,13246400.0,0.0,0.0
2009-01-12,8.36,8.54,8.29,8.49,13730400.0,0.0,0.0
2009-01-13,8.43,8.63,8.31,8.38,15579200.0,0.0,0.0
2009-01-14,8.16,8.2,7.82,7.9,27404000.0,0.0,0.0
2009-01-15,7.9,8.02,7.74,7.95,16433600.0,0.0,0.0
2009-01-16,8.02,8.02,7.77,7.92,14116800.0,0.0,0.0
2009-01-20,7.81,7.95,7.45,7.47,14745600.0,0.0,0.0
2009-01-21,7.57,7.74,7.37,7.73,13943600.0,0.0,0.0
2009-01-22,7.62,7.93,7.48,7.72,14369600.0,0.0,0.0
2009-01-23,7.58,7.83,7.46,7.73,11378800.0,0.0,0.0
2009-01-26,7.75,7.97,7.62,7.73,8005200.0,0.0,0.0
2009-01-27,7.77,7.81,7.59,7.7,9689200.0,0.0,0.0
2009-01-28,7.84,8.19,7.84,8.06,11910800.0,0.0,0.0
2009-01-29,7.98,8.07,7.76,7.79,8737600.0,0.0,0.0
2009-01-30,7.84,7.87,7.61,7.66,10670000.0,0.0,0.0
2009-02-02,7.55,7.67,7.42,7.52,10016400.0,0.0,0.0
2009-02-03,7.56,7.87,7.47,7.84,11098400.0,0.0,0.0
2009-02-04,7.86,7.86,7.66,7.75,15054800.0,0.0,0.0
2009-02-05,7.75,8.03,7.67,7.99,14454000.0,0.0,0.0
2009-02-06,8.01,8.32,7.92,8.24,13866800.0,0.0,0.0
2009-02-09,8.25,8.25,7.98,8.09,11381200.0,0.0,0.0
2009-02-10,8.0,8.09,7.58,7.63,18016400.0,0.0,0.0
2009-02-11,7.68,7.68,7.34,7.5,23980000.0,0.0,0.0
2009-02-12,7.4,7.55,7.27,7.53,14872800.0,0.0,0.0
2009-02-13,7.49,7.62,7.32,7.35,12082400.0,0.0,0.0
2009-02-17,7.23,7.23,7.0,7.1,22278000.0,0.0,0.0
2009-02-18,7.16,7.44,7.1,7.37,23450400.0,0.0,0.0
2009-02-19,7.44,7.51,7.17,7.25,13044400.0,0.0,0.0
2009-02-20,7.16,7.34,7.1,7.27,12084000.0,0.0,0.0
2009-02-23,7.36,7.43,7.01,7.04,12916800.0,0.0,0.0
2009-02-24,7.05,7.3,6.85,7.27,13858000.0,0.0,0.0
2009-02-25,7.22,7.31,7.04,7.14,15884800.0,0.0,0.0
2009-02-26,7.19,7.2,6.94,6.95,12648800.0,0.0,0.0
2009-02-27,6.81,7.14,6.79,7.03,18738400.0,0.0,0.0
2009-03-02,6.91,6.99,6.71,6.73,17423200.0,0.0,0.0
2009-03-03,6.83,6.98,6.78,6.78,17107600.0,0.0,0.0
2009-03-04,6.9,7.33,6.9,7.2,16695200.0,0.0,0.0
2009-03-05,7.17,7.27,6.84,6.92,23676800.0,0.25,0.0
2009-03-06,6.98,7.09,6.76,6.92,23967200.0,0.0,0.0
2009-03-09,6.82,6.95,6.63,6.69,20695200.0,0.0,0.0
2009-03-10,6.76,7.28,6.76,7.21,22955600.0,0.0,0.0
2009-03-11,7.28,7.62,7.24,7.53,19248000.0,0.0,0.0
2009-03-12,7.53,7.77,7.35,7.73,18112400.0,0.0,0.0
2009-03-13,7.76,7.77,7.5,7.74,19899600.0,0.0,0.0
2009-03-16,7.8,7.82,7.56,7.61,16622800.0,0.0,0.0
2009-03-17,7.6,7.91,7.55,7.87,21866400.0,0.0,0.0
2009-03-18,7.97,8.07,7.79,7.96,23451600.0,0.0,0.0
2009-03-19,7.59,8.15,7.5,8.06,32281600.0,0.0,0.0
2009-03-20,8.14,8.3,7.68,7.81,24951200.0,0.0,0.0
2009-03-23,7.97,8.27,7.78,8.26,14384800.0,0.0,0.0
2009-03-24,8.1,8.18,7.87,7.91,12832000.0,0.0,0.0
2009-03-25,8.0,8.19,7.83,8.04,13444000.0,0.0,0.0
2009-03-26,8.09,8.37,8.07,8.25,14117600.0,0.0,0.0
2009-03-27,8.22,8.26,8.08,8.12,7961600.0,0.0,0.0
2009-03-30,7.97,8.05,7.81,8.02,13288800.0,0.0,0.0
2009-03-31,8.1,8.26,7.94,8.13,17907600.0,0.0,0.0
2009-04-01,8.01,8.18,7.91,8.15,13006800.0,0.0,0.0
2009-04-02,8.25,8.9,8.25,8.75,23882000.0,0.0,0.0
2009-04-03,8.71,9.0,8.7,8.99,14375600.0,0.0,0.0
2009-04-06,8.89,8.93,8.75,8.89,11080000.0,0.0,0.0
2009-04-07,8.73,8.73,8.58,8.64,11580000.0,0.0,0.0
2009-04-08,8.66,8.78,8.57,8.71,13103200.0,0.0,0.0
2009-04-09,8.89,9.28,8.77,9.24,18044400.0,0.0,0.0
2009-04-13,9.14,9.27,8.94,9.21,13202000.0,0.0,0.0
2009-04-14,9.12,9.12,8.7,8.91,16975600.0,0.0,0.0
2009-04-15,8.91,9.05,8.85,9.03,11099600.0,0.0,0.0
2009-04-16,9.05,9.38,9.0,9.32,11566000.0,0.0,0.0
2009-04-17,9.37,9.54,9.23,9.47,13864000.0,0.0,0.0
2009-04-20,9.34,9.34,9.02,9.08,9961200.0,0.0,0.0
2009-04-21,9.07,9.3,9.02,9.24,10292400.0,0.0,0.0
2009-04-22,9.17,9.71,9.06,9.54,14134400.0,0.0,0.0
2009-04-23,9.54,9.61,9.23,9.43,12211600.0,0.0,0.0
2009-04-24,9.49,9.58,9.37,9.49,8396000.0,0.0,0.0
2009-04-27,9.36,9.58,9.29,9.38,9206400.0,0.0,0.0
2009-04-28,9.26,9.76,9.26,9.64,9880400.0,0.0,0.0
2009-04-29,9.64,9.67,9.1,9.18,21858000.0,0.0,0.0
2009-04-30,9.28,9.54,9.05,9.1,19326400.0,0.0,0.0
2009-05-01,9.17,9.25,9.1,9.17,13902000.0,0.0,0.0
2009-05-04,9.17,9.58,9.17,9.58,14549600.0,0.0,0.0
2009-05-05,9.43,9.57,9.42,9.54,13247600.0,0.0,0.0
2009-05-06,9.61,9.67,9.4,9.47,14808400.0,0.0,0.0
2009-05-07,9.59,9.65,9.09,9.2,18546400.0,0.0,0.0
2009-05-08,9.32,9.51,9.02,9.43,11371600.0,0.0,0.0
2009-05-11,9.29,9.33,9.15,9.21,15055600.0,0.0,0.0
2009-05-12,9.1,9.16,8.71,8.84,24275200.0,0.0,0.0
2009-05-13,8.74,8.74,8.45,8.59,18298800.0,0.0,0.0
2009-05-14,8.56,8.91,8.56,8.83,16698000.0,0.0,0.0
2009-05-15,8.68,8.95,8.61,8.63,14714800.0,0.0,0.0
2009-05-18,8.69,8.89,8.67,8.88,10860000.0,0.0,0.0
2009-05-19,8.93,9.12,8.76,9.02,14625600.0,0.0,0.0
2009-05-20,9.07,9.11,8.76,8.79,14862800.0,0.0,0.0
2009-05-21,8.73,8.92,8.68,8.9,15340800.0,0.0,0.0
2009-05-22,8.9,9.17,8.87,9.09,14839200.0,0.0,0.0
2009-05-26,9.01,9.46,9.01,9.39,16771200.0,0.0,0.0
2009-05-27,9.39,9.59,9.33,9.43,15127200.0,0.0,0.0
2009-05-28,9.44,9.6,9.29,9.55,15040400.0,0.0,0.0
2009-05-29,9.58,9.91,9.48,9.89,16568800.0,0.0,0.0
2009-06-01,10.03,10.39,9.98,10.27,17614400.0,0.0,0.0
2009-06-02,10.23,10.28,10.01,10.03,18942400.0,0.0,0.0
2009-06-03,9.95,10.09,9.85,10.08,14018400.0,0.0,0.0
2009-06-04,10.26,10.26,9.99,10.15,13098000.0,0.25,0.0
2009-06-05,10.34,10.43,10.22,10.28,16451200.0,0.0,0.0
2009-06-08,10.25,10.34,10.1,10.23,10683200.0,0.0,0.0
2009-06-09,10.23,10.4,10.17,10.35,9716400.0,0.0,0.0
2009-06-10,10.38,10.42,9.92,10.06,23840000.0,0.0,0.0
2009-06-11,10.08,10.21,9.98,9.99,15452000.0,0.0,0.0
2009-06-12,9.95,10.05,9.82,9.99,15486400.0,0.0,0.0
2009-06-15,9.95,9.96,9.77,9.87,12912800.0,0.0,0.0
2009-06-16,9.87,10.01,9.73,9.76,9774000.0,0.0,0.0
2009-06-17,9.73,9.8,9.59,9.64,13586400.0,0.0,0.0
2009-06-18,9.74,10.13,9.65,9.93,17699600.0,0.0,0.0
2009-06-19,10.02,10.22,9.97,10.0,15353200.0,0.0,0.0
2009-06-22,9.91,9.91,9.72,9.75,12300000.0,0.0,0.0
2009-06-23,9.74,9.75,9.41,9.44,16074000.0,0.0,0.0
2009-06-24,9.52,9.59,9.31,9.35,20202000.0,0.0,0.0
2009-06-25,8.93,9.1,8.85,9.05,59606800.0,0.0,0.0
2009-06-26,8.95,9.06,8.91,8.97,21366800.0,0.0,0.0
2009-06-29,9.02,9.2,8.96,9.13,13824800.0,0.0,0.0
2009-06-30,9.15,9.26,9.05,9.13,11700400.0,0.0,0.0
2009-07-01,9.2,9.35,9.06,9.25,12364800.0,0.0,0.0
2009-07-02,9.13,9.14,9.01,9.01,15326400.0,0.0,0.0
2009-07-06,8.95,9.23,8.95,9.16,14878800.0,0.0,0.0
2009-07-07,9.12,9.15,8.98,9.03,12185600.0,0.0,0.0
2009-07-08,8.99,9.12,8.95,9.09,10413600.0,0.0,0.0
2009-07-09,9.15,9.15,8.96,9.01,8537600.0,0.0,0.0
2009-07-10,8.94,9.14,8.93,9.05,9436000.0,0.0,0.0
2009-07-13,9.08,9.16,8.96,9.09,12468800.0,0.0,0.0
2009-07-14,9.08,9.22,9.03,9.16,8017200.0,0.0,0.0
2009-07-15,9.23,9.35,9.05,9.34,15544400.0,0.0,0.0
2009-07-16,9.31,9.43,9.17,9.38,13356000.0,0.0,0.0
2009-07-17,9.38,9.38,9.17,9.25,13101200.0,0.0,0.0
2009-07-20,9.28,9.39,9.19,9.32,10645600.0,0.0,0.0
2009-07-21,9.43,9.43,9.12,9.19,11007200.0,0.0,0.0
2009-07-22,9.17,9.25,9.07,9.09,14300800.0,0.0,0.0
2009-07-23,9.08,9.19,9.0,9.02,21532800.0,0.0,0.0
2009-07-24,9.02,9.25,8.92,9.2,14730800.0,0.0,0.0
2009-07-27,9.21,9.24,9.11,9.24,6276400.0,0.0,0.0
2009-07-28,9.17,9.34,9.07,9.33,10552800.0,0.0,0.0
2009-07-29,9.26,9.61,9.24,9.59,21214800.0,0.0,0.0
2009-07-30,9.69,9.97,9.63,9.89,20059600.0,0.0,0.0
2009-07-31,9.82,10.19,9.8,9.99,21796800.0,0.0,0.0
2009-08-03,10.05,10.07,9.92,9.99,13509600.0,0.0,0.0
2009-08-04,9.96,10.16,9.9,10.15,14842800.0,0.0,0.0
2009-08-05,10.15,10.26,10.01,10.06,16333200.0,0.0,0.0
2009-08-06,10.1,10.2,10.02,10.16,14561200.0,0.0,0.0
2009-08-07,10.22,10.28,10.08,10.24,11448000.0,0.0,0.0
2009-08-10,10.21,10.21,10.0,10.08,9543600.0,0.0,0.0
2009-08-11,10.04,10.07,9.88,10.02,7614400.0,0.0,0.0
2009-08-12,9.98,10.21,9.95,10.15,12197200.0,0.0,0.0
2009-08-13,10.12,10.2,10.05,10.2,8377600.0,0.0,0.0
2009-08-14,10.17,10.23,9.93,10.03,9124800.0,0.0,0.0
2009-08-17,9.89,9.96,9.73,9.78,10980800.0,0.0,0.0
2009-08-18,9.79,9.85,9.74,9.81,13312400.0,0.0,0.0
2009-08-19,9.72,10.04,9.72,10.01,11306000.0,0.0,0.0
2009-08-20,10.02,10.08,9.91,10.05,11903600.0,0.0,0.0
2009-08-21,9.88,9.97,9.74,9.82,22557200.0,0.0,0.0
2009-08-24,9.83,9.92,9.8,9.88,15237600.0,0.0,0.0
2009-08-25,9.93,9.96,9.72,9.73,18324800.0,0.0,0.0
2009-08-26,9.75,9.88,9.69,9.78,13399200.0,0.0,0.0
2009-08-27,9.8,10.08,9.67,10.02,19081600.0,0.0,0.0
2009-08-28,10.06,10.12,9.84,9.91,8578000.0,0.0,0.0
2009-08-31,9.86,9.88,9.73,9.77,7354400.0,0.0,0.0
2009-09-01,9.68,9.79,9.55,9.59,20162000.0,0.0,0.0
2009-09-02,9.55,9.58,9.39,9.4,17540800.0,0.0,0.0
2009-09-03,9.62,9.69,9.58,9.66,14086000.0,0.25,0.0
2009-09-04,9.68,9.78,9.6,9.75,9705600.0,0.0,0.0
2009-09-08,9.82,9.93,9.75,9.93,11600800.0,0.0,0.0
2009-09-09,9.87,9.97,9.8,9.95,15984000.0,0.0,0.0
2009-09-10,9.95,10.03,9.86,9.96,18652800.0,0.0,0.0
2009-09-11,9.99,10.05,9.84,9.89,17368000.0,0.0,0.0
2009-09-14,9.79,9.93,9.62,9.87,14298800.0,0.0,0.0
2009-09-15,9.84,9.89,9.7,9.83,14818400.0,0.0,0.0
2009-09-16,9.84,10.33,9.78,10.28,24346400.0,0.0,0.0
2009-09-17,10.25,10.57,10.22,10.44,14762000.0,0.0,0.0
2009-09-18,10.47,10.59,10.42,10.53,11525200.0,0.0,0.0
2009-09-21,10.44,10.67,10.37,10.53,9472400.0,0.0,0.0
2009-09-22,10.6,10.7,10.51,10.53,12374000.0,0.0,0.0
2009-09-23,10.57,10.65,10.47,10.48,43572000.0,0.0,0.0
2009-09-24,10.48,10.56,10.4,10.46,26221200.0,0.0,0.0
2009-09-25,10.49,10.76,10.48,10.54,17494400.0,0.0,0.0
2009-09-28,10.56,10.66,10.51,10.61,10106400.0,0.0,0.0
2009-09-29,10.65,10.82,10.63,10.8,34763200.0,0.0,0.0
2009-09-30,11.51,11.68,11.51,11.63,67174800.0,0.0,0.0
2009-10-01,11.51,11.58,11.24,11.24,33036000.0,0.0,0.0
2009-10-02,11.06,11.22,10.98,11.15,22568000.0,0.0,0.0
2009-10-05,11.12,11.31,11.1,11.29,11873200.0,0.0,0.0
2009-10-06,11.31,11.58,11.3,11.34,14605600.0,0.0,0.0
2009-10-07,11.31,11.46,11.29,11.4,8762400.0,0.0,0.0
2009-10-08,11.45,11.57,11.42,11.51,9364800.0,0.0,0.0
2009-10-09,11.53,11.54,11.33,11.43,8869600.0,0.0,0.0
2009-10-12,11.48,11.51,11.37,11.37,6200000.0,0.0,0.0
2009-10-13,11.37,11.48,11.33,11.45,7062000.0,0.0,0.0
2009-10-14,11.52,11.73,11.49,11.67,14631600.0,0.0,0.0
2009-10-15,11.64,11.69,11.53,11.68,14647200.0,0.0,0.0
2009-10-16,11.57,11.72,11.55,11.7,14616800.0,0.0,0.0
2009-10-19,11.69,11.93,11.58,11.88,18513200.0,0.0,0.0
2009-10-20,11.78,11.83,11.62,11.7,13559600.0,0.0,0.0
2009-10-21,11.7,11.83,11.63,11.64,13313200.0,0.0,0.0
2009-10-22,11.65,11.81,11.58,11.72,9990800.0,0.0,0.0
2009-10-23,11.69,11.71,11.42,11.54,12698000.0,0.0,0.0
2009-10-26,11.52,11.68,11.43,11.46,11814000.0,0.0,0.0
2009-10-27,11.44,11.63,11.24,11.52,15711600.0,0.0,0.0
2009-10-28,11.44,11.55,11.2,11.25,14820400.0,0.0,0.0
2009-10-29,11.33,11.53,11.25,11.45,10848800.0,0.0,0.0
2009-10-30,11.39,11.47,11.15,11.18,14672000.0,0.0,0.0
2009-11-02,11.21,11.44,11.12,11.24,11526400.0,0.0,0.0
2009-11-03,11.19,11.33,11.11,11.26,10989200.0,0.0,0.0
2009-11-04,11.29,11.47,11.14,11.28,8674800.0,0.0,0.0
2009-11-05,11.41,11.65,11.34,11.64,10578000.0,0.0,0.0
2009-11-06,11.62,11.65,11.48,11.61,7635200.0,0.0,0.0
2009-11-09,11.6,11.74,11.57,11.74,9146800.0,0.0,0.0
2009-11-10,11.75,11.81,11.51,11.59,9898000.0,0.0,0.0
2009-11-11,11.62,11.79,11.61,11.67,6680400.0,0.0,0.0
2009-11-12,11.67,11.76,11.47,11.52,6617200.0,0.0,0.0
2009-11-13,11.55,11.68,11.46,11.58,7310800.0,0.0,0.0
2009-11-16,11.62,11.93,11.6,11.88,10380000.0,0.0,0.0
2009-11-17,11.85,11.87,11.58,11.68,7854000.0,0.0,0.0
2009-11-18,11.65,11.65,11.47,11.58,8098000.0,0.0,0.0
2009-11-19,11.49,11.56,11.3,11.43,9852800.0,0.0,0.0
2009-11-20,11.39,11.52,11.27,11.49,12614400.0,0.0,0.0
2009-11-23,11.65,11.78,11.51,11.59,9432000.0,0.0,0.0
2009-11-24,11.63,11.7,11.56,11.6,6448800.0,0.0,0.0
2009-11-25,11.6,11.84,11.6,11.81,7986000.0,0.0,0.0
2009-11-27,11.6,11.76,11.51,11.69,4698800.0,0.0,0.0
2009-11-30,11.65,11.78,11.58,11.67,9260800.0,0.0,0.0
2009-12-01,11.73,11.88,11.64,11.76,7950400.0,0.0,0.0
2009-12-02,11.6,11.89,11.6,11.75,5936800.0,0.0,0.0
2009-12-03,11.93,11.99,11.8,11.82,11034800.0,0.27,0.0
2009-12-04,11.93,12.04,11.67,11.75,10180000.0,0.0,0.0
2009-12-07,11.75,11.88,11.75,11.8,8948000.0,0.0,0.0
2009-12-08,11.7,11.77,11.59,11.61,14510800.0,0.0,0.0
2009-12-09,11.61,11.61,11.29,11.32,23438000.0,0.0,0.0
2009-12-10,11.37,11.59,11.37,11.46,11972400.0,0.0,0.0
2009-12-11,11.55,11.73,11.53,11.67,10860000.0,0.0,0.0
2009-12-14,11.7,11.76,11.54,11.73,9257600.0,0.0,0.0
2009-12-15,11.69,11.9,11.63,11.76,9604800.0,0.0,0.0
2009-12-16,11.82,11.82,11.63,11.71,7639600.0,0.0,0.0
2009-12-17,11.62,11.71,11.53,11.56,11679600.0,0.0,0.0
2009-12-18,11.77,11.95,11.71,11.78,20323200.0,0.0,0.0
2009-12-21,11.79,11.93,11.78,11.86,7399200.0,0.0,0.0
2009-12-22,11.86,11.94,11.73,11.9,8238800.0,0.0,0.0
2009-12-23,11.89,11.98,11.86,11.96,6148400.0,0.0,0.0
2009-12-24,11.96,11.98,11.88,11.93,2302000.0,0.0,0.0
2009-12-28,11.93,11.98,11.84,11.97,5648000.0,0.0,0.0
2009-12-29,11.97,12.14,11.92,12.1,8083200.0,0.0,0.0
2009-12-30,12.04,12.11,12.01,12.09,6932000.0,0.0,0.0
2009-12-31,12.1,12.18,12.07,12.08,6347600.0,0.0,0.0
2010-01-04,12.08,12.08,11.9,11.95,11972400.0,0.0,0.0
2010-01-05,11.91,12.03,11.83,11.99,6275200.0,0.0,0.0
2010-01-06,11.95,12.01,11.87,11.92,13399200.0,0.0,0.0
2010-01-07,11.9,12.06,11.89,12.04,7187600.0,0.0,0.0
2010-01-08,12.03,12.04,11.87,12.01,7249600.0,0.0,0.0
2010-01-11,12.05,12.05,11.82,11.87,10678000.0,0.0,0.0
2010-01-12,11.81,11.9,11.75,11.85,11485600.0,0.0,0.0
2010-01-13,11.9,12.0,11.84,11.95,5648800.0,0.0,0.0
2010-01-14,11.97,12.03,11.84,11.88,7311600.0,0.0,0.0
2010-01-15,11.84,11.88,11.69,11.77,11293200.0,0.0,0.0
2010-01-19,11.74,11.85,11.69,11.83,7453200.0,0.0,0.0
2010-01-20,11.74,11.77,11.62,11.73,8008400.0,0.0,0.0
2010-01-21,11.76,11.76,11.52,11.63,13983200.0,0.0,0.0
2010-01-22,11.61,11.74,11.51,11.51,13320000.0,0.0,0.0
2010-01-25,11.58,11.71,11.57,11.64,10749600.0,0.0,0.0
2010-01-26,11.58,11.72,11.53,11.65,6711200.0,0.0,0.0
2010-01-27,11.64,11.73,11.56,11.7,13560400.0,0.0,0.0
2010-01-28,11.74,11.88,11.58,11.61,7158000.0,0.0,0.0
2010-01-29,11.63,11.82,11.62,11.65,10402400.0,0.0,0.0
2010-02-01,11.69,11.78,11.61,11.72,6407600.0,0.0,0.0
2010-02-02,11.75,11.75,11.63,11.69,9539200.0,0.0,0.0
2010-02-03,11.64,11.72,11.57,11.7,7889200.0,0.0,0.0
2010-02-04,11.61,11.65,11.34,11.35,17924800.0,0.0,0.0
2010-02-05,11.34,11.38,11.13,11.28,13110800.0,0.0,0.0
2010-02-08,11.26,11.36,11.19,11.21,8177200.0,0.0,0.0
2010-02-09,11.29,11.53,11.27,11.43,9438000.0,0.0,0.0
2010-02-10,11.43,11.51,11.38,11.45,7698400.0,0.0,0.0
2010-02-11,11.41,11.55,11.36,11.51,7010000.0,0.0,0.0
2010-02-12,11.43,11.43,11.28,11.42,11152000.0,0.0,0.0
2010-02-16,11.48,11.63,11.39,11.63,9628000.0,0.0,0.0
2010-02-17,11.68,11.82,11.63,11.79,10640400.0,0.0,0.0
2010-02-18,11.79,11.81,11.68,11.78,6468000.0,0.0,0.0
2010-02-19,11.72,11.81,11.7,11.76,9498000.0,0.0,0.0
2010-02-22,11.8,11.84,11.7,11.76,6864800.0,0.0,0.0
2010-02-23,11.75,11.8,11.63,11.72,7738800.0,0.0,0.0
2010-02-24,11.7,11.89,11.7,11.87,11618000.0,0.0,0.0
2010-02-25,11.88,12.12,11.7,12.09,15967600.0,0.0,0.0
2010-02-26,12.11,12.4,12.11,12.36,19633200.0,0.0,0.0
2010-03-01,12.41,12.56,12.36,12.47,10674000.0,0.0,0.0
2010-03-02,12.44,12.49,12.37,12.44,9844800.0,0.0,0.0
2010-03-03,12.38,12.42,12.29,12.36,8670400.0,0.0,0.0
2010-03-04,12.64,12.64,12.53,12.56,6306400.0,0.27,0.0
2010-03-05,12.6,12.73,12.6,12.69,7460000.0,0.0,0.0
2010-03-08,12.63,12.81,12.63,12.78,7084000.0,0.0,0.0
2010-03-09,12.77,12.85,12.73,12.8,6042400.0,0.0,0.0
2010-03-10,12.8,12.86,12.71,12.84,5592800.0,0.0,0.0
2010-03-11,12.84,12.98,12.76,12.96,6960000.0,0.0,0.0
2010-03-12,12.9,13.0,12.89,12.98,7208400.0,0.0,0.0
2010-03-15,12.96,13.14,12.95,13.08,9514000.0,0.0,0.0
2010-03-16,13.06,13.2,13.02,13.07,10107200.0,0.0,0.0
2010-03-17,13.08,13.25,13.06,13.17,14751600.0,0.0,0.0
2010-03-18,13.63,14.0,13.62,13.87,43696000.0,0.0,0.0
2010-03-19,13.79,13.81,13.58,13.66,18789600.0,0.0,0.0
2010-03-22,13.54,13.78,13.53,13.72,11696000.0,0.0,0.0
2010-03-23,13.82,13.86,13.74,13.84,8986000.0,0.0,0.0
2010-03-24,13.81,13.82,13.56,13.63,11069200.0,0.0,0.0
2010-03-25,13.78,13.89,13.66,13.67,11321600.0,0.0,0.0
2010-03-26,13.71,13.89,13.63,13.73,8661600.0,0.0,0.0
2010-03-29,13.78,13.81,13.67,13.74,6522400.0,0.0,0.0
2010-03-30,13.75,13.82,13.66,13.71,6461200.0,0.0,0.0
2010-03-31,13.65,13.76,13.61,13.65,7916000.0,0.0,0.0
2010-04-01,13.74,13.82,13.7,13.75,8376400.0,0.0,0.0
2010-04-05,13.78,13.9,13.68,13.77,7081600.0,0.0,0.0
2010-04-06,13.66,13.77,13.65,13.73,8428000.0,0.0,0.0
2010-04-07,13.74,13.78,13.62,13.67,8851200.0,0.0,0.0
2010-04-08,13.65,13.8,13.57,13.74,10410400.0,0.0,0.0
2010-04-09,13.78,13.98,13.68,13.97,12502000.0,0.0,0.0
2010-04-12,13.99,14.11,13.97,14.03,8867200.0,0.0,0.0
2010-04-13,14.01,14.1,13.89,14.03,7025200.0,0.0,0.0
2010-04-14,14.05,14.09,13.93,14.08,6804400.0,0.0,0.0
2010-04-15,14.04,14.08,13.93,14.05,7014400.0,0.0,0.0
2010-04-16,14.04,14.12,13.93,13.96,13739200.0,0.0,0.0
2010-04-19,13.92,14.08,13.79,14.04,8790400.0,0.0,0.0
2010-04-20,14.12,14.23,14.1,14.18,9584400.0,0.0,0.0
2010-04-21,14.19,14.33,14.15,14.25,10800800.0,0.0,0.0
2010-04-22,14.17,14.59,14.16,14.53,13848800.0,0.0,0.0
2010-04-23,14.46,14.57,14.36,14.47,10151200.0,0.0,0.0
2010-04-26,14.47,14.58,14.45,14.49,6050400.0,0.0,0.0
2010-04-27,14.43,14.58,14.23,14.26,11016800.0,0.0,0.0
2010-04-28,14.29,14.49,14.14,14.2,10812000.0,0.0,0.0
2010-04-29,14.32,14.43,14.25,14.41,9083600.0,0.0,0.0
2010-04-30,14.39,14.47,14.1,14.1,9869600.0,0.0,0.0
2010-05-03,14.12,14.56,14.1,14.45,8428400.0,0.0,0.0
2010-05-04,14.49,14.59,14.32,14.37,14530400.0,0.0,0.0
2010-05-05,14.28,14.36,13.88,13.97,17310400.0,0.0,0.0
2010-05-06,13.85,14.12,12.44,13.43,26330000.0,0.0,0.0
2010-05-07,13.25,13.46,12.96,13.12,21502400.0,0.0,0.0
2010-05-10,13.73,14.26,13.7,14.24,26477600.0,0.0,0.0
2010-05-11,14.08,14.32,14.07,14.2,13755200.0,0.0,0.0
2010-05-12,14.25,14.49,14.12,14.46,9956000.0,0.0,0.0
2010-05-13,14.42,14.49,14.0,14.03,20976800.0,0.0,0.0
2010-05-14,13.86,13.93,13.59,13.7,19014000.0,0.0,0.0
2010-05-17,13.7,13.72,13.38,13.68,16944400.0,0.0,0.0
2010-05-18,13.78,13.93,13.5,13.55,18855600.0,0.0,0.0
2010-05-19,13.48,13.51,13.19,13.42,23478800.0,0.0,0.0
2010-05-20,13.1,13.3,12.92,13.06,25056400.0,0.0,0.0
2010-05-21,12.84,13.33,12.66,13.26,17064000.0,0.0,0.0
2010-05-24,13.22,13.36,13.14,13.25,22684400.0,0.0,0.0
2010-05-25,13.02,13.56,12.87,13.54,21164000.0,0.0,0.0
2010-05-26,13.66,13.68,13.36,13.47,16727200.0,0.0,0.0
2010-05-27,13.61,13.74,13.52,13.73,14743600.0,0.0,0.0
2010-05-28,13.68,13.72,13.37,13.45,15556800.0,0.0,0.0
2010-06-01,13.27,13.49,13.13,13.22,14684000.0,0.0,0.0
2010-06-02,13.25,13.57,13.25,13.56,12660800.0,0.0,0.0
2010-06-03,13.8,13.93,13.75,13.88,11356800.0,0.27,0.0
2010-06-04,13.64,13.66,13.23,13.34,15403600.0,0.0,0.0
2010-06-07,13.3,13.39,13.1,13.12,11056400.0,0.0,0.0
2010-06-08,13.12,13.28,12.94,13.25,12263200.0,0.0,0.0
2010-06-09,13.3,13.45,13.14,13.2,12914000.0,0.0,0.0
2010-06-10,13.42,13.68,13.41,13.53,11831200.0,0.0,0.0
2010-06-11,13.44,13.7,13.39,13.64,8808400.0,0.0,0.0
2010-06-14,13.67,13.75,13.56,13.62,8746400.0,0.0,0.0
2010-06-15,13.63,13.95,13.63,13.95,8697600.0,0.0,0.0
2010-06-16,13.83,14.05,13.78,13.92,12700400.0,0.0,0.0
2010-06-17,14.03,14.08,13.88,14.06,11802400.0,0.0,0.0
2010-06-18,14.1,14.18,14.04,14.13,11196400.0,0.0,0.0
2010-06-21,14.23,14.31,13.92,14.02,11192000.0,0.0,0.0
2010-06-22,14.04,14.14,13.61,13.66,10388000.0,0.0,0.0
2010-06-23,13.7,13.8,13.48,13.67,11658800.0,0.0,0.0
2010-06-24,13.2,13.32,13.05,13.13,36104000.0,0.0,0.0
2010-06-25,13.17,13.29,12.99,13.22,18090000.0,0.0,0.0
2010-06-28,13.29,13.36,13.13,13.29,12720400.0,0.0,0.0
2010-06-29,13.13,13.14,12.72,12.85,23320800.0,0.0,0.0
2010-06-30,12.81,13.04,12.69,12.74,18551200.0,0.0,0.0
2010-07-01,12.8,12.92,12.59,12.83,20482400.0,0.0,0.0
2010-07-02,12.86,13.0,12.71,12.79,11626800.0,0.0,0.0
2010-07-06,12.86,13.04,12.51,12.67,16874800.0,0.0,0.0
2010-07-07,12.72,12.93,12.63,12.93,17171600.0,0.0,0.0
2010-07-08,13.05,13.29,13.01,13.25,17801600.0,0.0,0.0
2010-07-09,13.23,13.24,13.11,13.23,10962400.0,0.0,0.0
2010-07-12,13.19,13.29,13.06,13.16,8889600.0,0.0,0.0
2010-07-13,13.27,13.37,13.2,13.29,12129600.0,0.0,0.0
2010-07-14,13.23,13.31,13.1,13.3,11656000.0,0.0,0.0
2010-07-15,13.26,13.35,13.08,13.32,14103200.0,0.0,0.0
2010-07-16,13.26,13.32,12.95,13.0,13703600.0,0.0,0.0
2010-07-19,13.04,13.1,12.86,12.94,9580000.0,0.0,0.0
2010-07-20,12.8,13.2,12.75,13.17,14804000.0,0.0,0.0
2010-07-21,13.22,13.4,13.07,13.13,15788800.0,0.0,0.0
2010-07-22,13.27,13.6,13.27,13.49,13528000.0,0.0,0.0
2010-07-23,13.48,13.79,13.42,13.72,11518800.0,0.0,0.0
2010-07-26,13.71,13.94,13.67,13.81,10491600.0,0.0,0.0
2010-07-27,13.9,13.92,13.73,13.89,10412400.0,0.0,0.0
2010-07-28,13.88,13.96,13.74,13.78,8456400.0,0.0,0.0
2010-07-29,13.89,13.97,13.7,13.86,9664400.0,0.0,0.0
2010-07-30,13.77,13.94,13.7,13.88,8702800.0,0.0,0.0
2010-08-02,14.03,14.14,13.94,14.01,10268000.0,0.0,0.0
2010-08-03,13.99,13.99,13.74,13.78,12723600.0,0.0,0.0
2010-08-04,13.8,14.02,13.79,13.95,12157600.0,0.0,0.0
2010-08-05,13.85,14.02,13.82,13.96,8065600.0,0.0,0.0
2010-08-06,13.84,13.97,13.72,13.95,7698800.0,0.0,0.0
2010-08-09,13.98,14.14,13.93,13.98,7893600.0,0.0,0.0
2010-08-10,13.84,14.03,13.73,13.94,9386400.0,0.0,0.0
2010-08-11,13.72,13.72,13.48,13.59,12152000.0,0.0,0.0
2010-08-12,13.39,13.54,13.33,13.49,9752000.0,0.0,0.0
2010-08-13,13.46,13.48,13.29,13.31,8794400.0,0.0,0.0
2010-08-16,13.22,13.48,13.16,13.4,9525600.0,0.0,0.0
2010-08-17,13.53,13.71,13.48,13.52,10123600.0,0.0,0.0
2010-08-18,13.52,13.71,13.38,13.62,8782800.0,0.0,0.0
2010-08-19,13.54,13.58,13.3,13.45,9880800.0,0.0,0.0
2010-08-20,13.34,13.46,13.29,13.44,7151600.0,0.0,0.0
2010-08-23,13.51,13.65,13.38,13.38,7856000.0,0.0,0.0
2010-08-24,13.2,13.34,13.09,13.21,10616000.0,0.0,0.0
2010-08-25,13.09,13.27,12.88,13.22,12604400.0,0.0,0.0
2010-08-26,13.32,13.52,13.26,13.27,13606400.0,0.0,0.0
2010-08-27,13.34,13.42,13.14,13.38,10624800.0,0.0,0.0
2010-08-30,13.33,13.46,13.19,13.27,10087600.0,0.0,0.0
2010-08-31,13.2,13.34,13.12,13.2,11941600.0,0.0,0.0
2010-09-01,13.41,13.62,13.35,13.6,13737200.0,0.0,0.0
2010-09-02,13.8,13.99,13.74,13.97,9632000.0,0.27,0.0
2010-09-03,14.11,14.25,14.02,14.21,12278000.0,0.0,0.0
2010-09-07,14.12,14.25,14.12,14.17,8101200.0,0.0,0.0
2010-09-08,14.21,14.3,14.15,14.19,9198000.0,0.0,0.0
2010-09-09,14.32,14.36,14.09,14.15,7006800.0,0.0,0.0
2010-09-10,14.19,14.33,14.1,14.12,8159200.0,0.0,0.0
2010-09-13,14.24,14.41,14.24,14.29,9858400.0,0.0,0.0
2010-09-14,14.25,14.52,14.24,14.41,9995200.0,0.0,0.0
2010-09-15,14.38,14.68,14.34,14.65,15811600.0,0.0,0.0
2010-09-16,14.6,14.71,14.53,14.67,8692800.0,0.0,0.0
2010-09-17,14.73,14.84,14.64,14.79,12146400.0,0.0,0.0
2010-09-20,14.8,15.13,14.79,15.0,15101600.0,0.0,0.0
2010-09-21,14.92,14.94,14.78,14.87,13273600.0,0.0,0.0
2010-09-22,14.83,14.93,14.68,14.8,10488800.0,0.0,0.0
2010-09-23,14.72,14.95,14.66,14.87,17721600.0,0.0,0.0
2010-09-24,15.57,15.64,15.21,15.23,33384400.0,0.0,0.0
2010-09-27,15.2,15.22,14.96,15.14,18776000.0,0.0,0.0
2010-09-28,15.14,15.47,15.04,15.44,21709600.0,0.0,0.0
2010-09-29,15.36,15.39,15.17,15.3,14574000.0,0.0,0.0
2010-09-30,15.32,15.47,15.22,15.34,13493200.0,0.0,0.0
2010-10-01,15.5,15.5,15.28,15.36,14170000.0,0.0,0.0
2010-10-04,15.3,15.36,15.13,15.29,10353200.0,0.0,0.0
2010-10-05,15.43,15.59,15.36,15.56,13471200.0,0.0,0.0
2010-10-06,15.51,15.56,15.47,15.56,9634400.0,0.0,0.0
2010-10-07,15.56,15.57,15.37,15.5,12183600.0,0.0,0.0
2010-10-08,15.49,15.81,15.49,15.7,19038400.0,0.0,0.0
2010-10-11,15.62,15.75,15.6,15.69,9902800.0,0.0,0.0
2010-10-12,15.89,15.96,15.66,15.68,22497200.0,0.0,0.0
2010-10-13,15.77,15.84,15.6,15.7,10490800.0,0.0,0.0
2010-10-14,15.64,15.75,15.57,15.65,9410000.0,0.0,0.0
2010-10-15,15.75,15.78,15.62,15.7,8276800.0,0.0,0.0
2010-10-18,15.7,15.72,15.6,15.63,6297600.0,0.0,0.0
2010-10-19,15.4,15.61,15.33,15.45,10816400.0,0.0,0.0
2010-10-20,15.51,15.63,15.48,15.55,7533200.0,0.0,0.0
2010-10-21,15.62,15.86,15.6,15.72,11593200.0,0.0,0.0
2010-10-22,15.72,15.8,15.64,15.68,4240400.0,0.0,0.0
2010-10-25,15.81,15.89,15.7,15.71,8882800.0,0.0,0.0
2010-10-26,15.63,15.74,15.55,15.66,10289600.0,0.0,0.0
2010-10-27,15.55,15.57,15.36,15.51,8974000.0,0.0,0.0
2010-10-28,15.56,15.64,15.42,15.53,6505600.0,0.0,0.0
2010-10-29,15.49,15.6,15.44,15.59,8051600.0,0.0,0.0
2010-11-01,15.67,15.7,15.43,15.52,7583200.0,0.0,0.0
2010-11-02,15.66,15.74,15.6,15.65,7117600.0,0.0,0.0
2010-11-03,15.64,15.73,15.5,15.66,7029200.0,0.0,0.0
2010-11-04,15.83,15.98,15.77,15.97,9876000.0,0.0,0.0
2010-11-05,15.93,16.1,15.93,16.1,9038800.0,0.0,0.0
2010-11-08,16.01,16.05,15.88,16.0,7300400.0,0.0,0.0
2010-11-09,16.01,16.02,15.86,15.93,9705200.0,0.0,0.0
2010-11-10,15.91,16.08,15.85,16.06,8811200.0,0.0,0.0
2010-11-11,15.95,16.04,15.89,16.02,6689600.0,0.0,0.0
2010-11-12,15.92,16.01,15.7,15.81,7630400.0,0.0,0.0
2010-11-15,15.87,15.88,15.64,15.66,7975600.0,0.0,0.0
2010-11-16,15.62,15.74,15.36,15.41,12930800.0,0.0,0.0
2010-11-17,15.46,15.68,15.42,15.58,10762000.0,0.0,0.0
2010-11-18,15.73,15.88,15.73,15.79,8432000.0,0.0,0.0
2010-11-19,15.86,16.52,15.86,16.43,19276800.0,0.0,0.0
2010-11-22,16.29,16.46,16.29,16.45,7275600.0,0.0,0.0
2010-11-23,16.28,16.44,16.25,16.32,6632000.0,0.0,0.0
2010-11-24,16.35,16.65,16.35,16.56,8905600.0,0.0,0.0
2010-11-26,16.52,16.58,16.44,16.45,4050400.0,0.0,0.0
2010-11-29,16.35,16.35,16.06,16.3,9700400.0,0.0,0.0
2010-11-30,16.17,16.58,16.15,16.49,13166000.0,0.0,0.0
2010-12-01,16.75,16.9,16.73,16.78,7963600.0,0.0,0.0
2010-12-02,17.06,17.09,16.88,17.05,6449200.0,0.31,0.0
2010-12-03,16.99,17.08,16.86,17.0,8116400.0,0.0,0.0
2010-12-06,16.99,17.08,16.9,17.03,4806400.0,0.0,0.0
2010-12-07,17.16,17.17,16.92,16.93,7686800.0,0.0,0.0
2010-12-08,16.98,17.02,16.78,16.95,5462800.0,0.0,0.0
2010-12-09,17.11,17.18,16.94,16.98,6420400.0,0.0,0.0
2010-12-10,17.04,17.16,16.99,17.05,5095200.0,0.0,0.0
2010-12-13,17.4,17.58,17.28,17.33,12956400.0,0.0,0.0
2010-12-14,17.28,17.42,17.19,17.33,7558800.0,0.0,0.0
2010-12-15,17.33,17.4,17.17,17.2,7000800.0,0.0,0.0
2010-12-16,17.19,17.33,17.04,17.33,7224400.0,0.0,0.0
2010-12-17,17.35,17.54,17.33,17.48,11552400.0,0.0,0.0
2010-12-20,17.58,17.64,17.4,17.53,8692800.0,0.0,0.0
2010-12-21,17.67,17.96,17.57,17.92,25000000.0,0.0,0.0
2010-12-22,16.89,17.13,16.81,16.88,33224000.0,0.0,0.0
2010-12-23,16.88,16.89,16.59,16.71,13772800.0,0.0,0.0
2010-12-27,16.69,16.71,16.6,16.66,6373600.0,0.0,0.0
2010-12-28,16.74,16.85,16.72,16.76,8459600.0,0.0,0.0
2010-12-29,16.8,16.8,16.55,16.56,6960400.0,0.0,0.0
2010-12-30,16.56,16.72,16.53,16.65,5910000.0,0.0,0.0
2010-12-31,16.58,16.67,16.53,16.59,5796000.0,0.0,0.0
2011-01-03,16.66,16.81,16.55,16.72,8566400.0,0.0,0.0
2011-01-04,16.62,16.65,16.26,16.3,13797600.0,0.0,0.0
2011-01-05,16.24,16.47,16.21,16.41,11598800.0,0.0,0.0
2011-01-06,16.4,16.41,16.22,16.26,8057200.0,0.0,0.0
2011-01-07,16.25,16.3,16.17,16.22,8174400.0,0.0,0.0
2011-01-10,16.16,16.4,16.13,16.34,8914400.0,0.0,0.0
2011-01-11,16.35,16.46,16.24,16.31,5563200.0,0.0,0.0
2011-01-12,16.39,16.4,16.25,16.26,9653600.0,0.0,0.0
2011-01-13,16.28,16.28,16.01,16.03,9774400.0,0.0,0.0
2011-01-14,16.04,16.37,15.99,16.32,8390800.0,0.0,0.0
2011-01-18,16.39,16.5,16.28,16.32,9024400.0,0.0,0.0
2011-01-19,16.33,16.34,16.08,16.24,10901200.0,0.0,0.0
2011-01-20,16.15,16.24,16.02,16.13,9431200.0,0.0,0.0
2011-01-21,16.21,16.22,15.96,15.98,7430400.0,0.0,0.0
2011-01-24,15.92,16.1,15.82,16.05,8115600.0,0.0,0.0
2011-01-25,16.03,16.11,15.91,16.09,7434000.0,0.0,0.0
2011-01-26,16.14,16.34,16.07,16.31,10357600.0,0.0,0.0
2011-01-27,16.32,16.38,16.06,16.07,9769600.0,0.0,0.0
2011-01-28,16.1,16.11,15.79,15.82,8968000.0,0.0,0.0
2011-01-31,15.83,16.03,15.73,16.01,7680800.0,0.0,0.0
2011-02-01,16.07,16.25,16.04,16.22,9705200.0,0.0,0.0
2011-02-02,16.2,16.3,16.14,16.29,7764400.0,0.0,0.0
2011-02-03,16.23,16.37,16.19,16.27,10352400.0,0.0,0.0
2011-02-04,16.31,16.68,16.27,16.65,9636400.0,0.0,0.0
2011-02-07,16.66,16.85,16.63,16.8,8380800.0,0.0,0.0
2011-02-08,16.83,16.86,16.73,16.84,6836800.0,0.0,0.0
2011-02-09,16.84,17.03,16.79,16.94,8368800.0,0.0,0.0
2011-02-10,16.88,16.98,16.75,16.85,6752400.0,0.0,0.0
2011-02-11,16.79,16.84,16.69,16.74,7392800.0,0.0,0.0
2011-02-14,16.76,16.8,16.59,16.65,7376000.0,0.0,0.0
2011-02-15,16.56,16.62,16.43,16.61,8109600.0,0.0,0.0
2011-02-16,16.6,16.69,16.53,16.65,8908800.0,0.0,0.0
2011-02-17,16.45,16.71,16.39,16.71,11937200.0,0.0,0.0
2011-02-18,16.79,17.25,16.7,17.25,14709200.0,0.0,0.0
2011-02-22,17.01,17.15,16.87,16.94,10978800.0,0.0,0.0
2011-02-23,16.87,17.05,16.66,16.73,11854400.0,0.0,0.0
2011-02-24,16.68,16.88,16.6,16.8,8765200.0,0.0,0.0
2011-02-25,16.83,17.14,16.8,17.08,8998400.0,0.0,0.0
2011-02-28,17.14,17.31,17.08,17.29,10352800.0,0.0,0.0
2011-03-01,17.41,17.44,16.99,17.03,13718400.0,0.0,0.0
2011-03-02,17.02,17.33,16.94,17.15,9465200.0,0.0,0.0
2011-03-03,17.51,17.72,17.51,17.69,10421200.0,0.31,0.0
2011-03-04,17.69,17.72,17.59,17.7,10181600.0,0.0,0.0
2011-03-07,17.72,17.94,17.38,17.51,16266400.0,0.0,0.0
2011-03-08,17.56,17.66,17.49,17.56,9622000.0,0.0,0.0
2011-03-09,17.48,17.66,17.38,17.52,9950400.0,0.0,0.0
2011-03-10,17.38,17.54,17.24,17.37,9078400.0,0.0,0.0
2011-03-11,17.23,17.25,16.83,17.17,14917200.0,0.0,0.0
2011-03-14,17.11,17.11,16.81,16.98,10236000.0,0.0,0.0
2011-03-15,16.67,16.9,16.54,16.8,9891200.0,0.0,0.0
2011-03-16,16.74,16.91,16.55,16.7,10024800.0,0.0,0.0
2011-03-17,16.85,16.88,16.64,16.82,13822000.0,0.0,0.0
2011-03-18,15.36,15.49,15.13,15.28,78895200.0,0.0,0.0
2011-03-21,15.29,15.35,15.09,15.13,23426000.0,0.0,0.0
2011-03-22,15.09,15.16,13.67,14.86,36628400.0,0.0,0.0
2011-03-23,14.8,15.3,14.78,15.21,48562000.0,0.0,0.0
2011-03-24,15.26,15.33,15.05,15.11,17726800.0,0.0,0.0
2011-03-25,15.13,15.28,15.09,15.1,18833600.0,0.0,0.0
2011-03-28,15.1,15.16,14.93,14.94,14793600.0,0.0,0.0
2011-03-29,14.99,15.09,14.89,15.04,15672400.0,0.0,0.0
2011-03-30,15.06,15.16,15.01,15.11,9911200.0,0.0,0.0
2011-03-31,15.06,15.09,14.89,14.91,13097200.0,0.0,0.0
2011-04-01,14.95,15.14,14.93,15.07,12892400.0,0.0,0.0
2011-04-04,15.12,15.27,15.04,15.24,9965200.0,0.0,0.0
2011-04-05,15.2,15.36,15.13,15.35,12783200.0,0.0,0.0
2011-04-06,15.49,15.56,15.41,15.49,15684000.0,0.0,0.0
2011-04-07,15.49,15.49,15.17,15.38,14822800.0,0.0,0.0
2011-04-08,15.49,15.56,15.18,15.24,10769600.0,0.0,0.0
2011-04-11,15.21,15.39,15.21,15.39,8329200.0,0.0,0.0
2011-04-12,15.27,15.43,15.23,15.4,8850000.0,0.0,0.0
2011-04-13,15.4,15.66,15.39,15.64,12069600.0,0.0,0.0
2011-04-14,15.53,15.81,15.49,15.77,14087600.0,0.0,0.0
2011-04-15,15.83,15.83,15.49,15.5,13746800.0,0.0,0.0
2011-04-18,15.37,15.49,15.2,15.47,11543200.0,0.0,0.0
2011-04-19,15.49,15.67,15.46,15.5,10802800.0,0.0,0.0
2011-04-20,15.64,15.8,15.61,15.77,14865200.0,0.0,0.0
2011-04-21,15.88,15.88,15.72,15.79,8706000.0,0.0,0.0
2011-04-25,15.87,15.93,15.73,15.78,6976000.0,0.0,0.0
2011-04-26,15.77,15.87,15.64,15.75,7317600.0,0.0,0.0
2011-04-27,15.77,16.0,15.74,15.97,9981200.0,0.0,0.0
2011-04-28,15.97,16.29,15.87,16.26,10064000.0,0.0,0.0
2011-04-29,16.2,16.25,16.1,16.21,8844400.0,0.0,0.0
2011-05-02,16.3,16.44,16.15,16.2,12402400.0,0.0,0.0
2011-05-03,16.22,16.27,16.06,16.08,8710800.0,0.0,0.0
2011-05-04,16.24,16.34,16.03,16.3,11956000.0,0.0,0.0
2011-05-05,16.29,16.41,16.17,16.27,9631200.0,0.0,0.0
2011-05-06,16.38,16.43,16.1,16.15,9624800.0,0.0,0.0
2011-05-09,16.11,16.34,16.09,16.33,6536800.0,0.0,0.0
2011-05-10,16.39,16.48,16.29,16.44,10405600.0,0.0,0.0
2011-05-11,16.38,16.47,16.19,16.28,8601600.0,0.0,0.0
2011-05-12,16.27,16.68,16.23,16.66,10240800.0,0.0,0.0
2011-05-13,16.68,17.04,16.68,16.99,14448800.0,0.0,0.0
2011-05-16,16.88,16.99,16.74,16.79,10656800.0,0.0,0.0
2011-05-17,16.7,16.74,16.54,16.72,9972400.0,0.0,0.0
2011-05-18,16.72,16.86,16.65,16.71,9857600.0,0.0,0.0
2011-05-19,16.78,16.97,16.75,16.96,8239600.0,0.0,0.0
2011-05-20,17.01,17.03,16.62,16.75,10130400.0,0.0,0.0
2011-05-23,16.56,16.69,16.44,16.47,9112400.0,0.0,0.0
2011-05-24,16.5,16.69,16.47,16.61,5756000.0,0.0,0.0
2011-05-25,16.5,16.5,16.37,16.38,9230400.0,0.0,0.0
2011-05-26,16.38,16.59,16.34,16.56,6762000.0,0.0,0.0
2011-05-27,16.59,16.7,16.58,16.66,6079600.0,0.0,0.0
2011-05-31,16.71,16.73,16.51,16.63,8879200.0,0.0,0.0
2011-06-01,16.61,16.68,16.16,16.18,10124800.0,0.0,0.0
2011-06-02,16.37,16.51,16.21,16.23,11829200.0,0.31,0.0
2011-06-03,16.1,16.27,16.04,16.07,11259200.0,0.0,0.0
2011-06-06,16.07,16.19,15.94,15.95,9092800.0,0.0,0.0
2011-06-07,16.03,16.46,16.03,16.38,13809200.0,0.0,0.0
2011-06-08,16.3,16.39,15.97,16.02,12223200.0,0.0,0.0
2011-06-09,16.05,16.26,16.04,16.13,9538800.0,0.0,0.0
2011-06-10,16.11,16.31,15.91,15.93,9920000.0,0.0,0.0
2011-06-13,15.95,16.37,15.93,16.1,10787600.0,0.0,0.0
2011-06-14,16.23,16.48,16.21,16.44,11731600.0,0.0,0.0
2011-06-15,16.31,16.38,15.98,16.07,11418800.0,0.0,0.0
2011-06-16,16.09,16.15,15.88,16.05,9092000.0,0.0,0.0
2011-06-17,16.16,16.31,16.16,16.22,10494400.0,0.0,0.0
2011-06-20,16.17,16.67,16.17,16.64,9140800.0,0.0,0.0
2011-06-21,16.63,16.96,16.61,16.9,9263200.0,0.0,0.0
2011-06-22,16.77,16.88,16.37,16.39,18370400.0,0.0,0.0
2011-06-23,16.27,16.47,16.12,16.43,17086000.0,0.0,0.0
2011-06-24,16.42,16.49,16.14,16.23,15564400.0,0.0,0.0
2011-06-27,16.18,16.55,16.18,16.32,22992800.0,0.0,0.0
2011-06-28,17.05,18.11,17.03,17.98,60456800.0,0.0,0.0
2011-06-29,17.93,18.07,17.63,17.95,25427600.0,0.0,0.0
2011-06-30,17.84,18.08,17.84,17.99,17715200.0,0.0,0.0
2011-07-01,17.93,18.39,17.88,18.36,16781200.0,0.0,0.0
2011-07-05,18.25,18.42,18.18,18.34,14938800.0,0.0,0.0
2011-07-06,18.27,18.49,18.27,18.46,14488000.0,0.0,0.0
2011-07-07,18.55,18.84,18.54,18.73,17198000.0,0.0,0.0
2011-07-08,18.59,18.66,18.45,18.64,12672400.0,0.0,0.0
2011-07-11,18.37,18.6,18.22,18.28,12599600.0,0.0,0.0
2011-07-12,18.25,18.39,18.13,18.24,7284000.0,0.0,0.0
2011-07-13,18.19,18.57,18.19,18.4,9458400.0,0.0,0.0
2011-07-14,18.43,18.58,18.24,18.39,10843200.0,0.0,0.0
2011-07-15,18.47,18.47,18.16,18.33,14330400.0,0.0,0.0
2011-07-18,18.18,18.31,18.09,18.12,11662400.0,0.0,0.0
2011-07-19,18.28,18.3,18.1,18.14,18579600.0,0.0,0.0
2011-07-20,18.17,18.19,18.03,18.12,9916000.0,0.0,0.0
2011-07-21,18.15,18.51,18.05,18.36,11621200.0,0.0,0.0
2011-07-22,18.4,18.45,18.28,18.34,7219200.0,0.0,0.0
2011-07-25,18.06,18.28,18.06,18.18,6965200.0,0.0,0.0
2011-07-26,18.2,18.26,18.03,18.06,7566800.0,0.0,0.0
2011-07-27,17.98,18.11,17.71,17.74,12686400.0,0.0,0.0
2011-07-28,17.77,18.27,17.77,18.09,14810400.0,0.0,0.0
2011-07-29,17.96,18.16,17.85,18.03,9905200.0,0.0,0.0
2011-08-01,18.08,18.09,17.6,17.86,10046800.0,0.0,0.0
2011-08-02,17.65,17.84,16.99,17.02,17061600.0,0.0,0.0
2011-08-03,17.06,17.42,16.58,17.41,15954400.0,0.0,0.0
2011-08-04,17.22,17.35,16.29,16.31,18850800.0,0.0,0.0
2011-08-05,16.5,16.9,16.06,16.77,21511200.0,0.0,0.0
2011-08-08,16.27,16.66,15.6,15.83,23861600.0,0.0,0.0
2011-08-09,16.07,16.53,15.39,16.5,21544000.0,0.0,0.0
2011-08-10,16.33,16.58,15.8,15.86,19309600.0,0.0,0.0
2011-08-11,15.93,16.87,15.86,16.65,14950400.0,0.0,0.0
2011-08-12,16.77,17.01,16.67,16.84,10663200.0,0.0,0.0
2011-08-15,16.92,17.03,16.55,17.02,10026800.0,0.0,0.0
2011-08-16,16.81,17.1,16.62,16.64,14041200.0,0.0,0.0
2011-08-17,16.73,16.91,16.36,16.51,12017200.0,0.0,0.0
2011-08-18,16.15,16.27,15.79,15.98,16644000.0,0.0,0.0
2011-08-19,15.78,16.29,15.7,15.71,12648800.0,0.0,0.0
2011-08-22,16.0,16.11,15.8,15.85,11138800.0,0.0,0.0
2011-08-23,15.91,16.72,15.82,16.71,12045600.0,0.0,0.0
2011-08-24,16.64,17.19,16.57,17.16,15281600.0,0.0,0.0
2011-08-25,17.17,17.29,16.69,16.75,12359600.0,0.0,0.0
2011-08-26,16.66,17.29,16.46,17.25,12230800.0,0.0,0.0
2011-08-29,17.42,17.72,17.36,17.7,11164000.0,0.0,0.0
2011-08-30,17.66,17.7,17.27,17.27,18831200.0,0.0,0.0
2011-08-31,17.4,17.7,17.23,17.33,13958000.0,0.0,0.0
2011-09-01,17.52,17.87,17.45,17.56,15754400.0,0.31,0.0
2011-09-02,17.22,17.41,17.0,17.05,10301200.0,0.0,0.0
2011-09-06,16.46,17.02,16.27,16.99,11293200.0,0.0,0.0
2011-09-07,17.25,17.55,17.07,17.55,11406000.0,0.0,0.0
2011-09-08,17.39,17.75,17.2,17.31,11198800.0,0.0,0.0
2011-09-09,17.13,17.32,16.73,16.73,14903200.0,0.0,0.0
2011-09-12,16.58,17.12,16.52,17.11,9916800.0,0.0,0.0
2011-09-13,17.12,17.52,17.05,17.41,11845600.0,0.0,0.0
2011-09-14,17.5,18.01,17.33,17.75,15416000.0,0.0,0.0
2011-09-15,17.9,17.93,17.6,17.86,11005600.0,0.0,0.0
2011-09-16,17.98,18.25,17.92,18.21,16175600.0,0.0,0.0
2011-09-19,17.9,18.36,17.86,18.3,14538000.0,0.0,0.0
2011-09-20,18.39,18.5,18.1,18.15,15854400.0,0.0,0.0
2011-09-21,18.1,18.18,17.35,17.39,20442800.0,0.0,0.0
2011-09-22,16.87,17.18,16.68,17.08,23763200.0,0.0,0.0
2011-09-23,17.81,18.25,17.58,17.98,36419200.0,0.0,0.0
2011-09-26,18.17,18.25,17.69,18.12,16838400.0,0.0,0.0
2011-09-27,18.34,18.78,18.25,18.37,17462800.0,0.0,0.0
2011-09-28,18.39,18.66,17.9,17.95,14258000.0,0.0,0.0
2011-09-29,18.21,18.26,17.33,17.85,14378000.0,0.0,0.0
2011-09-30,17.64,17.9,17.34,17.35,13958800.0,0.0,0.0
2011-10-03,17.23,17.48,16.84,16.85,14336000.0,0.0,0.0
2011-10-04,16.54,17.42,16.43,17.39,13781600.0,0.0,0.0
2011-10-05,17.43,17.9,17.31,17.81,14786400.0,0.0,0.0
2011-10-06,17.76,18.21,17.69,18.11,10604000.0,0.0,0.0
2011-10-07,18.11,18.23,17.77,17.88,10361600.0,0.0,0.0
2011-10-10,18.21,18.43,18.12,18.4,8209200.0,0.0,0.0
2011-10-11,18.21,18.4,18.14,18.23,8690400.0,0.0,0.0
2011-10-12,18.32,18.76,18.25,18.62,14055200.0,0.0,0.0
2011-10-13,18.54,18.76,18.44,18.7,8464800.0,0.0,0.0
2011-10-14,18.78,18.9,18.64,18.86,8570800.0,0.0,0.0
2011-10-17,18.72,18.84,18.4,18.46,8205600.0,0.0,0.0
2011-10-18,18.38,18.73,17.85,18.56,11126000.0,0.0,0.0
2011-10-19,18.6,18.76,18.47,18.52,8566800.0,0.0,0.0
2011-10-20,18.59,18.76,18.4,18.64,8444800.0,0.0,0.0
2011-10-21,18.82,19.14,18.77,19.14,12383600.0,0.0,0.0
2011-10-24,19.14,19.46,19.09,19.28,13173600.0,0.0,0.0
2011-10-25,19.09,19.34,18.96,19.02,9488800.0,0.0,0.0
2011-10-26,19.2,19.27,18.81,19.11,9555200.0,0.0,0.0
2011-10-27,19.51,19.57,19.36,19.44,15440800.0,0.0,0.0
2011-10-28,19.4,19.66,19.25,19.63,12221600.0,0.0,0.0
2011-10-31,19.42,19.81,19.38,19.54,12228000.0,0.0,0.0
2011-11-01,18.97,19.36,18.96,19.04,10651200.0,0.0,0.0
2011-11-02,19.4,19.43,19.09,19.26,11624400.0,0.0,0.0
2011-11-03,19.5,19.52,18.98,19.41,10792800.0,0.0,0.0
2011-11-04,19.31,19.47,18.99,19.14,8239200.0,0.0,0.0
2011-11-07,19.17,19.33,18.95,19.03,8730800.0,0.0,0.0
2011-11-08,19.15,19.4,19.01,19.36,9659200.0,0.0,0.0
2011-11-09,18.96,19.08,18.58,18.74,11706800.0,0.0,0.0
2011-11-10,18.95,19.18,18.78,19.05,9393600.0,0.0,0.0
2011-11-11,19.22,19.56,19.16,19.5,8108000.0,0.0,0.0
2011-11-14,19.44,19.65,19.31,19.42,6849200.0,0.0,0.0
2011-11-15,19.32,19.6,19.2,19.46,7013600.0,0.0,0.0
2011-11-16,19.3,19.37,18.97,19.01,8850000.0,0.0,0.0
2011-11-17,18.89,19.0,18.44,18.64,9039200.0,0.0,0.0
2011-11-18,18.79,18.96,18.55,18.81,9440800.0,0.0,0.0
2011-11-21,18.58,18.69,18.21,18.47,7354000.0,0.0,0.0
2011-11-22,18.5,18.79,18.46,18.59,7660000.0,0.0,0.0
2011-11-23,18.4,18.66,18.36,18.44,7470400.0,0.0,0.0
2011-11-25,18.39,18.63,18.31,18.31,3475600.0,0.0,0.0
2011-11-28,18.67,19.44,18.64,19.25,15442400.0,0.0,0.0
2011-11-29,19.32,19.36,19.13,19.24,11024400.0,0.0,0.0
2011-11-30,19.69,19.78,19.25,19.51,13492800.0,0.0,0.0
2011-12-01,19.64,19.84,19.46,19.61,9566800.0,0.36,0.0
2011-12-02,19.72,19.92,19.67,19.82,9465600.0,0.0,0.0
2011-12-05,19.92,20.08,19.76,19.89,8855600.0,0.0,0.0
2011-12-06,20.02,20.02,19.76,19.82,6987600.0,0.0,0.0
2011-12-07,19.93,19.97,19.62,19.75,11209200.0,0.0,0.0
2011-12-08,19.69,19.87,19.56,19.6,9393200.0,0.0,0.0
2011-12-09,19.66,20.23,19.63,20.12,12422800.0,0.0,0.0
2011-12-12,20.05,20.13,19.72,19.97,10852400.0,0.0,0.0
2011-12-13,20.0,20.14,19.44,19.57,10714000.0,0.0,0.0
2011-12-14,19.56,19.71,19.31,19.44,9455200.0,0.0,0.0
2011-12-15,19.65,19.72,19.24,19.37,10732000.0,0.0,0.0
2011-12-16,19.52,19.58,19.26,19.29,12788400.0,0.0,0.0
2011-12-19,19.34,19.39,19.16,19.23,8765200.0,0.0,0.0
2011-12-20,19.46,19.75,19.13,19.28,18300800.0,0.0,0.0
2011-12-21,19.73,20.04,19.42,19.84,25045200.0,0.0,0.0
2011-12-22,19.89,19.89,19.41,19.53,11711600.0,0.0,0.0
2011-12-23,19.62,19.96,19.52,19.95,7165200.0,0.0,0.0
2011-12-27,19.97,20.18,19.87,20.13,6448000.0,0.0,0.0
2011-12-28,20.17,20.18,19.83,19.86,6830000.0,0.0,0.0
2011-12-29,19.88,20.16,19.87,20.07,8571600.0,0.0,0.0
2011-12-30,20.06,20.09,19.85,19.85,6609200.0,0.0,0.0
2012-01-03,20.05,20.18,19.91,19.94,10944400.0,0.0,0.0
2012-01-04,19.92,20.34,19.87,20.23,9440800.0,0.0,0.0
2012-01-05,20.14,20.3,19.98,20.21,8393200.0,0.0,0.0
2012-01-06,20.17,20.28,20.08,20.18,7760800.0,0.0,0.0
2012-01-09,20.2,20.37,20.12,20.25,10045600.0,0.0,0.0
2012-01-10,20.35,20.37,20.12,20.28,9812400.0,0.0,0.0
2012-01-11,20.24,20.3,20.14,20.21,7002800.0,0.0,0.0
2012-01-12,20.24,20.42,20.13,20.41,7516400.0,0.0,0.0
2012-01-13,20.26,20.37,20.19,20.24,6534000.0,0.0,0.0
2012-01-17,20.33,20.48,20.19,20.44,8242000.0,0.0,0.0
2012-01-18,20.35,20.82,20.33,20.77,12278800.0,0.0,0.0
2012-01-19,20.75,21.0,20.7,20.92,9158000.0,0.0,0.0
2012-01-20,20.91,21.0,20.8,20.96,8949600.0,0.0,0.0
2012-01-23,20.99,21.2,20.83,20.91,8329600.0,0.0,0.0
2012-01-24,20.87,21.08,20.8,21.05,6564400.0,0.0,0.0
2012-01-25,20.99,21.27,20.98,21.25,11383600.0,0.0,0.0
2012-01-26,21.21,21.26,20.96,21.07,7528000.0,0.0,0.0
2012-01-27,21.04,21.13,20.9,21.03,6934000.0,0.0,0.0
2012-01-30,20.89,21.45,20.77,21.29,11892000.0,0.0,0.0
2012-01-31,21.53,21.61,21.31,21.41,24751600.0,0.0,0.0
2012-02-01,21.5,21.59,21.36,21.37,10000400.0,0.0,0.0
2012-02-02,21.42,21.46,21.12,21.17,9372800.0,0.0,0.0
2012-02-03,21.31,21.42,21.23,21.31,13192000.0,0.0,0.0
2012-02-06,21.22,21.39,21.15,21.31,6230400.0,0.0,0.0
2012-02-07,21.26,21.56,21.2,21.46,5231200.0,0.0,0.0
2012-02-08,21.52,21.96,21.52,21.81,11142800.0,0.0,0.0
2012-02-09,21.78,21.87,21.67,21.78,5847600.0,0.0,0.0
2012-02-10,21.64,21.74,21.57,21.71,6210000.0,0.0,0.0
2012-02-13,21.79,21.81,21.54,21.67,5875200.0,0.0,0.0
2012-02-14,21.58,21.96,21.48,21.96,9526000.0,0.0,0.0
2012-02-15,22.02,22.16,21.89,21.95,9935200.0,0.0,0.0
2012-02-16,21.93,22.12,21.74,21.86,6658000.0,0.0,0.0
2012-02-17,21.98,22.13,21.89,21.97,6957200.0,0.0,0.0
2012-02-21,21.95,22.07,21.56,21.61,7308800.0,0.0,0.0
2012-02-22,21.64,21.88,21.62,21.77,6237200.0,0.0,0.0
2012-02-23,21.81,21.97,21.73,21.86,5860400.0,0.0,0.0
2012-02-24,21.85,21.95,21.75,21.89,4675200.0,0.0,0.0
2012-02-27,21.8,22.18,21.73,22.07,6077200.0,0.0,0.0
2012-02-28,22.12,22.16,21.94,22.12,5047600.0,0.0,0.0
2012-02-29,22.14,22.3,22.02,22.22,7088400.0,0.0,0.0
2012-03-01,22.73,22.75,22.55,22.65,7070400.0,0.36,0.0
2012-03-02,22.68,22.76,22.53,22.7,7011200.0,0.0,0.0
2012-03-05,22.69,22.89,22.6,22.8,7173200.0,0.0,0.0
2012-03-06,22.66,22.8,22.33,22.4,7887200.0,0.0,0.0
2012-03-07,22.43,22.57,22.4,22.45,7177600.0,0.0,0.0
2012-03-08,22.57,22.65,22.47,22.52,4564800.0,0.0,0.0
2012-03-09,22.67,22.99,22.58,22.95,9813600.0,0.0,0.0
2012-03-12,22.71,22.94,22.67,22.84,9208000.0,0.0,0.0
2012-03-13,22.96,23.13,22.86,23.12,9531200.0,0.0,0.0
2012-03-14,23.15,23.22,22.99,23.02,7452400.0,0.0,0.0
2012-03-15,23.13,23.18,23.02,23.11,7297200.0,0.0,0.0
2012-03-16,23.11,23.33,23.08,23.21,14449600.0,0.0,0.0
2012-03-19,23.36,23.48,23.16,23.4,10399600.0,0.0,0.0
2012-03-20,23.32,23.58,23.32,23.32,10681200.0,0.0,0.0
2012-03-21,23.39,23.52,23.04,23.05,15109600.0,0.0,0.0
2012-03-22,22.98,23.3,22.77,23.17,20453600.0,0.0,0.0
2012-03-23,23.21,23.27,22.14,22.42,26509200.0,0.0,0.0
2012-03-26,22.52,22.71,22.48,22.66,12512800.0,0.0,0.0
2012-03-27,22.69,22.79,22.48,22.52,10130800.0,0.0,0.0
2012-03-28,22.46,22.53,22.18,22.38,9239200.0,0.0,0.0
2012-03-29,22.19,22.54,22.19,22.51,7893200.0,0.0,0.0
2012-03-30,22.62,22.79,22.51,22.63,9274800.0,0.0,0.0
2012-04-02,22.63,22.92,22.54,22.75,9788000.0,0.0,0.0
2012-04-03,22.71,22.89,22.6,22.83,4644000.0,0.0,0.0
2012-04-04,22.78,22.94,22.68,22.85,8866800.0,0.0,0.0
2012-04-05,22.76,23.07,22.75,23.04,8787600.0,0.0,0.0
2012-04-09,22.73,23.17,22.65,23.1,11309600.0,0.0,0.0
2012-04-10,23.06,23.06,22.11,22.22,16864400.0,0.0,0.0
2012-04-11,22.48,22.7,22.43,22.59,12034800.0,0.0,0.0
2012-04-12,22.57,22.69,22.37,22.68,11554800.0,0.0,0.0
2012-04-13,22.72,22.88,22.6,22.79,2622000.0,0.0,0.0
2012-04-16,22.76,22.93,22.68,22.83,7135200.0,0.0,0.0
2012-04-17,22.93,22.96,22.79,22.92,5772000.0,0.0,0.0
2012-04-18,22.82,23.16,22.76,23.08,8174800.0,0.0,0.0
2012-04-19,23.09,23.16,22.76,22.88,8027600.0,0.0,0.0
2012-04-20,22.9,23.26,22.9,23.12,9299600.0,0.0,0.0
2012-04-23,22.92,22.95,22.68,22.91,6355200.0,0.0,0.0
2012-04-24,22.75,22.91,22.19,22.28,13254400.0,0.0,0.0
2012-04-25,22.37,22.76,22.32,22.76,8388400.0,0.0,0.0
2012-04-26,22.76,23.12,22.69,23.03,6228400.0,0.0,0.0
2012-04-27,22.98,23.28,22.92,23.09,9349200.0,0.0,0.0
2012-04-30,23.17,23.38,23.17,23.35,9552400.0,0.0,0.0
2012-05-01,23.36,23.38,23.06,23.23,10164000.0,0.0,0.0
2012-05-02,23.18,23.91,23.18,23.85,10581200.0,0.0,0.0
2012-05-03,23.84,23.96,23.69,23.88,10340800.0,0.0,0.0
2012-05-04,23.77,23.8,23.28,23.34,7205600.0,0.0,0.0
2012-05-07,23.25,23.44,23.21,23.26,6864000.0,0.0,0.0
2012-05-08,22.92,22.99,22.24,22.69,14058800.0,0.0,0.0
2012-05-09,22.42,22.73,22.35,22.57,9026000.0,0.0,0.0
2012-05-10,22.76,22.86,22.38,22.45,9458800.0,0.0,0.0
2012-05-11,22.37,22.81,22.26,22.6,6328400.0,0.0,0.0
2012-05-14,22.47,22.64,22.32,22.43,5636400.0,0.0,0.0
2012-05-15,22.4,22.75,22.33,22.38,7127600.0,0.0,0.0
2012-05-16,22.49,22.73,22.17,22.33,9965200.0,0.0,0.0
2012-05-17,22.29,22.33,21.76,21.78,9444400.0,0.0,0.0
2012-05-18,22.0,22.5,21.93,22.01,15844800.0,0.0,0.0
2012-05-21,21.98,22.41,21.98,22.38,9034400.0,0.0,0.0
2012-05-22,22.38,22.78,22.37,22.64,10214000.0,0.0,0.0
2012-05-23,22.49,22.75,22.16,22.44,8513200.0,0.0,0.0
2012-05-24,22.47,22.67,22.29,22.43,8629600.0,0.0,0.0
2012-05-25,22.52,22.79,22.46,22.71,6687600.0,0.0,0.0
2012-05-29,22.86,23.15,22.78,23.15,8734800.0,0.0,0.0
2012-05-30,22.87,23.03,22.59,22.67,10357200.0,0.0,0.0
2012-05-31,22.95,23.02,22.56,22.88,10796800.0,0.36,0.0
2012-06-01,22.48,22.54,22.04,22.13,9376400.0,0.0,0.0
2012-06-04,22.11,22.24,21.82,22.15,10202000.0,0.0,0.0
2012-06-05,22.06,22.37,22.0,22.32,9183200.0,0.0,0.0
2012-06-06,22.44,22.65,22.36,22.65,7794000.0,0.0,0.0
2012-06-07,22.83,22.93,22.47,22.71,7079600.0,0.0,0.0
2012-06-08,22.71,23.01,22.49,22.98,7254400.0,0.0,0.0
2012-06-11,23.08,23.25,22.72,22.73,6257600.0,0.0,0.0
2012-06-12,22.76,22.98,22.58,22.76,10159600.0,0.0,0.0
2012-06-13,22.68,22.74,21.42,21.62,22770400.0,0.0,0.0
2012-06-14,21.88,21.88,21.02,21.16,24052400.0,0.0,0.0
2012-06-15,21.2,21.58,21.06,21.52,16830800.0,0.0,0.0
2012-06-18,21.48,21.52,21.18,21.45,12656800.0,0.0,0.0
2012-06-19,21.46,21.71,21.43,21.48,8638400.0,0.0,0.0
2012-06-20,21.69,21.73,21.29,21.41,12839600.0,0.0,0.0
2012-06-21,21.42,21.67,20.84,20.87,16054400.0,0.0,0.0
2012-06-22,20.92,21.05,20.79,21.03,15357200.0,0.0,0.0
2012-06-25,20.81,20.89,20.45,20.61,11873200.0,0.0,0.0
2012-06-26,20.68,20.91,20.58,20.82,9580000.0,0.0,0.0
2012-06-27,20.93,21.07,20.62,20.75,11222400.0,0.0,0.0
2012-06-28,20.63,20.83,20.27,20.49,23916800.0,0.0,0.0
2012-06-29,18.58,19.14,18.0,18.57,86339600.0,0.0,0.0
2012-07-02,18.7,18.93,18.62,18.79,23501600.0,0.0,0.0
2012-07-03,18.9,19.16,18.67,19.14,14998400.0,0.0,0.0
2012-07-05,19.18,19.61,19.15,19.5,22257200.0,0.0,0.0
2012-07-06,19.38,19.51,19.2,19.33,16196400.0,0.0,0.0
2012-07-09,19.29,19.4,19.04,19.1,13910000.0,0.0,0.0
2012-07-10,19.16,19.46,19.16,19.31,14529200.0,0.0,0.0
2012-07-11,19.39,19.54,19.14,19.51,17389600.0,0.0,0.0
2012-07-12,19.44,19.51,19.08,19.42,14964800.0,0.0,0.0
2012-07-13,19.51,19.94,19.47,19.88,11396400.0,0.0,0.0
2012-07-16,19.84,19.86,19.65,19.68,11684800.0,0.0,0.0
2012-07-17,19.56,19.76,19.44,19.62,10660000.0,0.0,0.0
2012-07-18,19.56,20.08,19.46,20.02,10964000.0,0.0,0.0
2012-07-19,20.14,20.3,19.91,20.15,10861200.0,0.0,0.0
2012-07-20,20.03,20.09,19.68,19.69,11975200.0,0.0,0.0
2012-07-23,19.47,19.73,19.32,19.64,8619200.0,0.0,0.0
2012-07-24,19.73,19.87,19.55,19.66,8305200.0,0.0,0.0
2012-07-25,19.79,19.94,19.69,19.78,8244800.0,0.0,0.0
2012-07-26,19.99,20.49,19.94,20.43,14765600.0,0.0,0.0
2012-07-27,20.48,20.61,20.23,20.52,10419600.0,0.0,0.0
2012-07-30,20.5,20.68,20.2,20.27,9112800.0,0.0,0.0
2012-07-31,20.1,20.22,19.72,19.75,13070000.0,0.0,0.0
2012-08-01,19.78,19.95,19.62,19.67,9594400.0,0.0,0.0
2012-08-02,19.46,19.67,19.26,19.57,10461600.0,0.0,0.0
2012-08-03,19.8,20.02,19.75,20.0,8997200.0,0.0,0.0
2012-08-06,20.04,20.25,20.02,20.2,6321600.0,0.0,0.0
2012-08-07,20.23,20.56,20.23,20.34,8313200.0,0.0,0.0
2012-08-08,20.26,20.35,20.14,20.28,8274000.0,0.0,0.0
2012-08-09,20.23,20.3,20.08,20.11,9914400.0,0.0,0.0
2012-08-10,20.02,20.09,19.95,19.99,9284000.0,0.0,0.0
2012-08-13,19.95,20.29,19.85,20.27,6880000.0,0.0,0.0
2012-08-14,20.33,20.34,20.03,20.08,10998800.0,0.0,0.0
2012-08-15,20.07,20.24,19.92,19.93,10466400.0,0.0,0.0
2012-08-16,19.93,20.18,19.76,20.05,13942800.0,0.0,0.0
2012-08-17,20.1,20.4,20.06,20.36,12295200.0,0.0,0.0
2012-08-20,20.35,20.47,20.22,20.26,7441600.0,0.0,0.0
2012-08-21,20.29,20.36,20.13,20.27,8553200.0,0.0,0.0
2012-08-22,20.26,20.3,20.13,20.26,6465200.0,0.0,0.0
2012-08-23,20.24,20.3,20.08,20.19,6762000.0,0.0,0.0
2012-08-24,20.19,20.54,20.19,20.49,9764000.0,0.0,0.0
2012-08-27,20.5,20.57,20.33,20.4,6921600.0,0.0,0.0
2012-08-28,20.35,21.0,20.27,20.91,16471600.0,0.0,0.0
2012-08-29,20.93,20.94,20.77,20.87,9468000.0,0.0,0.0
2012-08-30,21.01,21.14,20.94,20.98,7020400.0,0.36,0.0
2012-08-31,21.05,21.15,20.81,20.9,8129200.0,0.0,0.0
2012-09-04,20.86,21.01,20.66,20.88,7589200.0,0.0,0.0
2012-09-05,20.93,20.99,20.81,20.9,6288000.0,0.0,0.0
2012-09-06,20.98,21.37,20.92,21.35,9083600.0,0.0,0.0
2012-09-07,21.32,21.41,21.22,21.31,6991600.0,0.0,0.0
2012-09-10,21.3,21.66,21.26,21.47,8677600.0,0.0,0.0
2012-09-11,21.34,21.51,21.27,21.4,9840000.0,0.0,0.0
2012-09-12,21.43,21.66,21.34,21.65,9198000.0,0.0,0.0
2012-09-13,21.33,21.42,21.09,21.29,17326000.0,0.0,0.0
2012-09-14,21.23,21.27,20.58,20.74,22890400.0,0.0,0.0
2012-09-17,20.68,21.05,20.62,21.03,9379200.0,0.0,0.0
2012-09-18,20.97,21.09,20.84,20.98,13601200.0,0.0,0.0
2012-09-19,21.51,21.57,20.95,20.96,18669600.0,0.0,0.0
2012-09-20,21.12,21.12,20.69,20.76,12850400.0,0.0,0.0
2012-09-21,20.94,20.94,20.65,20.72,13657600.0,0.0,0.0
2012-09-24,20.52,20.68,20.18,20.46,11824800.0,0.0,0.0
2012-09-25,20.43,20.68,20.39,20.41,15992400.0,0.0,0.0
2012-09-26,20.38,20.65,20.25,20.5,11866000.0,0.0,0.0
2012-09-27,20.56,20.74,20.32,20.61,19398000.0,0.0,0.0
2012-09-28,19.98,20.65,19.92,20.37,27354400.0,0.0,0.0
2012-10-01,20.37,20.65,20.31,20.51,11072800.0,0.0,0.0
2012-10-02,20.62,20.65,20.3,20.38,11305600.0,0.0,0.0
2012-10-03,20.37,20.51,20.1,20.13,14771200.0,0.0,0.0
2012-10-04,20.25,20.6,20.18,20.58,13058400.0,0.0,0.0
2012-10-05,20.64,20.72,20.36,20.44,9247200.0,0.0,0.0
2012-10-08,20.39,20.56,20.34,20.39,5638000.0,0.0,0.0
2012-10-09,20.37,20.54,20.26,20.28,9778800.0,0.0,0.0
2012-10-10,20.36,20.49,20.21,20.22,7208800.0,0.0,0.0
2012-10-11,20.31,20.49,20.29,20.37,7937600.0,0.0,0.0
2012-10-12,20.4,20.49,20.25,20.27,6537200.0,0.0,0.0
2012-10-15,20.32,20.57,20.26,20.52,7527600.0,0.0,0.0
2012-10-16,20.67,20.95,20.64,20.87,10012000.0,0.0,0.0
2012-10-17,20.8,21.04,20.8,20.94,7126000.0,0.0,0.0
2012-10-18,20.97,21.05,20.83,20.94,7797600.0,0.0,0.0
2012-10-19,20.94,21.06,20.63,20.7,9341200.0,0.0,0.0
2012-10-22,20.48,20.68,20.14,20.28,8992800.0,0.0,0.0
2012-10-23,20.14,20.23,19.91,19.92,9384400.0,0.0,0.0
2012-10-24,20.12,20.14,19.85,19.94,9947600.0,0.0,0.0
2012-10-25,19.97,20.07,19.56,19.6,10019600.0,0.0,0.0
2012-10-26,19.55,19.61,19.39,19.57,12444000.0,0.0,0.0
2012-10-31,19.54,19.7,19.49,19.61,9128800.0,0.0,0.0
2012-11-01,19.73,20.52,19.73,20.47,14254800.0,0.0,0.0
2012-11-02,20.54,20.77,20.28,20.29,7264400.0,0.0,0.0
2012-11-05,20.3,20.5,20.25,20.45,5872800.0,0.0,0.0
2012-11-06,20.45,20.63,20.34,20.63,7824800.0,0.0,0.0
2012-11-07,20.55,20.58,20.31,20.32,7655200.0,0.0,0.0
2012-11-08,20.27,20.31,19.72,19.72,10450400.0,0.0,0.0
2012-11-09,19.68,19.96,19.68,19.81,7748800.0,0.0,0.0
2012-11-12,19.86,20.01,19.74,19.81,5979200.0,0.0,0.0
2012-11-13,19.57,19.89,19.54,19.63,7246000.0,0.0,0.0
2012-11-14,19.74,19.74,19.24,19.45,13019200.0,0.0,0.0
2012-11-15,19.38,19.58,19.33,19.5,7764400.0,0.0,0.0
2012-11-16,19.71,19.91,19.62,19.87,11989200.0,0.0,0.0
2012-11-19,20.07,20.68,20.06,20.68,10462400.0,0.0,0.0
2012-11-20,20.68,20.72,20.45,20.52,9103200.0,0.0,0.0
2012-11-21,20.51,20.57,20.38,20.52,7363600.0,0.0,0.0
2012-11-23,20.61,20.77,20.58,20.77,3352400.0,0.0,0.0
2012-11-26,20.5,20.97,20.47,20.96,12052800.0,0.0,0.0
2012-11-27,20.62,21.04,20.62,20.82,8537200.0,0.0,0.0
2012-11-28,20.74,21.28,20.74,21.28,8613600.0,0.0,0.0
2012-11-29,21.38,21.54,21.21,21.24,9744000.0,0.0,0.0
2012-11-30,21.13,21.15,20.8,20.92,12670000.0,0.0,0.0
2012-12-03,20.96,21.23,20.84,20.94,8688000.0,0.0,0.0
2012-12-04,20.96,21.12,20.87,20.97,7028400.0,0.0,0.0
2012-12-05,21.02,21.05,20.74,20.97,6764400.0,0.0,0.0
2012-12-06,21.29,21.55,21.24,21.5,9092000.0,0.42,0.0
2012-12-07,21.6,21.62,21.35,21.53,7418000.0,0.0,0.0
2012-12-10,21.55,21.69,21.4,21.42,7276800.0,0.0,0.0
2012-12-11,21.4,21.73,21.37,21.71,9234400.0,0.0,0.0
2012-12-12,21.71,21.84,21.54,21.67,10656000.0,0.0,0.0
2012-12-13,21.64,21.75,21.19,21.26,7445200.0,0.0,0.0
2012-12-14,21.21,21.38,21.15,21.17,8662000.0,0.0,0.0
2012-12-17,21.23,21.42,21.14,21.4,8369600.0,0.0,0.0
2012-12-18,21.42,21.62,21.35,21.61,7871600.0,0.0,0.0
2012-12-19,21.61,21.67,21.35,21.36,7879200.0,0.0,0.0
2012-12-20,21.43,21.63,21.23,21.62,12000000.0,0.0,0.0
2012-12-21,22.39,23.04,22.09,22.95,27894800.0,0.0,0.0
2012-12-24,22.84,23.2,22.79,23.06,11999200.0,0.0,0.0
2012-12-26,22.74,22.93,22.36,22.42,8090400.0,0.0,2.0
2012-12-27,22.37,22.69,22.25,22.61,7850400.0,0.0,0.0
2012-12-28,22.47,22.59,22.27,22.27,6432400.0,0.0,0.0
2012-12-31,22.2,22.56,22.1,22.54,6807400.0,0.0,0.0
2013-01-02,22.89,22.92,22.45,22.64,7512800.0,0.0,0.0
2013-01-03,22.69,22.98,22.62,22.88,7232200.0,0.0,0.0
2013-01-04,22.93,23.17,22.92,23.1,6794000.0,0.0,0.0
2013-01-07,23.06,23.19,22.95,23.13,6489400.0,0.0,0.0
2013-01-08,23.03,23.13,22.8,22.89,6714200.0,0.0,0.0
2013-01-09,22.96,23.04,22.85,22.91,5530400.0,0.0,0.0
2013-01-10,22.99,23.1,22.79,22.95,7705600.0,0.0,0.0
2013-01-11,23.0,23.33,22.85,23.2,9791000.0,0.0,0.0
2013-01-14,23.23,23.36,23.16,23.23,5591800.0,0.0,0.0
2013-01-15,23.17,23.48,23.1,23.43,6507200.0,0.0,0.0
2013-01-16,23.38,23.59,23.26,23.47,5300200.0,0.0,0.0
2013-01-17,23.5,23.58,23.29,23.36,4864800.0,0.0,0.0
2013-01-18,23.36,23.4,23.14,23.28,6145400.0,0.0,0.0
2013-01-22,23.33,23.37,23.17,23.36,6207600.0,0.0,0.0
2013-01-23,23.21,23.31,23.07,23.19,6779200.0,0.0,0.0
2013-01-24,23.23,23.54,23.22,23.53,6819800.0,0.0,0.0
2013-01-25,23.64,24.27,23.58,24.27,12542800.0,0.0,0.0
2013-01-28,24.2,24.25,23.73,23.81,8038200.0,0.0,0.0
2013-01-29,23.76,23.79,23.54,23.55,7214800.0,0.0,0.0
2013-01-30,23.58,23.66,23.4,23.42,6343000.0,0.0,0.0
2013-01-31,23.42,23.71,23.34,23.61,9143800.0,0.0,0.0
2013-02-01,23.79,23.9,23.41,23.46,6773400.0,0.0,0.0
2013-02-04,23.41,23.7,23.37,23.44,5075800.0,0.0,0.0
2013-02-05,23.56,23.72,23.53,23.54,4527200.0,0.0,0.0
2013-02-06,23.45,23.75,23.37,23.66,5297000.0,0.0,0.0
2013-02-07,23.69,23.9,23.62,23.89,5573000.0,0.0,0.0
2013-02-08,23.84,24.11,23.8,23.85,5100800.0,0.0,0.0
2013-02-11,24.15,24.42,23.91,24.12,8916600.0,0.0,0.0
2013-02-12,23.98,24.12,23.93,24.06,3866600.0,0.0,0.0
2013-02-13,24.04,24.19,23.77,23.83,6053800.0,0.0,0.0
2013-02-14,23.84,24.02,23.73,23.86,6164200.0,0.0,0.0
2013-02-15,23.89,24.09,23.82,24.0,7056200.0,0.0,0.0
2013-02-19,23.98,24.09,23.71,23.79,8511200.0,0.0,0.0
2013-02-20,23.76,23.88,23.58,23.6,7587200.0,0.0,0.0
2013-02-21,23.95,24.04,23.64,23.82,9355800.0,0.0,0.0
2013-02-22,23.85,23.97,23.59,23.79,5855000.0,0.0,0.0
2013-02-25,23.82,24.02,23.61,23.61,8566000.0,0.0,0.0
2013-02-26,23.77,23.91,23.56,23.71,6085200.0,0.0,0.0
2013-02-27,23.66,23.82,23.57,23.74,6269200.0,0.0,0.0
2013-02-28,23.89,24.09,23.77,23.97,6713600.0,0.21,0.0
2013-03-01,23.96,24.14,23.85,24.13,8053400.0,0.0,0.0
2013-03-04,24.01,24.17,23.95,24.09,5291800.0,0.0,0.0
2013-03-05,24.17,24.21,24.0,24.17,8098000.0,0.0,0.0
2013-03-06,24.19,24.48,24.08,24.34,5812000.0,0.0,0.0
2013-03-07,24.39,24.5,24.27,24.31,5685200.0,0.0,0.0
2013-03-08,24.26,24.31,23.99,24.08,8013000.0,0.0,0.0
2013-03-11,24.02,24.05,23.84,24.01,6754800.0,0.0,0.0
2013-03-12,23.64,23.85,23.45,23.55,12341600.0,0.0,0.0
2013-03-13,23.6,24.21,23.6,24.15,8185400.0,0.0,0.0
2013-03-14,24.14,24.17,23.92,24.08,6910800.0,0.0,0.0
2013-03-15,24.07,24.15,23.9,24.12,8121000.0,0.0,0.0
2013-03-18,23.96,24.06,23.81,23.84,5079400.0,0.0,0.0
2013-03-19,23.9,23.97,23.57,23.7,6628400.0,0.0,0.0
2013-03-20,23.8,24.16,23.8,24.14,7941800.0,0.0,0.0
2013-03-21,23.97,24.09,23.56,23.6,15896200.0,0.0,0.0
2013-03-22,25.53,26.52,25.48,26.21,38657400.0,0.0,0.0
2013-03-25,26.14,26.4,25.99,26.22,13317400.0,0.0,0.0
2013-03-26,26.13,26.25,25.93,26.18,8948600.0,0.0,0.0
2013-03-27,25.98,26.11,25.59,25.73,10445000.0,0.0,0.0
2013-03-28,25.96,26.11,25.73,25.98,7612400.0,0.0,0.0
2013-04-01,25.97,26.06,25.52,25.65,6969800.0,0.0,0.0
2013-04-02,25.7,26.14,25.69,25.93,9330600.0,0.0,0.0
2013-04-03,26.06,26.21,25.78,25.93,7626600.0,0.0,0.0
2013-04-04,25.88,26.19,25.86,26.12,4999400.0,0.0,0.0
2013-04-05,25.79,25.99,25.68,25.96,6189800.0,0.0,0.0
2013-04-08,25.92,26.39,25.89,26.39,8013200.0,0.0,0.0
2013-04-09,26.33,26.47,26.1,26.36,6675000.0,0.0,0.0
2013-04-10,26.38,26.66,26.38,26.54,5951000.0,0.0,0.0
2013-04-11,26.58,27.02,26.55,26.94,8789400.0,0.0,0.0
2013-04-12,26.88,26.95,26.6,26.67,5538800.0,0.0,0.0
2013-04-15,26.62,26.82,26.27,26.27,6662600.0,0.0,0.0
2013-04-16,26.43,26.65,26.27,26.63,5960600.0,0.0,0.0
2013-04-17,26.49,26.99,26.42,26.81,10434800.0,0.0,0.0
2013-04-18,26.84,26.94,26.28,26.49,6016400.0,0.0,0.0
2013-04-19,26.67,26.87,26.53,26.82,6768400.0,0.0,0.0
2013-04-22,26.89,27.07,26.69,27.01,5968600.0,0.0,0.0
2013-04-23,27.13,27.26,26.96,27.15,6119600.0,0.0,0.0
2013-04-24,27.23,27.29,27.03,27.09,4168000.0,0.0,0.0
2013-04-25,27.13,27.51,27.1,27.32,4367600.0,0.0,0.0
2013-04-26,27.36,27.5,27.11,27.25,4825600.0,0.0,0.0
2013-04-29,27.29,27.65,27.13,27.57,5841600.0,0.0,0.0
2013-04-30,27.62,28.07,27.58,28.0,10094800.0,0.0,0.0
2013-05-01,27.98,28.3,27.82,27.89,7924400.0,0.0,0.0
2013-05-02,27.95,27.98,27.71,27.87,5605400.0,0.0,0.0
2013-05-03,28.03,28.6,28.03,28.42,6950800.0,0.0,0.0
2013-05-06,28.35,28.42,28.08,28.16,4750200.0,0.0,0.0
2013-05-07,28.26,28.34,28.09,28.13,6298000.0,0.0,0.0
2013-05-08,28.04,28.22,28.03,28.13,6259000.0,0.0,0.0
2013-05-09,28.13,28.41,28.02,28.06,4433800.0,0.0,0.0
2013-05-10,28.11,28.52,28.03,28.51,6645600.0,0.0,0.0
2013-05-13,28.4,28.53,28.31,28.46,3780600.0,0.0,0.0
2013-05-14,28.41,29.05,28.41,29.01,8277200.0,0.0,0.0
2013-05-15,28.96,29.05,28.81,28.98,5286200.0,0.0,0.0
2013-05-16,28.95,29.09,28.24,28.37,7688600.0,0.0,0.0
2013-05-17,28.38,28.81,28.35,28.76,6219200.0,0.0,0.0
2013-05-20,28.73,28.83,28.64,28.76,5461800.0,0.0,0.0
2013-05-21,28.76,28.81,28.61,28.72,6465400.0,0.0,0.0
2013-05-22,28.72,28.87,28.21,28.37,8295200.0,0.0,0.0
2013-05-23,28.17,28.24,27.77,27.88,8626400.0,0.0,0.0
2013-05-24,27.59,27.68,27.1,27.64,7517400.0,0.0,0.0
2013-05-28,27.98,28.22,27.75,27.86,7784000.0,0.0,0.0
2013-05-29,27.69,27.81,27.47,27.7,5521200.0,0.0,0.0
2013-05-30,27.9,28.05,27.65,27.66,5955200.0,0.21,0.0
2013-05-31,27.57,27.98,27.33,27.33,7460400.0,0.0,0.0
2013-06-03,27.3,27.96,27.08,27.93,10141200.0,0.0,0.0
2013-06-04,28.03,28.17,27.61,27.82,6785400.0,0.0,0.0
2013-06-05,27.74,27.89,27.3,27.37,6205400.0,0.0,0.0
2013-06-06,27.36,27.56,27.13,27.55,4761400.0,0.0,0.0
2013-06-07,27.69,27.96,27.59,27.81,5332000.0,0.0,0.0
2013-06-10,27.88,28.13,27.8,27.94,5479000.0,0.0,0.0
2013-06-11,27.61,27.89,27.46,27.54,5540400.0,0.0,0.0
2013-06-12,27.73,27.73,27.19,27.22,5442600.0,0.0,0.0
2013-06-13,27.17,27.44,27.05,27.37,7832600.0,0.0,0.0
2013-06-14,27.31,27.65,27.3,27.43,5222400.0,0.0,0.0
2013-06-17,27.65,27.8,27.4,27.45,7512800.0,0.0,0.0
2013-06-18,27.41,27.59,27.31,27.54,9068800.0,0.0,0.0
2013-06-19,27.54,27.63,27.36,27.37,9223600.0,0.0,0.0
2013-06-20,27.18,27.31,26.87,26.94,9824200.0,0.0,0.0
2013-06-21,26.95,27.2,26.62,26.84,10089200.0,0.0,0.0
2013-06-24,26.66,26.82,26.2,26.57,9489400.0,0.0,0.0
2013-06-25,26.78,27.03,26.57,26.76,10896400.0,0.0,0.0
2013-06-26,26.97,27.53,26.94,27.41,11376800.0,0.0,0.0
2013-06-27,27.86,28.03,27.53,27.62,12282800.0,0.0,0.0
2013-06-28,27.45,28.39,26.67,28.22,26803800.0,0.0,0.0
2013-07-01,28.34,28.62,27.57,27.62,14398800.0,0.0,0.0
2013-07-02,27.45,27.96,27.43,27.75,7402400.0,0.0,0.0
2013-07-03,27.58,27.89,27.52,27.86,3375600.0,0.0,0.0
2013-07-05,27.99,28.29,27.99,28.2,5157800.0,0.0,0.0
2013-07-08,28.36,28.66,28.13,28.24,6981600.0,0.0,0.0
2013-07-09,28.36,28.49,28.1,28.33,6989200.0,0.0,0.0
2013-07-10,28.32,28.32,28.06,28.19,5101800.0,0.0,0.0
2013-07-11,28.45,28.56,28.12,28.24,7146000.0,0.0,0.0
2013-07-12,28.2,28.29,28.14,28.22,4424000.0,0.0,0.0
2013-07-15,28.12,28.21,28.03,28.08,5761800.0,0.0,0.0
2013-07-16,27.98,28.13,27.69,27.79,6858200.0,0.0,0.0
2013-07-17,27.74,28.22,27.73,28.07,6247600.0,0.0,0.0
2013-07-18,28.03,28.27,27.88,28.06,4486800.0,0.0,0.0
2013-07-19,28.03,28.18,27.96,28.08,5919400.0,0.0,0.0
2013-07-22,27.97,28.17,27.85,28.05,5581600.0,0.0,0.0
2013-07-23,28.15,28.18,27.98,28.0,4289600.0,0.0,0.0
2013-07-24,28.0,28.11,27.73,27.76,4705400.0,0.0,0.0
2013-07-25,27.81,27.87,27.57,27.69,8911400.0,0.0,0.0
2013-07-26,27.5,27.74,27.49,27.71,5517800.0,0.0,0.0
2013-07-29,27.59,27.83,27.59,27.79,5075600.0,0.0,0.0
2013-07-30,27.77,27.96,27.76,27.85,6399600.0,0.0,0.0
2013-07-31,27.97,28.14,27.82,27.88,8461800.0,0.0,0.0
2013-08-01,28.03,29.3,28.03,29.24,15813200.0,0.0,0.0
2013-08-02,29.25,29.52,28.99,29.38,7499800.0,0.0,0.0
2013-08-05,29.34,29.49,29.32,29.43,4213000.0,0.0,0.0
2013-08-06,29.39,29.63,29.2,29.49,6244000.0,0.0,0.0
2013-08-07,29.31,29.36,29.08,29.09,5888800.0,0.0,0.0
2013-08-08,29.28,29.45,29.15,29.27,5057400.0,0.0,0.0
2013-08-09,29.21,29.58,29.18,29.39,5644800.0,0.0,0.0
2013-08-12,29.29,29.52,29.27,29.48,4401800.0,0.0,0.0
2013-08-13,29.52,29.58,29.11,29.17,4299400.0,0.0,0.0
2013-08-14,29.04,29.1,28.47,28.52,5961800.0,0.0,0.0
2013-08-15,28.27,28.36,27.99,28.14,6227000.0,0.0,0.0
2013-08-16,28.12,28.5,28.07,28.21,5261200.0,0.0,0.0
2013-08-19,28.23,28.86,28.14,28.68,7749600.0,0.0,0.0
2013-08-20,28.61,29.12,28.5,28.64,7668400.0,0.0,0.0
2013-08-21,28.62,28.8,28.38,28.42,4770400.0,0.0,0.0
2013-08-22,28.41,28.88,28.32,28.74,5056000.0,0.0,0.0
2013-08-23,28.88,28.9,28.32,28.46,8044600.0,0.0,0.0
2013-08-26,28.45,28.6,28.33,28.33,5472400.0,0.0,0.0
2013-08-27,28.04,28.25,27.83,27.84,4870800.0,0.0,0.0
2013-08-28,27.8,28.23,27.77,28.08,6044000.0,0.0,0.0
2013-08-29,28.1,28.49,28.05,28.32,4600000.0,0.21,0.0
2013-08-30,28.42,28.46,27.93,28.03,5851000.0,0.0,0.0
2013-09-03,28.38,28.95,28.33,28.68,8214000.0,0.0,0.0
2013-09-04,28.7,29.21,28.69,29.06,7101400.0,0.0,0.0
2013-09-05,29.0,29.26,28.86,29.17,5271600.0,0.0,0.0
2013-09-06,29.18,29.24,28.63,28.99,4632600.0,0.0,0.0
2013-09-09,29.03,29.26,28.97,29.18,4147800.0,0.0,0.0
2013-09-10,29.76,29.88,29.43,29.81,13380000.0,0.0,0.0
2013-09-11,29.88,30.26,29.81,30.15,9112400.0,0.0,0.0
2013-09-12,30.32,30.74,30.25,30.37,8249800.0,0.0,0.0
2013-09-13,30.29,30.4,29.98,30.3,6584600.0,0.0,0.0
2013-09-16,30.67,30.7,30.3,30.42,5337600.0,0.0,0.0
2013-09-17,30.42,30.64,30.33,30.48,7752400.0,0.0,0.0
2013-09-18,30.32,31.16,30.31,31.0,8548000.0,0.0,0.0
2013-09-19,31.13,31.48,30.7,31.01,14627600.0,0.0,0.0
2013-09-20,30.87,31.01,30.38,30.95,37157000.0,0.0,0.0
2013-09-23,30.83,31.03,30.36,30.77,11022000.0,0.0,0.0
2013-09-24,30.98,31.1,30.87,30.98,7432800.0,0.0,0.0
2013-09-25,30.98,31.02,30.67,30.75,7883200.0,0.0,0.0
2013-09-26,30.89,31.45,30.85,31.38,13765000.0,0.0,0.0
2013-09-27,33.38,33.57,32.72,32.85,31182000.0,0.0,0.0
2013-09-30,32.26,32.64,32.19,32.41,14796400.0,0.0,0.0
2013-10-01,32.59,32.68,32.13,32.31,10444400.0,0.0,0.0
2013-10-02,32.14,32.24,31.94,32.07,8751600.0,0.0,0.0
2013-10-03,32.07,32.34,31.7,31.96,7144600.0,0.0,0.0
2013-10-04,32.02,32.28,31.82,32.18,7168200.0,0.0,0.0
2013-10-07,31.86,32.11,31.81,31.83,5172800.0,0.0,0.0
2013-10-08,31.88,32.4,31.31,31.35,7514200.0,0.0,0.0
2013-10-09,31.46,31.89,31.21,31.63,9282200.0,0.0,0.0
2013-10-10,32.19,32.77,32.09,32.76,11104800.0,0.0,0.0
2013-10-11,32.78,32.89,32.51,32.77,10792200.0,0.0,0.0
2013-10-14,32.55,33.09,32.47,33.04,6199800.0,0.0,0.0
2013-10-15,32.97,33.18,32.75,32.88,7951200.0,0.0,0.0
2013-10-16,33.05,33.29,32.89,33.25,8751600.0,0.0,0.0
2013-10-17,33.17,33.3,33.05,33.25,9384400.0,0.0,0.0
2013-10-18,33.26,33.9,33.13,33.88,9830800.0,0.0,0.0
2013-10-21,33.86,34.07,33.68,33.95,9992600.0,0.0,0.0
2013-10-22,33.96,34.12,33.69,33.89,6818800.0,0.0,0.0
2013-10-23,33.7,33.88,33.51,33.71,4762000.0,0.0,0.0
2013-10-24,33.73,33.81,33.57,33.69,5626400.0,0.0,0.0
2013-10-25,33.71,34.07,33.62,33.77,6889000.0,0.0,0.0
2013-10-28,33.79,33.9,33.63,33.69,6136800.0,0.0,0.0
2013-10-29,33.81,33.99,33.7,33.87,4201000.0,0.0,0.0
2013-10-30,34.18,34.3,33.88,33.96,6314200.0,0.0,0.0
2013-10-31,33.92,34.03,33.52,33.8,8184400.0,0.0,0.0
2013-11-01,33.82,34.1,33.75,33.93,4221600.0,0.0,0.0
2013-11-04,34.05,34.15,33.74,34.07,3609200.0,0.0,0.0
2013-11-05,33.92,34.5,33.85,34.44,6320400.0,0.0,0.0
2013-11-06,34.65,34.65,33.97,34.25,3945400.0,0.0,0.0
2013-11-07,34.44,34.49,33.75,33.77,6250800.0,0.0,0.0
2013-11-08,33.72,34.41,33.72,34.41,5821600.0,0.0,0.0
2013-11-11,34.49,34.51,34.23,34.42,3523200.0,0.0,0.0
2013-11-12,34.35,34.47,34.08,34.29,4327400.0,0.0,0.0
2013-11-13,34.15,34.75,34.11,34.73,4802200.0,0.0,0.0
2013-11-14,34.9,35.16,34.75,35.08,4764200.0,0.0,0.0
2013-11-15,34.97,35.37,34.91,35.34,5774000.0,0.0,0.0
2013-11-18,35.42,35.42,34.95,35.06,5693200.0,0.0,0.0
2013-11-19,34.98,35.08,34.6,34.71,6443200.0,0.0,0.0
2013-11-20,34.8,35.07,34.68,34.73,5893000.0,0.0,0.0
2013-11-21,34.72,34.9,34.54,34.84,4669400.0,0.0,0.0
2013-11-22,35.0,35.24,34.79,35.19,7035600.0,0.0,0.0
2013-11-25,35.27,35.52,35.19,35.3,4583400.0,0.0,0.0
2013-11-26,35.59,35.63,35.32,35.51,7360400.0,0.0,0.0
2013-11-27,35.55,35.61,35.28,35.39,3734200.0,0.0,0.0
2013-11-29,35.5,35.58,35.28,35.31,3475200.0,0.0,0.0
2013-12-02,35.45,35.75,35.21,35.28,6467800.0,0.0,0.0
2013-12-03,35.2,35.46,35.07,35.3,5129200.0,0.0,0.0
2013-12-04,35.2,35.32,34.91,35.16,4833200.0,0.0,0.0
2013-12-05,35.24,35.4,35.08,35.22,5493400.0,0.0,0.0
2013-12-06,35.52,35.64,35.36,35.63,3894000.0,0.0,0.0
2013-12-09,35.66,35.81,35.54,35.59,4299200.0,0.0,0.0
2013-12-10,35.4,35.54,35.29,35.34,5393800.0,0.0,0.0
2013-12-11,35.21,35.25,34.23,34.28,13311600.0,0.0,0.0
2013-12-12,34.53,34.53,33.86,34.22,10826000.0,0.24,0.0
2013-12-13,34.28,34.47,34.23,34.3,7562200.0,0.0,0.0
2013-12-16,34.53,34.61,34.25,34.32,9731000.0,0.0,0.0
2013-12-17,34.54,34.68,34.3,34.46,13980600.0,0.0,0.0
2013-12-18,34.57,35.28,34.55,35.26,10814400.0,0.0,0.0
2013-12-19,35.27,35.35,34.91,35.13,10294600.0,0.0,0.0
2013-12-20,34.77,34.88,34.41,34.72,20442600.0,0.0,0.0
2013-12-23,34.61,34.77,34.43,34.62,9376800.0,0.0,0.0
2013-12-24,34.67,34.93,34.66,34.86,2782600.0,0.0,0.0
2013-12-26,34.9,35.22,34.88,35.1,4609800.0,0.0,0.0
2013-12-27,35.35,35.47,35.03,35.09,4640800.0,0.0,0.0
2013-12-30,34.98,35.42,34.98,35.35,4289000.0,0.0,0.0
2013-12-31,35.36,35.44,35.17,35.3,4106200.0,0.0,0.0
2014-01-02,35.08,35.39,34.99,35.13,5318600.0,0.0,0.0
2014-01-03,35.08,35.3,35.0,35.03,5597000.0,0.0,0.0
2014-01-06,35.23,35.29,34.75,34.76,6045800.0,0.0,0.0
2014-01-07,34.89,35.02,34.75,34.79,6769000.0,0.0,0.0
2014-01-08,34.79,34.99,34.54,34.61,6897800.0,0.0,0.0
2014-01-09,34.76,34.77,34.46,34.61,6263200.0,0.0,0.0
2014-01-10,34.57,34.73,34.43,34.53,5108000.0,0.0,0.0
2014-01-13,34.49,34.53,33.67,33.75,8262400.0,0.0,0.0
2014-01-14,33.72,33.82,33.51,33.75,7808400.0,0.0,0.0
2014-01-15,33.78,34.0,33.73,33.86,5852400.0,0.0,0.0
2014-01-16,33.77,33.84,33.38,33.58,4848000.0,0.0,0.0
2014-01-17,33.49,33.55,32.94,32.95,9851800.0,0.0,0.0
2014-01-21,33.28,33.49,32.96,33.11,13147000.0,0.0,0.0
2014-01-22,33.2,33.25,33.0,33.0,7424000.0,0.0,0.0
2014-01-23,32.78,32.85,32.33,32.65,9505200.0,0.0,0.0
2014-01-24,32.45,32.62,32.16,32.17,9212000.0,0.0,0.0
2014-01-27,32.28,32.44,32.2,32.28,11411600.0,0.0,0.0
2014-01-28,32.45,32.84,32.39,32.64,9069200.0,0.0,0.0
2014-01-29,32.46,32.58,32.1,32.22,10488800.0,0.0,0.0
2014-01-30,32.53,33.31,32.49,33.19,10438400.0,0.0,0.0
2014-01-31,32.77,32.91,32.49,32.71,8652000.0,0.0,0.0
2014-02-03,32.66,32.68,31.78,31.82,9516000.0,0.0,0.0
2014-02-04,31.86,31.98,31.58,31.65,7004200.0,0.0,0.0
2014-02-05,31.64,31.81,31.36,31.7,7366800.0,0.0,0.0
2014-02-06,31.76,32.44,31.65,32.1,7358600.0,0.0,0.0
2014-02-07,32.28,32.71,32.21,32.63,6747200.0,0.0,0.0
2014-02-10,32.65,32.77,32.38,32.62,6430400.0,0.0,0.0
2014-02-11,32.62,33.29,32.53,33.21,8739400.0,0.0,0.0
2014-02-12,33.36,33.59,33.15,33.27,6396200.0,0.0,0.0
2014-02-13,33.15,33.65,33.1,33.61,6161400.0,0.0,0.0
2014-02-14,33.61,33.75,33.31,33.7,6204800.0,0.0,0.0
2014-02-18,33.73,33.88,33.63,33.76,5935600.0,0.0,0.0
2014-02-19,33.5,33.92,33.5,33.59,5401400.0,0.0,0.0
2014-02-20,33.67,34.01,33.61,33.93,5581600.0,0.0,0.0
2014-02-21,33.85,34.42,33.83,34.33,8728600.0,0.0,0.0
2014-02-24,34.38,35.08,34.34,34.95,11072200.0,0.0,0.0
2014-02-25,34.9,35.25,34.82,35.07,6844000.0,0.0,0.0
2014-02-26,35.16,35.49,35.16,35.21,7917400.0,0.0,0.0
2014-02-27,35.23,35.41,35.0,35.24,6599200.0,0.24,0.0
2014-02-28,35.19,35.55,35.06,35.37,6875200.0,0.0,0.0
2014-03-03,35.07,35.23,34.58,34.96,6069200.0,0.0,0.0
2014-03-04,35.49,35.71,35.4,35.51,5661200.0,0.0,0.0
2014-03-05,35.47,35.5,34.94,34.97,6733200.0,0.0,0.0
2014-03-06,35.14,35.41,34.94,35.33,5536400.0,0.0,0.0
2014-03-07,35.73,36.18,35.72,35.89,8930800.0,0.0,0.0
2014-03-10,35.76,35.85,35.44,35.68,5344400.0,0.0,0.0
2014-03-11,35.71,35.96,35.49,35.59,4906600.0,0.0,0.0
2014-03-12,35.28,35.68,35.25,35.67,4296800.0,0.0,0.0
2014-03-13,35.8,36.01,35.38,35.47,8400400.0,0.0,0.0
2014-03-14,35.36,35.68,35.15,35.38,6086000.0,0.0,0.0
2014-03-17,35.63,35.75,35.47,35.68,8577600.0,0.0,0.0
2014-03-18,35.77,36.17,35.71,35.97,8245400.0,0.0,0.0
2014-03-19,35.84,36.12,35.49,35.75,5970400.0,0.0,0.0
2014-03-20,35.66,35.81,35.13,35.81,12440600.0,0.0,0.0
2014-03-21,34.83,34.92,33.88,33.97,31767000.0,0.0,0.0
2014-03-24,34.09,34.25,33.68,33.81,9999000.0,0.0,0.0
2014-03-25,34.04,34.11,33.24,33.27,10527000.0,0.0,0.0
2014-03-26,33.51,33.65,33.07,33.07,8537600.0,0.0,0.0
2014-03-27,33.11,33.47,32.98,33.12,8158600.0,0.0,0.0
2014-03-28,33.24,33.48,33.1,33.22,5987000.0,0.0,0.0
2014-03-31,33.43,33.51,33.18,33.36,6356600.0,0.0,0.0
2014-04-01,33.44,33.78,33.44,33.6,7399400.0,0.0,0.0
2014-04-02,33.75,33.88,33.57,33.67,7614600.0,0.0,0.0
2014-04-03,33.68,33.96,33.34,33.42,8255000.0,0.0,0.0
2014-04-04,33.59,33.65,32.76,32.9,9720200.0,0.0,0.0
2014-04-07,32.89,32.95,31.89,31.99,13853800.0,0.0,0.0
2014-04-08,32.62,33.02,32.48,32.94,12659600.0,0.0,0.0
2014-04-09,33.09,33.25,32.76,33.23,7078400.0,0.0,0.0
2014-04-10,33.32,33.5,32.64,32.73,8376600.0,0.0,0.0
2014-04-11,32.52,32.83,32.17,32.18,8698000.0,0.0,0.0
2014-04-14,32.39,32.73,32.21,32.69,7264800.0,0.0,0.0
2014-04-15,32.69,32.92,32.4,32.65,7777400.0,0.0,0.0
2014-04-16,32.9,33.06,32.75,33.02,4611200.0,0.0,0.0
2014-04-17,33.13,33.62,33.11,33.44,9041600.0,0.0,0.0
2014-04-21,33.39,33.45,33.12,33.38,6811800.0,0.0,0.0
2014-04-22,33.3,33.74,33.3,33.58,5122200.0,0.0,0.0
2014-04-23,33.67,33.81,33.43,33.47,4719400.0,0.0,0.0
2014-04-24,33.44,33.59,33.02,33.15,6784600.0,0.0,0.0
2014-04-25,33.02,33.29,32.75,32.84,6481200.0,0.0,0.0
2014-04-28,33.14,33.29,32.12,32.37,11446800.0,0.0,0.0
2014-04-29,32.4,32.85,32.36,32.74,6236000.0,0.0,0.0
2014-04-30,32.67,33.0,32.56,32.95,6173800.0,0.0,0.0
2014-05-01,32.89,33.15,32.79,32.94,4818200.0,0.0,0.0
2014-05-02,32.94,33.21,32.9,32.97,4048000.0,0.0,0.0
2014-05-05,32.83,33.17,32.64,33.11,4655600.0,0.0,0.0
2014-05-06,32.97,33.05,32.62,32.64,4585200.0,0.0,0.0
2014-05-07,32.84,32.9,32.31,32.6,5605400.0,0.0,0.0
2014-05-08,32.65,33.13,32.64,33.0,7965200.0,0.0,0.0
2014-05-09,32.92,33.24,32.83,33.18,4817000.0,0.0,0.0
2014-05-12,33.25,33.72,33.14,33.71,6636400.0,0.0,0.0
2014-05-13,33.73,33.88,33.67,33.69,4530200.0,0.0,0.0
2014-05-14,33.64,33.72,33.2,33.24,6281200.0,0.0,0.0
2014-05-15,33.16,33.25,32.69,32.95,6039800.0,0.0,0.0
2014-05-16,32.96,33.4,32.9,33.4,5376800.0,0.0,0.0
2014-05-19,33.44,33.67,33.3,33.65,4682200.0,0.0,0.0
2014-05-20,33.44,33.47,33.02,33.09,5921400.0,0.0,0.0
2014-05-21,33.15,33.54,33.09,33.52,4671800.0,0.0,0.0
2014-05-22,33.62,33.85,33.43,33.82,4866400.0,0.0,0.0
2014-05-23,33.94,34.47,33.86,34.26,7335200.0,0.0,0.0
2014-05-27,34.53,34.71,34.43,34.61,6698000.0,0.0,0.0
2014-05-28,34.57,34.61,34.29,34.45,4730000.0,0.0,0.0
2014-05-29,34.64,34.84,34.54,34.72,3987600.0,0.24,0.0
2014-05-30,34.73,34.97,34.68,34.96,5192400.0,0.0,0.0
2014-06-02,35.0,35.0,34.68,34.87,3809600.0,0.0,0.0
2014-06-03,34.74,34.82,34.31,34.34,6793400.0,0.0,0.0
2014-06-04,34.29,34.71,34.28,34.61,7356800.0,0.0,0.0
2014-06-05,34.69,34.79,34.24,34.49,7326400.0,0.0,0.0
2014-06-06,34.62,34.94,34.62,34.65,6637600.0,0.0,0.0
2014-06-09,34.59,34.96,34.59,34.85,5028600.0,0.0,0.0
2014-06-10,34.7,34.97,34.66,34.69,5150200.0,0.0,0.0
2014-06-11,34.4,34.46,34.05,34.16,9250000.0,0.0,0.0
2014-06-12,34.18,34.29,33.9,33.99,6330600.0,0.0,0.0
2014-06-13,33.97,34.06,33.25,33.92,7712200.0,0.0,0.0
2014-06-16,34.01,34.23,33.82,33.89,6531400.0,0.0,0.0
2014-06-17,33.99,34.17,33.75,34.13,6122200.0,0.0,0.0
2014-06-18,34.2,34.71,33.97,34.64,9852200.0,0.0,0.0
2014-06-19,34.74,34.75,34.19,34.38,4977600.0,0.0,0.0
2014-06-20,34.59,34.61,34.12,34.14,11385600.0,0.0,0.0
2014-06-23,34.14,34.37,33.82,34.3,9069200.0,0.0,0.0
2014-06-24,34.27,34.53,34.06,34.08,7617000.0,0.0,0.0
2014-06-25,34.11,34.79,34.11,34.76,7172200.0,0.0,0.0
2014-06-26,34.81,34.96,34.4,34.94,10522600.0,0.0,0.0
2014-06-27,35.7,35.98,35.31,35.31,18138400.0,0.0,0.0
2014-06-30,35.23,35.33,35.04,35.25,8535800.0,0.0,0.0
2014-07-01,35.33,35.7,35.33,35.46,7129200.0,0.0,0.0
2014-07-02,35.48,35.64,35.32,35.36,5577200.0,0.0,0.0
2014-07-03,35.24,35.74,35.0,35.66,4568600.0,0.0,0.0
2014-07-07,35.46,35.83,35.43,35.75,5464800.0,0.0,0.0
2014-07-08,35.6,35.64,35.03,35.31,8044400.0,0.0,0.0
2014-07-09,35.36,35.81,35.32,35.77,7028800.0,0.0,0.0
2014-07-10,35.12,35.37,34.91,35.23,6357000.0,0.0,0.0
2014-07-11,35.13,35.27,34.89,35.13,5758000.0,0.0,0.0
2014-07-14,35.43,35.54,35.27,35.43,5503400.0,0.0,0.0
2014-07-15,35.24,35.55,35.22,35.47,6506000.0,0.0,0.0
2014-07-16,35.39,35.56,34.9,34.97,7449600.0,0.0,0.0
2014-07-17,34.74,34.99,34.68,34.79,7461600.0,0.0,0.0
2014-07-18,34.93,35.32,34.85,35.24,6065200.0,0.0,0.0
2014-07-21,34.92,35.14,34.87,34.92,4209400.0,0.0,0.0
2014-07-22,35.05,35.29,35.0,35.02,5036000.0,0.0,0.0
2014-07-23,35.12,35.21,34.92,35.17,4092200.0,0.0,0.0
2014-07-24,35.43,35.81,35.39,35.73,8030200.0,0.0,0.0
2014-07-25,35.61,35.81,35.28,35.33,4540400.0,0.0,0.0
2014-07-28,35.42,35.73,35.24,35.64,4065200.0,0.0,0.0
2014-07-29,35.65,35.85,35.5,35.5,4669600.0,0.0,0.0
2014-07-30,35.63,36.34,35.58,36.19,9048200.0,0.0,0.0
2014-07-31,35.76,35.92,34.99,35.06,7796800.0,0.0,0.0
2014-08-01,34.79,35.12,34.72,34.9,5825800.0,0.0,0.0
2014-08-04,34.95,35.19,34.68,35.07,4839400.0,0.0,0.0
2014-08-05,34.89,35.29,34.79,34.97,4866200.0,0.0,0.0
2014-08-06,34.78,35.11,34.75,35.07,5074400.0,0.0,0.0
2014-08-07,35.32,35.33,34.54,34.71,6737400.0,0.0,0.0
2014-08-08,34.69,35.05,34.5,35.03,6714800.0,0.0,0.0
2014-08-11,35.22,35.23,34.99,35.03,7828600.0,0.0,0.0
2014-08-12,35.0,35.2,34.77,34.88,9142000.0,0.0,0.0
2014-08-13,35.04,35.36,34.79,35.12,6400400.0,0.0,0.0
2014-08-14,35.24,35.37,34.98,35.14,3935000.0,0.0,0.0
2014-08-15,35.33,35.46,34.77,35.06,4490000.0,0.0,0.0
2014-08-18,35.33,35.77,35.26,35.71,5697400.0,0.0,0.0
2014-08-19,35.78,35.95,35.62,35.69,4424000.0,0.0,0.0
2014-08-20,35.54,35.95,35.54,35.87,3965800.0,0.0,0.0
2014-08-21,35.93,36.09,35.75,35.88,4001800.0,0.0,0.0
2014-08-22,36.02,36.24,35.87,36.04,5807400.0,0.0,0.0
2014-08-25,36.18,36.5,36.14,36.37,5074400.0,0.0,0.0
2014-08-26,36.38,36.41,36.1,36.13,5216400.0,0.0,0.0
2014-08-27,36.36,36.36,36.1,36.24,3679400.0,0.0,0.0
2014-08-28,36.14,36.23,35.97,36.05,5169200.0,0.24,0.0
2014-08-29,36.28,36.32,36.01,36.14,6423000.0,0.24,0.0
2014-09-02,36.05,36.59,36.05,36.48,8164200.0,0.0,0.0
2014-09-03,36.71,36.75,36.14,36.27,4409600.0,0.0,0.0
2014-09-04,36.44,36.91,36.43,36.77,6022800.0,0.0,0.0
2014-09-05,36.6,37.78,36.51,37.75,12380600.0,0.0,0.0
2014-09-08,37.69,38.09,37.31,37.91,11728200.0,0.0,0.0
2014-09-09,37.85,37.98,37.5,37.66,8119000.0,0.0,0.0
2014-09-10,37.61,38.01,37.5,37.95,6742400.0,0.0,0.0
2014-09-11,37.8,38.0,37.52,37.65,7460400.0,0.0,0.0
2014-09-12,37.72,37.73,37.46,37.66,5926200.0,0.0,0.0
2014-09-15,37.78,37.81,37.27,37.55,6729000.0,0.0,0.0
2014-09-16,37.38,37.52,37.19,37.36,9393200.0,0.0,0.0
2014-09-17,37.52,37.65,37.27,37.5,7443200.0,0.0,0.0
2014-09-18,37.66,37.73,37.38,37.72,6393400.0,0.0,0.0
2014-09-19,38.02,38.07,37.42,37.64,19704400.0,0.0,0.0
2014-09-22,37.58,37.67,36.9,37.14,8138400.0,0.0,0.0
2014-09-23,37.05,37.08,36.76,36.86,6046800.0,0.0,0.0
2014-09-24,36.87,37.21,36.77,37.2,6754000.0,0.0,0.0
2014-09-25,37.12,37.12,36.47,36.69,14138400.0,0.0,0.0
2014-09-26,40.48,41.41,40.17,41.18,35090400.0,0.0,0.0
2014-09-29,40.61,41.46,40.61,41.01,14834400.0,0.0,0.0
2014-09-30,40.81,41.54,40.67,41.04,11583400.0,0.0,0.0
2014-10-01,40.91,40.95,40.27,40.35,9471600.0,0.0,0.0
2014-10-02,40.34,41.19,39.98,41.09,8739200.0,0.0,0.0
2014-10-03,41.3,41.62,41.03,41.54,8790000.0,0.0,0.0
2014-10-06,41.54,41.64,40.75,41.05,7031200.0,0.0,0.0
2014-10-07,40.77,41.04,40.5,40.52,5486400.0,0.0,0.0
2014-10-08,40.54,41.02,40.27,40.87,7481200.0,0.0,0.0
2014-10-09,40.7,40.95,40.08,40.14,7462200.0,0.0,0.0
2014-10-10,40.23,40.58,40.04,40.12,9048200.0,0.0,0.0
2014-10-13,40.01,40.09,39.22,39.29,8005200.0,0.0,0.0
2014-10-14,39.47,39.53,39.04,39.15,9853400.0,0.0,0.0
2014-10-15,39.17,40.08,38.7,39.19,17571600.0,0.0,0.0
2014-10-16,38.74,40.15,38.58,40.05,13644000.0,0.0,0.0
2014-10-17,40.39,40.65,40.0,40.11,11396800.0,0.0,0.0
2014-10-20,39.94,40.92,39.92,40.9,6743400.0,0.0,0.0
2014-10-21,41.09,41.73,40.96,41.71,6459600.0,0.0,0.0
2014-10-22,41.71,42.11,41.32,41.35,7087800.0,0.0,0.0
2014-10-23,41.47,42.02,41.39,41.58,6191800.0,0.0,0.0
2014-10-24,41.39,41.87,41.37,41.82,4931000.0,0.0,0.0
2014-10-27,41.83,42.23,41.61,42.17,5819400.0,0.0,0.0
2014-10-28,42.11,42.54,42.01,42.54,6358400.0,0.0,0.0
2014-10-29,42.4,42.58,42.06,42.31,4998600.0,0.0,0.0
2014-10-30,42.23,42.79,42.12,42.79,4585200.0,0.0,0.0
2014-10-31,43.31,43.32,42.64,42.78,6463600.0,0.0,0.0
2014-11-03,42.95,43.01,42.73,43.0,4862800.0,0.0,0.0
2014-11-04,42.82,43.26,42.62,43.23,4441400.0,0.0,0.0
2014-11-05,43.64,43.64,43.12,43.56,6513800.0,0.0,0.0
2014-11-06,43.64,43.75,43.5,43.53,5482000.0,0.0,0.0
2014-11-07,43.6,43.6,43.04,43.15,4909800.0,0.0,0.0
2014-11-10,43.27,43.74,43.27,43.69,5898200.0,0.0,0.0
2014-11-11,43.8,43.85,43.52,43.66,4563200.0,0.0,0.0
2014-11-12,43.46,44.13,43.36,44.08,5018400.0,0.0,0.0
2014-11-13,44.25,44.42,43.97,44.23,5417400.0,0.0,0.0
2014-11-14,44.07,44.12,43.72,43.94,6406800.0,0.0,0.0
2014-11-17,43.88,44.26,43.73,44.2,5931000.0,0.0,0.0
2014-11-18,44.17,44.56,44.06,44.39,4803400.0,0.0,0.0
2014-11-19,44.4,44.68,44.33,44.61,4586000.0,0.0,0.0
2014-11-20,44.46,44.95,44.31,44.77,4822400.0,0.0,0.0
2014-11-21,45.41,45.53,44.48,44.82,7016400.0,0.0,0.0
2014-11-24,45.0,45.32,44.97,45.07,5081600.0,0.0,0.0
2014-11-25,45.23,45.32,44.76,44.77,6177200.0,0.0,0.0
2014-11-26,44.77,45.04,44.68,45.0,3948800.0,0.0,0.0
2014-11-28,45.25,45.9,45.2,45.69,3609400.0,0.0,0.0
2014-12-01,45.4,45.73,44.94,44.95,5139200.0,0.0,0.0
2014-12-02,45.12,45.42,44.95,45.11,4384000.0,0.0,0.0
2014-12-03,45.17,45.37,44.87,45.32,3792000.0,0.0,0.0
2014-12-04,45.32,45.73,45.12,45.57,4128200.0,0.0,0.0
2014-12-05,45.67,45.78,45.47,45.7,3408200.0,0.0,0.0
2014-12-08,45.57,45.57,44.77,44.96,5155200.0,0.0,0.0
2014-12-09,44.66,44.82,44.16,44.65,5989000.0,0.0,0.0
2014-12-10,44.39,45.2,44.38,44.94,6457800.0,0.0,0.0
2014-12-11,45.11,45.63,44.82,44.86,8723600.0,0.28,0.0
2014-12-12,44.73,45.3,44.51,44.51,8243800.0,0.0,0.0
2014-12-15,44.63,44.86,43.86,44.16,10152600.0,0.0,0.0
2014-12-16,44.13,44.16,43.02,43.14,14614400.0,0.0,0.0
2014-12-17,43.38,43.85,42.99,43.73,11205200.0,0.0,0.0
2014-12-18,44.55,44.93,43.99,44.93,18960800.0,0.0,0.0
2014-12-19,44.19,44.56,42.96,43.89,27002000.0,0.0,0.0
2014-12-22,44.02,44.39,43.97,44.39,7662200.0,0.0,0.0
2014-12-23,44.43,44.66,44.24,44.41,5241800.0,0.0,0.0
2014-12-24,44.61,45.05,44.47,44.56,2439600.0,0.0,0.0
2014-12-26,44.66,44.99,44.54,44.81,3144400.0,0.0,0.0
2014-12-29,44.71,45.19,44.71,45.03,4017800.0,0.0,0.0
2014-12-30,44.83,45.03,44.71,44.83,4146800.0,0.0,0.0
2014-12-31,44.88,45.17,44.44,44.5,4697400.0,0.0,0.0
2015-01-02,44.68,44.87,43.55,43.98,4985800.0,0.0,0.0
2015-01-05,43.74,43.76,43.1,43.27,6889200.0,0.0,0.0
2015-01-06,43.45,43.57,42.61,43.01,7576000.0,0.0,0.0
2015-01-07,43.32,44.1,43.08,43.9,7256000.0,0.0,0.0
2015-01-08,44.27,44.94,44.25,44.92,5978200.0,0.0,0.0
2015-01-09,44.86,44.88,44.24,44.42,4689000.0,0.0,0.0
2015-01-12,44.38,44.67,44.07,44.36,5630800.0,0.0,0.0
2015-01-13,44.58,45.1,43.79,43.97,6182200.0,0.0,0.0
2015-01-14,43.21,43.67,43.0,43.37,6750400.0,0.0,0.0
2015-01-15,43.79,43.82,42.84,42.95,4235000.0,0.0,0.0
2015-01-16,42.93,43.1,42.59,43.03,8770000.0,0.0,0.0
2015-01-20,43.24,43.45,42.86,43.32,9403800.0,0.0,0.0
2015-01-21,43.09,43.56,43.04,43.27,5854000.0,0.0,0.0
2015-01-22,43.66,44.48,43.3,44.36,6952400.0,0.0,0.0
2015-01-23,44.49,44.77,44.26,44.5,6781000.0,0.0,0.0
2015-01-26,44.43,44.64,44.22,44.59,4964000.0,0.0,0.0
2015-01-27,44.1,44.17,43.56,43.73,6696800.0,0.0,0.0
2015-01-28,43.96,44.11,43.15,43.18,6402600.0,0.0,0.0
2015-01-29,43.35,43.9,43.12,43.9,6802400.0,0.0,0.0
2015-01-30,43.46,43.67,42.62,42.69,8106400.0,0.0,0.0
2015-02-02,42.89,42.89,42.01,42.54,8056600.0,0.0,0.0
2015-02-03,42.68,43.22,42.59,43.2,7940200.0,0.0,0.0
2015-02-04,42.93,43.16,42.7,42.83,7187400.0,0.0,0.0
2015-02-05,42.98,43.31,42.83,43.2,5754400.0,0.0,0.0
2015-02-06,43.22,43.26,42.36,42.48,7381800.0,0.0,0.0
2015-02-09,42.34,42.44,41.97,42.19,7339400.0,0.0,0.0
2015-02-10,42.45,43.08,42.21,42.92,7694600.0,0.0,0.0
2015-02-11,42.8,42.92,42.09,42.26,8541000.0,0.0,0.0
2015-02-12,42.33,42.88,42.02,42.58,11855800.0,0.0,0.0
2015-02-13,42.58,42.84,42.53,42.59,7695600.0,0.0,0.0
2015-02-17,42.45,42.99,42.45,42.51,7371000.0,0.0,0.0
2015-02-18,42.36,43.39,42.31,43.32,8143800.0,0.0,0.0
2015-02-19,43.26,43.62,43.26,43.36,6605200.0,0.0,0.0
2015-02-20,43.32,44.1,43.2,43.93,7398000.0,0.0,0.0
2015-02-23,43.93,44.07,43.63,43.97,4622200.0,0.0,0.0
2015-02-24,43.85,44.21,43.85,44.16,5239200.0,0.0,0.0
2015-02-25,44.16,44.98,44.16,44.81,7053600.0,0.0,0.0
2015-02-26,44.99,45.3,44.99,45.15,5935000.0,0.28,0.0
2015-02-27,45.13,45.34,44.98,45.21,7118600.0,0.0,0.0
2015-03-02,45.1,46.02,45.03,45.96,11025000.0,0.0,0.0
2015-03-03,45.82,45.83,45.21,45.6,7038400.0,0.0,0.0
2015-03-04,45.46,45.56,45.13,45.39,4853000.0,0.0,0.0
2015-03-05,45.6,45.93,45.52,45.83,6633600.0,0.0,0.0
2015-03-06,45.83,45.94,44.96,45.11,7174600.0,0.0,0.0
2015-03-09,45.19,45.53,45.12,45.35,5938800.0,0.0,0.0
2015-03-10,44.88,45.14,44.8,44.92,7096000.0,0.0,0.0
2015-03-11,44.86,45.19,44.3,44.38,7484200.0,0.0,0.0
2015-03-12,44.45,45.2,44.4,45.17,5809800.0,0.0,0.0
2015-03-13,45.17,45.37,44.36,44.6,7396200.0,0.0,0.0
2015-03-16,44.78,45.06,44.65,44.89,8497000.0,0.0,0.0
2015-03-17,44.75,45.05,44.46,44.94,6408200.0,0.0,0.0
2015-03-18,44.94,45.56,44.5,45.39,8855600.0,0.0,0.0
2015-03-19,45.53,45.9,45.25,45.76,13536000.0,0.0,0.0
2015-03-20,47.77,48.31,47.13,47.47,29779800.0,0.0,0.0
2015-03-23,47.27,47.76,47.11,47.23,10471800.0,0.0,0.0
2015-03-24,47.04,47.32,46.83,46.85,7598800.0,0.0,0.0
2015-03-25,47.01,47.1,46.05,46.08,8133400.0,0.0,0.0
2015-03-26,45.77,46.59,45.46,46.23,9479800.0,0.0,0.0
2015-03-27,46.14,46.63,46.14,46.49,4403600.0,0.0,0.0
2015-03-30,47.12,47.27,46.8,46.96,5435400.0,0.0,0.0
2015-03-31,46.96,47.4,46.68,46.7,6309200.0,0.0,0.0
2015-04-01,46.55,46.68,45.77,46.34,6605400.0,0.0,0.0
2015-04-02,46.57,46.7,46.26,46.39,3840400.0,0.0,0.0
2015-04-06,45.96,46.84,45.87,46.42,5027400.0,0.0,0.0
2015-04-07,46.42,46.67,46.3,46.37,3993600.0,0.0,0.0
2015-04-08,46.55,47.0,46.42,46.94,6522400.0,0.0,0.0
2015-04-09,47.01,47.33,46.83,46.88,5301000.0,0.0,0.0
2015-04-10,46.97,47.05,46.51,46.53,5918200.0,0.0,0.0
2015-04-13,46.53,46.57,46.11,46.21,7313800.0,0.0,0.0
2015-04-14,46.11,46.46,45.94,46.33,4770800.0,0.0,0.0
2015-04-15,46.84,46.89,46.42,46.47,5716200.0,0.0,0.0
2015-04-16,46.31,46.63,46.27,46.5,4104000.0,0.0,0.0
2015-04-17,46.16,46.25,45.68,45.87,6049600.0,0.0,0.0
2015-04-20,46.12,46.7,46.09,46.54,6208600.0,0.0,0.0
2015-04-21,46.9,46.94,46.42,46.68,5125200.0,0.0,0.0
2015-04-22,46.69,46.73,46.22,46.62,3905800.0,0.0,0.0
2015-04-23,46.44,47.29,46.29,47.06,4668200.0,0.0,0.0
2015-04-24,46.76,47.14,46.64,46.99,4334000.0,0.0,0.0
2015-04-27,47.14,47.48,46.91,46.98,5158400.0,0.0,0.0
2015-04-28,46.92,46.92,46.17,46.48,6031600.0,0.0,0.0
2015-04-29,46.33,46.77,46.2,46.63,5395200.0,0.0,0.0
2015-04-30,46.43,46.78,45.83,46.01,6497000.0,0.0,0.0
2015-05-01,46.49,46.93,46.27,46.91,6683400.0,0.0,0.0
2015-05-04,47.01,47.11,46.77,46.93,4557800.0,0.0,0.0
2015-05-05,46.75,46.95,46.67,46.74,5104400.0,0.0,0.0
2015-05-06,46.67,47.01,46.4,46.65,5396600.0,0.0,0.0
2015-05-07,46.76,47.29,46.56,47.22,5526200.0,0.0,0.0
2015-05-08,47.61,48.08,47.61,47.68,5534800.0,0.0,0.0
2015-05-11,47.67,48.05,47.52,47.85,5339800.0,0.0,0.0
2015-05-12,47.47,47.8,47.29,47.65,4676400.0,0.0,0.0
2015-05-13,47.8,47.82,47.38,47.55,4508200.0,0.0,0.0
2015-05-14,47.92,48.18,47.62,48.15,5433400.0,0.0,0.0
2015-05-15,48.25,48.89,48.12,48.86,7865200.0,0.0,0.0
2015-05-18,48.93,49.11,48.6,48.76,5045200.0,0.0,0.0
2015-05-19,48.7,48.96,48.57,48.71,5971200.0,0.0,0.0
2015-05-20,48.84,48.94,48.51,48.69,5399200.0,0.0,0.0
2015-05-21,48.81,48.97,48.52,48.59,5455200.0,0.0,0.0
2015-05-22,48.97,48.98,48.43,48.61,5654800.0,0.0,0.0
2015-05-26,48.61,48.76,48.03,48.14,5691400.0,0.0,0.0
2015-05-27,48.17,48.37,47.62,47.87,8896800.0,0.0,0.0
2015-05-28,47.85,48.18,47.51,47.88,5781600.0,0.28,0.0
2015-05-29,47.88,47.92,47.29,47.58,5562200.0,0.0,0.0
2015-06-01,47.63,47.87,47.48,47.63,4944000.0,0.0,0.0
2015-06-02,47.64,48.06,47.5,47.79,4974400.0,0.0,0.0
2015-06-03,47.87,48.25,47.63,47.98,4766800.0,0.0,0.0
2015-06-04,47.77,48.35,47.56,47.71,4467200.0,0.0,0.0
2015-06-05,47.5,47.85,47.33,47.75,3791800.0,0.0,0.0
2015-06-08,47.55,47.69,47.45,47.48,4314000.0,0.0,0.0
2015-06-09,47.5,47.7,47.17,47.43,3476800.0,0.0,0.0
2015-06-10,47.66,48.69,47.58,48.36,6270400.0,0.0,0.0
2015-06-11,49.18,49.2,48.43,48.62,6178000.0,0.0,0.0
2015-06-12,48.46,48.72,48.3,48.57,4133000.0,0.0,0.0
2015-06-15,48.25,48.6,48.08,48.37,4902000.0,0.0,0.0
2015-06-16,48.43,49.13,48.41,48.94,5034000.0,0.0,0.0
2015-06-17,49.02,49.22,48.71,49.02,4072400.0,0.0,0.0
2015-06-18,49.16,49.92,49.15,49.61,5690600.0,0.0,0.0
2015-06-19,49.62,50.01,49.58,49.86,7285600.0,0.0,0.0
2015-06-22,50.01,50.29,49.91,49.98,4186600.0,0.0,0.0
2015-06-23,50.17,50.2,49.99,50.17,5934200.0,0.0,0.0
2015-06-24,50.17,50.25,49.63,49.71,5056200.0,0.0,0.0
2015-06-25,49.99,49.99,48.99,49.24,10811400.0,0.0,0.0
2015-06-26,50.72,51.64,50.72,51.35,20287600.0,0.0,0.0
2015-06-29,51.14,51.24,50.39,50.39,9005000.0,0.0,0.0
2015-06-30,50.94,50.96,50.45,50.55,7531200.0,0.0,0.0
2015-07-01,50.99,51.21,50.82,51.21,5924000.0,0.0,0.0
2015-07-02,51.44,51.82,51.06,51.42,5900000.0,0.0,0.0
2015-07-06,51.06,51.72,51.02,51.41,4991400.0,0.0,0.0
2015-07-07,51.52,52.1,51.04,52.09,7207000.0,0.0,0.0
2015-07-08,51.58,51.83,51.01,51.14,6733600.0,0.0,0.0
2015-07-09,51.59,51.91,51.1,51.22,6168400.0,0.0,0.0
2015-07-10,51.73,51.86,51.01,51.73,5159200.0,0.0,0.0
2015-07-13,52.06,52.68,51.86,52.61,5047600.0,0.0,0.0
2015-07-14,52.81,52.91,52.38,52.58,5561400.0,0.0,0.0
2015-07-15,52.42,52.6,52.27,52.37,5016400.0,0.0,0.0
2015-07-16,52.77,52.84,52.35,52.58,4334600.0,0.0,0.0
2015-07-17,52.59,52.88,52.37,52.79,4545400.0,0.0,0.0
2015-07-20,53.01,53.14,52.8,52.95,5978200.0,0.0,0.0
2015-07-21,52.88,53.15,52.75,52.88,4626400.0,0.0,0.0
2015-07-22,52.82,53.46,52.82,53.4,5954200.0,0.0,0.0
2015-07-23,53.59,53.68,53.26,53.35,6714200.0,0.0,0.0
2015-07-24,53.44,53.44,52.64,52.88,5967200.0,0.0,0.0
2015-07-27,52.6,52.85,51.93,52.29,6648000.0,0.0,0.0
2015-07-28,52.45,53.31,52.35,53.11,6948200.0,0.0,0.0
2015-07-29,53.16,53.98,53.12,53.78,6839800.0,0.0,0.0
2015-07-30,53.8,54.01,53.33,53.83,5594000.0,0.0,0.0
2015-07-31,54.06,54.26,53.74,53.92,5078600.0,0.0,0.0
2015-08-03,54.06,54.29,53.16,53.74,4992000.0,0.0,0.0
2015-08-04,53.8,54.26,53.51,54.18,5229000.0,0.0,0.0
2015-08-05,54.58,55.09,54.45,54.64,6853000.0,0.0,0.0
2015-08-06,54.76,54.99,53.53,53.88,6211400.0,0.0,0.0
2015-08-07,53.69,53.8,52.93,53.59,5907800.0,0.0,0.0
2015-08-10,54.0,54.37,53.75,53.99,4613200.0,0.0,0.0
2015-08-11,53.42,53.82,53.18,53.57,5107400.0,0.0,0.0
2015-08-12,53.14,53.24,51.79,52.91,7127000.0,0.0,0.0
2015-08-13,53.01,53.6,52.86,53.17,5907800.0,0.0,0.0
2015-08-14,53.16,53.62,52.94,53.52,4685200.0,0.0,0.0
2015-08-17,53.41,53.88,52.93,53.81,3917400.0,0.0,0.0
2015-08-18,53.88,54.14,53.63,53.74,3669400.0,0.0,0.0
2015-08-19,53.35,54.31,53.14,53.8,6216400.0,0.0,0.0
2015-08-20,53.22,53.56,52.53,52.56,6536800.0,0.0,0.0
2015-08-21,52.17,52.26,50.0,50.02,15912800.0,0.0,0.0
2015-08-24,46.92,50.26,44.23,48.61,19882600.0,0.0,0.0
2015-08-25,50.21,50.22,48.43,48.45,13616200.0,0.0,0.0
2015-08-26,49.84,51.02,48.66,50.9,15156000.0,0.0,0.0
2015-08-27,51.65,52.74,51.31,52.71,13617400.0,0.0,0.0
2015-08-28,52.7,52.89,52.25,52.65,7526200.0,0.0,0.0
2015-08-31,52.6,52.65,52.06,52.3,7073600.0,0.0,0.0
2015-09-01,51.0,51.4,50.56,50.84,9385200.0,0.0,0.0
2015-09-02,51.55,51.85,51.11,51.81,8536400.0,0.0,0.0
2015-09-03,52.19,52.59,51.8,52.01,6065000.0,0.14,0.0
2015-09-04,51.25,51.81,51.11,51.47,7126200.0,0.0,0.0
2015-09-08,52.3,52.49,51.72,52.43,5511400.0,0.0,0.0
2015-09-09,52.88,53.02,51.43,51.55,6349800.0,0.0,0.0
2015-09-10,51.45,52.1,51.11,51.79,7363000.0,0.0,0.0
2015-09-11,51.72,52.48,51.61,52.47,5589600.0,0.0,0.0
2015-09-14,52.32,52.58,52.15,52.5,6833200.0,0.0,0.0
2015-09-15,52.5,53.53,51.99,53.41,7699400.0,0.0,0.0
2015-09-16,53.64,54.39,53.41,54.23,8104400.0,0.0,0.0
2015-09-17,54.07,54.8,53.75,54.08,8062600.0,0.0,0.0
2015-09-18,53.56,54.25,53.38,53.98,18615000.0,0.0,0.0
2015-09-21,54.27,54.94,53.85,54.69,8746600.0,0.0,0.0
2015-09-22,54.08,54.5,53.67,54.41,7555400.0,0.0,0.0
2015-09-23,54.41,54.71,54.05,54.16,9055800.0,0.0,0.0
2015-09-24,53.63,54.03,53.25,53.86,14352600.0,0.0,0.0
2015-09-25,57.77,59.1,57.57,58.65,36968200.0,0.0,0.0
2015-09-28,58.42,58.54,56.7,57.31,16450800.0,0.0,0.0
2015-09-29,57.24,57.28,55.86,56.15,14414400.0,0.0,0.0
2015-09-30,56.65,57.77,56.65,57.7,9437800.0,0.0,0.0
2015-10-01,57.79,58.15,56.9,58.1,8994200.0,0.0,0.0
2015-10-02,57.28,58.75,57.04,58.75,9114400.0,0.0,0.0
2015-10-05,59.04,59.35,58.22,58.31,9646400.0,0.0,0.0
2015-10-06,58.31,58.56,57.52,57.8,7665400.0,0.0,0.0
2015-10-07,58.0,58.39,56.77,57.29,10215400.0,0.0,0.0
2015-10-08,57.67,58.76,57.56,58.61,7622600.0,0.0,0.0
2015-10-09,58.44,58.81,58.22,58.62,6940600.0,0.0,0.0
2015-10-12,58.74,59.64,58.66,59.32,5449000.0,0.0,0.0
2015-10-13,59.12,59.37,58.93,59.03,6355400.0,0.0,0.0
2015-10-14,59.11,59.41,58.83,59.04,6509000.0,0.0,0.0
2015-10-15,59.69,60.61,59.57,60.43,10764800.0,0.0,0.0
2015-10-16,60.76,61.27,60.47,61.22,9321600.0,0.0,0.0
2015-10-19,61.8,62.65,61.52,62.5,12587800.0,0.0,0.0
2015-10-20,62.43,62.57,61.92,62.11,9104200.0,0.0,0.0
2015-10-21,62.24,62.51,61.85,62.16,5504000.0,0.0,0.0
2015-10-22,62.34,62.61,61.27,62.13,9294800.0,0.0,0.0
2015-10-23,62.44,62.5,60.48,61.24,10517800.0,0.0,0.0
2015-10-26,61.12,62.04,61.12,61.64,6882800.0,0.0,0.0
2015-10-27,61.47,61.58,60.84,61.38,6150000.0,0.0,0.0
2015-10-28,61.8,61.96,60.96,61.6,7091400.0,0.0,0.0
2015-10-29,61.32,61.69,60.98,61.52,4959000.0,0.0,0.0
2015-10-30,61.72,61.76,61.03,61.48,7230800.0,0.0,0.0
2015-11-02,61.81,61.93,60.74,61.55,6123200.0,0.0,0.0
2015-11-03,61.58,61.79,61.32,61.65,5492000.0,0.0,0.0
2015-11-04,61.65,61.87,60.94,61.17,5190200.0,0.0,0.0
2015-11-05,61.55,62.14,61.21,61.87,5068200.0,0.0,0.0
2015-11-06,61.75,62.38,61.63,61.83,4837600.0,0.0,0.0
2015-11-09,61.58,61.66,60.65,61.22,6181200.0,0.0,0.0
2015-11-10,61.04,61.32,60.78,61.0,5287400.0,0.0,0.0
2015-11-11,61.13,61.27,59.72,59.79,8578000.0,0.0,0.0
2015-11-12,59.59,60.06,58.84,59.11,9388000.0,0.0,0.0
2015-11-13,58.69,58.75,56.84,57.18,16371000.0,0.0,0.0
2015-11-16,57.15,57.94,56.93,57.93,9146400.0,0.0,0.0
2015-11-17,57.74,57.99,56.5,57.51,10581600.0,0.0,0.0
2015-11-18,57.73,59.13,57.55,59.02,10597800.0,0.0,0.0
2015-11-19,59.24,59.58,58.83,59.02,8557600.0,0.0,0.0
2015-11-20,61.97,62.31,61.22,62.24,19064800.0,0.0,0.0
2015-11-23,62.32,62.4,61.83,62.15,7135600.0,0.0,0.0
2015-11-24,61.76,62.39,61.59,62.17,5311600.0,0.0,0.0
2015-11-25,62.44,63.13,62.42,62.93,6989000.0,0.0,0.0
2015-11-27,63.3,63.48,62.56,63.03,4527800.0,0.0,0.0
2015-11-30,62.84,62.96,61.77,62.07,8738800.0,0.0,0.0
2015-12-01,61.99,62.6,61.9,62.55,6857000.0,0.0,0.0
2015-12-02,62.33,62.51,61.98,62.24,7965600.0,0.0,0.0
2015-12-03,62.46,62.57,60.53,60.58,10649800.0,0.0,0.0
2015-12-04,60.9,62.37,60.9,62.09,7410400.0,0.0,0.0
2015-12-07,62.44,62.51,61.43,61.9,6190000.0,0.16,0.0
2015-12-08,61.55,62.43,61.35,61.94,5605800.0,0.0,0.0
2015-12-09,61.5,61.87,60.08,60.6,7442800.0,0.0,0.0
2015-12-10,60.54,60.97,60.21,60.5,5682600.0,0.0,0.0
2015-12-11,60.02,60.08,59.11,59.4,8276000.0,0.0,0.0
2015-12-14,59.56,60.36,59.32,60.14,7991400.0,0.0,0.0
2015-12-15,60.96,61.14,60.37,60.49,6869600.0,0.0,0.0
2015-12-16,60.85,61.71,60.59,61.58,7542200.0,0.0,0.0
2015-12-17,61.94,62.01,61.18,61.25,7400800.0,0.0,0.0
2015-12-18,61.02,61.39,60.38,60.45,13804600.0,0.0,0.0
2015-12-21,60.99,61.29,60.49,61.05,8972600.0,0.0,0.0
2015-12-22,61.84,62.01,61.06,62.01,17218400.0,0.0,0.0
2015-12-23,64.08,64.15,60.12,60.54,57319400.0,0.0,0.0
2015-12-24,60.72,60.89,58.46,59.43,13889100.0,0.0,2.0
2015-12-28,59.46,60.09,59.07,60.02,8786800.0,0.0,0.0
2015-12-29,60.5,60.65,60.22,60.45,6708600.0,0.0,0.0
2015-12-30,60.54,60.58,59.42,59.5,5817900.0,0.0,0.0
2015-12-31,59.4,59.42,58.79,58.79,6454700.0,0.0,0.0
2016-01-04,57.48,58.24,57.25,57.87,11626800.0,0.0,0.0
2016-01-05,58.06,58.88,58.06,58.68,9220600.0,0.0,0.0
2016-01-06,57.66,58.36,57.52,57.84,6551600.0,0.0,0.0
2016-01-07,56.81,57.63,56.23,56.3,10881300.0,0.0,0.0
2016-01-08,56.5,57.18,55.18,55.38,11191300.0,0.0,0.0
2016-01-11,55.47,56.48,55.07,56.02,12825000.0,0.0,0.0
2016-01-12,56.77,57.21,56.04,56.38,8292200.0,0.0,0.0
2016-01-13,56.94,56.94,55.19,55.29,9944300.0,0.0,0.0
2016-01-14,55.5,55.83,53.88,55.04,9989000.0,0.0,0.0
2016-01-15,53.55,54.69,53.23,54.15,12208300.0,0.0,0.0
2016-01-19,54.74,55.57,54.25,54.86,9924300.0,0.0,0.0
2016-01-20,53.85,56.06,53.38,55.54,16234200.0,0.0,0.0
2016-01-21,55.58,57.53,55.56,56.97,16121600.0,0.0,0.0
2016-01-22,57.65,57.82,57.0,57.27,8430100.0,0.0,0.0
2016-01-25,57.47,57.66,57.02,57.1,10383400.0,0.0,0.0
2016-01-26,56.9,57.73,56.69,57.48,8005200.0,0.0,0.0
2016-01-27,57.34,57.48,55.69,56.05,8593700.0,0.0,0.0
2016-01-28,56.74,57.95,56.42,57.57,10207000.0,0.0,0.0
2016-01-29,57.57,58.47,57.57,58.33,10475200.0,0.0,0.0
2016-02-01,58.09,59.7,58.04,59.41,8247800.0,0.0,0.0
2016-02-02,59.28,59.73,58.61,58.84,9458500.0,0.0,0.0
2016-02-03,59.15,59.17,57.66,58.78,7213500.0,0.0,0.0
2016-02-04,58.34,58.47,56.43,56.6,10455700.0,0.0,0.0
2016-02-05,56.21,56.29,53.6,53.78,14415900.0,0.0,0.0
2016-02-08,52.77,52.88,50.46,51.77,21214500.0,0.0,0.0
2016-02-09,51.27,53.26,51.06,52.38,10915700.0,0.0,0.0
2016-02-10,53.19,54.73,52.61,54.0,13376800.0,0.0,0.0
2016-02-11,53.11,53.53,52.1,52.68,13090900.0,0.0,0.0
2016-02-12,53.97,54.04,52.21,53.07,10229500.0,0.0,0.0
2016-02-16,54.15,54.56,53.45,54.36,8058000.0,0.0,0.0
2016-02-17,55.12,55.12,53.71,54.72,10332700.0,0.0,0.0
2016-02-18,54.72,55.46,54.54,55.12,9658600.0,0.0,0.0
2016-02-19,55.03,55.79,54.21,55.79,10080100.0,0.0,0.0
2016-02-22,55.79,56.89,55.74,56.6,11523400.0,0.0,0.0
2016-02-23,56.69,57.14,56.34,56.64,7504600.0,0.0,0.0
2016-02-24,56.2,57.1,55.69,56.82,10390800.0,0.0,0.0
2016-02-25,57.08,58.68,57.03,58.68,8524300.0,0.0,0.0
2016-02-26,58.92,59.72,58.76,58.89,8896100.0,0.0,0.0
2016-02-29,58.75,58.96,57.93,57.94,7720600.0,0.0,0.0
2016-03-01,58.29,59.36,58.09,59.19,7438300.0,0.0,0.0
2016-03-02,58.81,59.16,57.85,58.53,8465800.0,0.0,0.0
2016-03-03,58.52,58.66,57.45,57.97,7924400.0,0.16,0.0
2016-03-04,57.93,58.04,56.94,57.77,7279400.0,0.0,0.0
2016-03-07,57.6,57.66,55.45,55.88,12829600.0,0.0,0.0
2016-03-08,55.67,57.15,55.37,56.41,9307900.0,0.0,0.0
2016-03-09,56.19,56.23,54.65,55.01,12766900.0,0.0,0.0
2016-03-10,55.36,55.68,54.67,55.53,9402600.0,0.0,0.0
2016-03-11,55.77,57.0,55.77,56.66,8834400.0,0.0,0.0
2016-03-14,56.77,57.84,56.68,57.35,7090500.0,0.0,0.0
2016-03-15,57.06,58.24,56.93,57.91,6188800.0,0.0,0.0
2016-03-16,57.97,58.69,57.8,58.34,7018300.0,0.0,0.0
2016-03-17,58.25,59.77,58.23,59.59,9926800.0,0.0,0.0
2016-03-18,59.93,60.34,59.27,59.41,13192900.0,0.0,0.0
2016-03-21,59.93,61.58,59.79,61.04,13635400.0,0.0,0.0
2016-03-22,61.14,61.72,60.52,61.21,18212900.0,0.0,0.0
2016-03-23,57.84,59.84,57.67,58.89,26987000.0,0.0,0.0
2016-03-24,58.53,58.6,57.64,58.14,12231300.0,0.0,0.0
2016-03-28,58.08,58.45,57.77,57.85,7899000.0,0.0,0.0
2016-03-29,57.77,58.38,57.77,57.99,7837800.0,0.0,0.0
2016-03-30,58.26,58.86,58.26,58.51,7859300.0,0.0,0.0
2016-03-31,58.46,59.08,57.82,57.97,8257800.0,0.0,0.0
2016-04-01,57.74,58.3,57.67,58.09,7555300.0,0.0,0.0
2016-04-04,58.22,58.33,56.04,56.56,16523400.0,0.0,0.0
2016-04-05,56.23,56.75,56.06,56.27,7554000.0,0.0,0.0
2016-04-06,56.21,57.23,55.82,56.88,10201500.0,0.0,0.0
2016-04-07,56.39,57.13,56.31,56.87,7092900.0,0.0,0.0
2016-04-08,57.05,57.11,55.94,56.04,8761700.0,0.0,0.0
2016-04-11,56.33,56.38,54.53,54.62,12593400.0,0.0,0.0
2016-04-12,54.7,55.28,53.65,55.22,12471100.0,0.0,0.0
2016-04-13,55.66,56.54,55.48,56.19,10629100.0,0.0,0.0
2016-04-14,56.31,56.91,56.06,56.11,7785200.0,0.0,0.0
2016-04-15,55.66,56.2,55.07,56.11,7653600.0,0.0,0.0
2016-04-18,56.0,56.59,56.0,56.18,6075900.0,0.0,0.0
2016-04-19,56.55,56.58,55.95,56.17,6594400.0,0.0,0.0
2016-04-20,56.05,56.81,56.05,56.23,7177500.0,0.0,0.0
2016-04-21,57.09,57.09,56.31,56.66,7156700.0,0.0,0.0
2016-04-22,56.76,56.79,55.61,56.05,8294300.0,0.0,0.0
2016-04-25,55.96,56.04,55.42,55.84,6117700.0,0.0,0.0
2016-04-26,55.94,56.56,55.9,56.15,5582200.0,0.0,0.0
2016-04-27,56.24,56.33,55.29,55.9,8094600.0,0.0,0.0
2016-04-28,55.6,56.48,55.1,55.21,6028600.0,0.0,0.0
2016-04-29,55.09,55.73,54.79,55.59,8178700.0,0.0,0.0
2016-05-02,55.73,56.35,55.63,56.2,8647800.0,0.0,0.0
2016-05-03,55.87,56.44,55.67,56.13,8061300.0,0.0,0.0
2016-05-04,55.86,56.55,55.47,55.75,8062800.0,0.0,0.0
2016-05-05,55.59,55.62,54.7,54.88,7846000.0,0.0,0.0
2016-05-06,54.85,55.11,54.12,55.11,7308000.0,0.0,0.0
2016-05-09,55.26,55.82,55.12,55.38,5604900.0,0.0,0.0
2016-05-10,55.28,56.58,55.28,55.83,7600200.0,0.0,0.0
2016-05-11,55.17,55.34,53.62,53.77,12823000.0,0.0,0.0
2016-05-12,54.25,55.02,54.05,54.69,8083700.0,0.0,0.0
2016-05-13,54.45,54.81,54.02,54.05,7392600.0,0.0,0.0
2016-05-16,54.01,54.26,53.41,53.89,8045900.0,0.0,0.0
2016-05-17,53.9,54.12,53.43,53.85,7620700.0,0.0,0.0
2016-05-18,53.53,53.63,52.5,52.93,11532800.0,0.0,0.0
2016-05-19,52.64,54.04,52.5,53.79,9376500.0,0.0,0.0
2016-05-20,52.7,53.81,52.26,53.27,13745300.0,0.0,0.0
2016-05-23,53.38,53.73,52.77,52.8,7780700.0,0.0,0.0
2016-05-24,52.86,53.54,52.68,53.37,11098700.0,0.0,0.0
2016-05-25,53.26,53.46,52.6,52.8,9921500.0,0.0,0.0
2016-05-26,52.86,53.15,52.44,52.66,9063100.0,0.0,0.0
2016-05-27,52.97,53.31,52.79,52.99,8525900.0,0.0,0.0
2016-05-31,53.2,53.26,52.03,52.08,14233600.0,0.0,0.0
2016-06-01,50.3,51.91,49.91,51.8,28409300.0,0.0,0.0
2016-06-02,51.28,51.71,51.28,51.58,13901700.0,0.16,0.0
2016-06-03,51.35,51.62,50.51,50.56,17265800.0,0.0,0.0
2016-06-06,50.86,51.59,50.78,51.36,13808300.0,0.0,0.0
2016-06-07,51.23,51.41,50.65,50.65,13334000.0,0.0,0.0
2016-06-08,50.92,51.4,50.75,51.19,12068500.0,0.0,0.0
2016-06-09,51.18,52.07,50.96,51.97,11609800.0,0.0,0.0
2016-06-10,51.68,52.36,51.6,52.13,12183600.0,0.0,0.0
2016-06-13,52.02,52.63,51.91,51.94,8582200.0,0.0,0.0
2016-06-14,51.62,51.97,51.15,51.19,9585600.0,0.0,0.0
2016-06-15,51.3,52.08,51.3,51.37,7498400.0,0.0,0.0
2016-06-16,50.64,50.74,50.07,50.58,14456500.0,0.0,0.0
2016-06-17,50.56,50.95,50.28,50.8,11007100.0,0.0,0.0
2016-06-20,51.29,52.16,51.29,51.42,8429400.0,0.0,0.0
2016-06-21,51.51,52.11,51.49,51.8,8278200.0,0.0,0.0
2016-06-22,52.02,52.15,51.58,51.62,7019600.0,0.0,0.0
2016-06-23,52.13,52.19,51.03,51.19,11219800.0,0.0,0.0
2016-06-24,49.53,50.47,49.35,49.74,18481200.0,0.0,0.0
2016-06-27,49.18,49.68,48.69,49.08,15265700.0,0.0,0.0
2016-06-28,49.22,50.32,48.78,50.22,20837800.0,0.0,0.0
2016-06-29,51.55,52.15,50.03,52.15,36084800.0,0.0,0.0
2016-06-30,52.3,52.43,51.64,52.21,17350500.0,0.0,0.0
2016-07-01,52.09,52.79,51.94,52.6,9285100.0,0.0,0.0
2016-07-05,52.34,52.88,52.03,52.21,10256100.0,0.0,0.0
2016-07-06,51.91,52.79,51.85,52.78,7863400.0,0.0,0.0
2016-07-07,52.78,52.95,52.55,52.89,6948000.0,0.0,0.0
2016-07-08,53.06,53.74,53.05,53.65,8645900.0,0.0,0.0
2016-07-11,53.75,54.13,53.64,53.75,8122500.0,0.0,0.0
2016-07-12,54.0,55.05,53.98,54.92,11164400.0,0.0,0.0
2016-07-13,55.03,55.28,54.6,54.85,9126500.0,0.0,0.0
2016-07-14,55.14,55.43,55.0,55.32,7488400.0,0.0,0.0
2016-07-15,55.42,55.68,54.74,54.74,9225200.0,0.0,0.0
2016-07-18,54.86,55.01,54.61,54.61,6478900.0,0.0,0.0
2016-07-19,54.35,54.64,54.06,54.63,7442700.0,0.0,0.0
2016-07-20,54.85,54.95,54.61,54.63,5872400.0,0.0,0.0
2016-07-21,54.85,54.89,53.51,53.9,8262000.0,0.0,0.0
2016-07-22,53.74,53.88,53.37,53.66,8614700.0,0.0,0.0
2016-07-25,53.79,54.06,53.4,54.05,7256300.0,0.0,0.0
2016-07-26,54.1,54.74,53.2,53.32,8546700.0,0.0,0.0
2016-07-27,53.44,53.91,52.47,52.77,10295400.0,0.0,0.0
2016-07-28,52.58,52.79,52.0,52.45,9574100.0,0.0,0.0
2016-07-29,52.28,52.65,52.22,52.5,6353400.0,0.0,0.0
2016-08-01,52.71,52.85,52.31,52.41,6268400.0,0.0,0.0
2016-08-02,52.24,52.29,51.81,51.95,7145600.0,0.0,0.0
2016-08-03,51.6,52.2,51.34,51.79,9687300.0,0.0,0.0
2016-08-04,51.98,52.56,51.69,51.82,8678100.0,0.0,0.0
2016-08-05,52.32,53.02,52.18,52.83,7512500.0,0.0,0.0
2016-08-08,53.09,53.34,52.67,52.95,6307000.0,0.0,0.0
2016-08-09,53.04,53.2,52.67,52.75,8044400.0,0.0,0.0
2016-08-10,52.92,53.14,52.09,52.15,6881400.0,0.0,0.0
2016-08-11,52.62,53.81,52.48,53.66,9539500.0,0.0,0.0
2016-08-12,53.63,53.69,53.09,53.39,5393400.0,0.0,0.0
2016-08-15,53.58,53.97,53.55,53.7,4836300.0,0.0,0.0
2016-08-16,53.72,53.95,53.37,53.8,4901800.0,0.0,0.0
2016-08-17,53.79,53.89,53.48,53.78,7340500.0,0.0,0.0
2016-08-18,53.9,54.35,53.82,54.11,6043600.0,0.0,0.0
2016-08-19,54.29,55.94,54.15,55.71,15987100.0,0.0,0.0
2016-08-22,55.64,56.24,55.47,55.48,8266000.0,0.0,0.0
2016-08-23,55.62,56.56,55.62,56.39,8222800.0,0.0,0.0
2016-08-24,56.65,57.06,56.49,56.96,11379000.0,0.0,0.0
2016-08-25,56.76,56.89,55.83,56.03,8713900.0,0.0,0.0
2016-08-26,55.4,55.99,55.14,55.81,9994300.0,0.0,0.0
2016-08-29,55.99,56.04,55.36,55.46,5831000.0,0.0,0.0
2016-08-30,55.29,55.58,54.72,54.86,6344600.0,0.0,0.0
2016-08-31,54.73,55.12,54.09,54.52,7723600.0,0.0,0.0
2016-09-01,54.7,55.53,54.57,55.52,8225000.0,0.16,0.0
2016-09-02,55.76,56.29,55.15,55.18,6933100.0,0.16,0.0
2016-09-06,55.4,55.52,54.41,54.6,9771800.0,0.0,0.0
2016-09-07,54.67,54.95,54.22,54.9,7536100.0,0.0,0.0
2016-09-08,54.1,54.47,53.37,53.42,12741900.0,0.0,0.0
2016-09-09,53.15,53.26,52.57,52.62,11310400.0,0.0,0.0
2016-09-12,52.31,53.38,52.26,53.27,7470900.0,0.0,0.0
2016-09-13,53.13,53.2,52.42,52.66,7359400.0,0.0,0.0
2016-09-14,52.46,52.84,52.24,52.43,7621200.0,0.0,0.0
2016-09-15,52.31,52.82,52.13,52.76,6283900.0,0.0,0.0
2016-09-16,52.54,52.65,52.36,52.48,11715400.0,0.0,0.0
2016-09-19,52.67,52.76,52.24,52.26,7671300.0,0.0,0.0
2016-09-20,52.56,52.73,52.08,52.19,8563000.0,0.0,0.0
2016-09-21,52.33,52.67,51.94,52.63,8041700.0,0.0,0.0
2016-09-22,52.76,53.24,52.54,52.7,8052400.0,0.0,0.0
2016-09-23,52.33,52.99,52.22,52.45,8921700.0,0.0,0.0
2016-09-26,52.12,52.31,51.44,51.74,11629600.0,0.0,0.0
2016-09-27,51.6,52.82,51.26,52.63,17945200.0,0.0,0.0
2016-09-28,51.93,52.31,50.22,50.65,33213000.0,0.0,0.0
2016-09-29,50.33,50.96,49.57,49.61,16993900.0,0.0,0.0
2016-09-30,50.0,50.46,49.72,50.07,12940200.0,0.0,0.0
2016-10-03,49.97,50.41,49.86,50.09,7632500.0,0.0,0.0
2016-10-04,50.31,50.46,49.53,49.59,10737400.0,0.0,0.0
2016-10-05,49.6,50.07,49.55,49.57,7244100.0,0.0,0.0
2016-10-06,49.65,49.77,49.43,49.49,9391700.0,0.0,0.0
2016-10-07,49.86,49.89,49.15,49.26,8407100.0,0.0,0.0
2016-10-10,49.58,49.69,49.24,49.26,5469300.0,0.0,0.0
2016-10-11,49.41,49.69,49.0,49.29,9203500.0,0.0,0.0
2016-10-12,49.47,50.13,49.27,49.88,9301300.0,0.0,0.0
2016-10-13,49.57,49.76,48.98,49.49,8425800.0,0.0,0.0
2016-10-14,49.82,49.93,49.1,49.1,7133800.0,0.0,0.0
2016-10-17,49.12,49.22,48.47,48.53,7904000.0,0.0,0.0
2016-10-18,48.79,49.13,48.69,48.71,6805200.0,0.0,0.0
2016-10-19,48.83,49.3,48.64,49.27,6999000.0,0.0,0.0
2016-10-20,49.24,49.8,49.16,49.35,6590500.0,0.0,0.0
2016-10-21,49.21,49.33,48.74,49.24,9161000.0,0.0,0.0
2016-10-24,49.61,49.73,49.3,49.33,7578200.0,0.0,0.0
2016-10-25,48.48,48.92,48.23,48.55,14975300.0,0.0,0.0
2016-10-26,48.46,49.71,48.41,49.43,12401100.0,0.0,0.0
2016-10-27,49.78,49.78,49.16,49.35,7939200.0,0.0,0.0
2016-10-28,49.57,49.93,49.26,49.48,9096700.0,0.0,0.0
2016-10-31,48.39,48.65,47.55,47.73,17931300.0,0.0,0.0
2016-11-01,48.03,48.04,46.74,47.19,14100400.0,0.0,0.0
2016-11-02,46.83,47.81,46.61,47.29,10775900.0,0.0,0.0
2016-11-03,47.54,47.55,46.9,47.3,7678700.0,0.0,0.0
2016-11-04,47.36,47.98,47.33,47.52,9925200.0,0.0,0.0
2016-11-07,48.01,48.44,47.82,48.42,8358700.0,0.0,0.0
2016-11-08,48.6,48.97,48.46,48.58,8111400.0,0.0,0.0
2016-11-09,47.62,48.76,47.36,48.62,9058600.0,0.0,0.0
2016-11-10,48.78,48.86,47.87,47.93,12316100.0,0.0,0.0
2016-11-11,47.76,48.36,47.73,48.29,6300600.0,0.0,0.0
2016-11-14,48.68,48.69,47.75,47.75,8063900.0,0.0,0.0
2016-11-15,47.99,48.16,47.32,47.68,9299800.0,0.0,0.0
2016-11-16,47.55,48.32,47.51,48.2,6760300.0,0.0,0.0
2016-11-17,48.45,49.14,48.24,49.07,7671600.0,0.0,0.0
2016-11-18,48.88,49.35,48.47,48.6,7461600.0,0.0,0.0
2016-11-21,48.51,48.91,48.46,48.77,5357200.0,0.0,0.0
2016-11-22,48.95,49.22,48.55,49.18,5228100.0,0.0,0.0
2016-11-23,49.18,49.31,48.7,48.83,4141600.0,0.0,0.0
2016-11-25,49.15,49.21,48.84,49.0,2736800.0,0.0,0.0
2016-11-28,48.92,48.92,48.13,48.52,8602100.0,0.0,0.0
2016-11-29,48.7,48.86,48.1,48.15,6065700.0,0.0,0.0
2016-11-30,48.05,48.32,47.62,47.62,8198400.0,0.0,0.0
2016-12-01,47.83,48.92,47.78,48.35,7610100.0,0.18,0.0
2016-12-02,47.97,48.38,47.83,48.17,6933300.0,0.0,0.0
2016-12-05,48.49,49.89,48.39,49.49,12031200.0,0.0,0.0
2016-12-06,48.52,48.78,47.97,48.27,12496300.0,0.0,0.0
2016-12-07,48.48,49.87,48.3,49.73,10412600.0,0.0,0.0
2016-12-08,49.78,50.08,49.11,49.21,9260900.0,0.0,0.0
2016-12-09,49.41,49.61,49.16,49.37,5869800.0,0.0,0.0
2016-12-12,49.16,49.54,48.62,49.2,11459500.0,0.0,0.0
2016-12-13,49.47,50.8,49.47,49.92,11442300.0,0.0,0.0
2016-12-14,49.86,49.96,49.24,49.43,8012800.0,0.0,0.0
2016-12-15,49.64,49.67,48.77,48.96,9567500.0,0.0,0.0
2016-12-16,49.25,49.29,48.37,48.6,13984900.0,0.0,0.0
2016-12-19,48.59,49.02,48.18,48.54,9451700.0,0.0,0.0
2016-12-20,48.74,49.63,48.44,49.43,15984100.0,0.0,0.0
2016-12-21,50.49,50.92,49.21,49.92,23236400.0,0.0,0.0
2016-12-22,50.4,50.59,49.66,49.77,11798900.0,0.0,0.0
2016-12-23,49.63,49.97,49.32,49.55,9360800.0,0.0,0.0
2016-12-27,49.44,49.87,48.87,48.96,8175000.0,0.0,0.0
2016-12-28,48.98,49.16,48.56,48.7,6318000.0,0.0,0.0
2016-12-29,48.68,48.91,48.57,48.74,4680800.0,0.0,0.0
2016-12-30,48.78,49.0,48.39,48.52,7384300.0,0.0,0.0
2017-01-03,49.63,50.11,49.42,49.62,13295600.0,0.0,0.0
2017-01-04,49.85,50.92,49.72,50.66,13759500.0,0.0,0.0
2017-01-05,50.51,50.69,50.06,50.65,8682200.0,0.0,0.0
2017-01-06,50.68,51.63,50.57,51.46,12532400.0,0.0,0.0
2017-01-09,51.51,51.53,50.8,50.95,8835300.0,0.0,0.0
2017-01-10,51.11,51.29,50.69,50.69,8041900.0,0.0,0.0
2017-01-11,50.7,50.87,50.27,50.29,8208300.0,0.0,0.0
2017-01-12,50.12,50.29,49.79,50.02,7368700.0,0.0,0.0
2017-01-13,50.2,50.52,49.85,50.51,6694400.0,0.0,0.0
2017-01-17,50.97,51.5,50.6,51.21,9888500.0,0.0,0.0
2017-01-18,51.41,51.44,50.46,50.85,6743100.0,0.0,0.0
2017-01-19,51.39,51.49,50.48,50.52,8320600.0,0.0,0.0
2017-01-20,50.8,50.92,50.49,50.78,7861000.0,0.0,0.0
2017-01-23,50.61,50.84,50.32,50.82,7025700.0,0.0,0.0
2017-01-24,50.61,51.13,50.58,51.02,6321300.0,0.0,0.0
2017-01-25,51.29,51.66,51.25,51.41,6675000.0,0.0,0.0
2017-01-26,51.65,51.66,50.93,51.21,6202000.0,0.0,0.0
2017-01-27,51.24,51.62,50.62,50.77,7362000.0,0.0,0.0
2017-01-30,50.38,50.8,50.03,50.67,9770800.0,0.0,0.0
2017-01-31,49.33,50.49,49.28,50.49,12342900.0,0.0,0.0
2017-02-01,50.57,50.84,50.22,50.61,8810900.0,0.0,0.0
2017-02-02,50.59,50.6,50.09,50.4,7874200.0,0.0,0.0
2017-02-03,50.23,50.41,49.87,49.98,8850400.0,0.0,0.0
2017-02-06,49.72,50.4,49.68,50.4,7355200.0,0.0,0.0
2017-02-07,50.66,50.86,50.27,50.41,6446900.0,0.0,0.0
2017-02-08,50.34,51.49,50.3,51.43,9281100.0,0.0,0.0
2017-02-09,51.43,53.17,51.43,52.79,14345400.0,0.0,0.0
2017-02-10,53.1,53.9,53.1,53.66,14973400.0,0.0,0.0
2017-02-13,53.62,53.78,53.21,53.54,7679800.0,0.0,0.0
2017-02-14,53.38,54.11,53.29,53.88,8891400.0,0.0,0.0
2017-02-15,53.73,54.18,53.65,54.06,6652000.0,0.0,0.0
2017-02-16,54.29,54.33,53.55,53.73,8374200.0,0.0,0.0
2017-02-17,53.57,54.22,53.32,54.17,12638000.0,0.0,0.0
2017-02-21,53.82,54.84,53.64,54.75,10955000.0,0.0,0.0
2017-02-22,54.87,55.73,54.75,55.59,10914100.0,0.0,0.0
2017-02-23,55.47,55.74,54.67,54.78,12316300.0,0.0,0.0
2017-02-24,54.78,55.76,54.47,55.23,9684500.0,0.0,0.0
2017-02-27,55.03,55.2,54.74,55.07,4375700.0,0.0,0.0
2017-02-28,54.76,54.93,54.27,54.56,7951300.0,0.0,0.0
2017-03-01,55.23,55.39,54.72,55.31,8558900.0,0.0,0.0
2017-03-02,55.44,55.77,55.2,55.34,6438400.0,0.18,0.0
2017-03-03,55.34,55.34,54.11,54.29,9181600.0,0.0,0.0
2017-03-06,54.29,54.51,54.13,54.36,6896800.0,0.0,0.0
2017-03-07,54.3,54.57,53.64,54.15,7124400.0,0.0,0.0
2017-03-08,54.52,54.52,53.92,54.11,7604800.0,0.0,0.0
2017-03-09,54.2,54.25,53.71,53.96,6165700.0,0.0,0.0
2017-03-10,54.09,54.57,53.87,54.03,8882400.0,0.0,0.0
2017-03-13,54.03,54.4,53.73,54.26,7235900.0,0.0,0.0
2017-03-14,54.45,55.54,54.31,54.85,9286900.0,0.0,0.0
2017-03-15,55.18,55.53,54.34,55.21,10067500.0,0.0,0.0
2017-03-16,54.99,55.27,54.41,55.15,9895000.0,0.0,0.0
2017-03-17,55.31,55.43,54.87,55.34,10791500.0,0.0,0.0
2017-03-20,55.53,56.31,55.5,56.19,13352500.0,0.0,0.0
2017-03-21,56.28,56.49,55.27,55.54,15269800.0,0.0,0.0
2017-03-22,52.43,52.66,51.48,51.63,37413400.0,0.0,0.0
2017-03-23,52.29,53.19,52.2,53.02,23848300.0,0.0,0.0
2017-03-24,52.94,54.23,52.78,53.96,14438600.0,0.0,0.0
2017-03-27,53.28,53.86,53.18,53.55,8663600.0,0.0,0.0
2017-03-28,53.61,54.37,53.42,54.21,7823900.0,0.0,0.0
2017-03-29,54.01,54.67,53.95,54.27,7456200.0,0.0,0.0
2017-03-30,54.08,54.19,53.44,53.66,7210500.0,0.0,0.0
2017-03-31,53.62,53.65,53.28,53.36,5905600.0,0.0,0.0
2017-04-03,53.37,53.43,52.81,53.2,7088800.0,0.0,0.0
2017-04-04,52.81,52.95,52.5,52.7,8843300.0,0.0,0.0
2017-04-05,52.63,53.43,52.18,52.64,7722100.0,0.0,0.0
2017-04-06,52.73,53.56,52.6,52.8,6692200.0,0.0,0.0
2017-04-07,52.76,52.89,52.44,52.77,6078300.0,0.0,0.0
2017-04-10,52.66,52.98,52.39,52.57,5472700.0,0.0,0.0
2017-04-11,52.61,52.73,52.23,52.59,4348600.0,0.0,0.0
2017-04-12,52.34,53.26,52.18,53.21,8504100.0,0.0,0.0
2017-04-13,53.05,53.24,52.91,52.99,5282100.0,0.0,0.0
2017-04-17,52.97,53.95,52.9,53.85,7688700.0,0.0,0.0
2017-04-18,53.64,54.02,53.43,53.73,5651100.0,0.0,0.0
2017-04-19,53.77,53.83,53.37,53.49,5947700.0,0.0,0.0
2017-04-20,53.58,54.28,53.5,54.0,6867100.0,0.0,0.0
2017-04-21,53.9,53.98,53.31,53.48,6055600.0,0.0,0.0
2017-04-24,53.75,53.82,53.11,53.11,10777700.0,0.0,0.0
2017-04-25,53.17,53.4,53.05,53.09,8971000.0,0.0,0.0
2017-04-26,53.1,53.47,52.78,52.82,10936000.0,0.0,0.0
2017-04-27,52.83,53.21,52.58,53.11,8558000.0,0.0,0.0
2017-04-28,53.07,53.17,52.8,53.05,6437700.0,0.0,0.0
2017-05-01,53.07,53.09,52.64,52.65,4881400.0,0.0,0.0
2017-05-02,52.78,52.82,52.46,52.73,7363600.0,0.0,0.0
2017-05-03,52.83,52.95,52.09,52.21,9474700.0,0.0,0.0
2017-05-04,52.36,52.5,51.9,52.15,6830600.0,0.0,0.0
2017-05-05,52.1,52.18,51.28,51.66,13379900.0,0.0,0.0
2017-05-08,51.88,52.19,51.54,51.99,8728100.0,0.0,0.0
2017-05-09,52.02,52.74,51.86,52.56,6441200.0,0.0,0.0
2017-05-10,52.58,52.72,52.19,52.24,5823000.0,0.0,0.0
2017-05-11,52.2,52.2,51.13,51.93,6499600.0,0.0,0.0
2017-05-12,51.8,52.08,51.5,51.9,5606300.0,0.0,0.0
2017-05-15,51.82,51.9,51.4,51.48,8201700.0,0.0,0.0
2017-05-16,50.14,51.11,49.9,50.54,14562700.0,0.0,0.0
2017-05-17,50.54,50.62,49.6,49.6,18341500.0,0.0,0.0
2017-05-18,49.76,49.87,49.12,49.48,22576500.0,0.0,0.0
2017-05-19,48.83,49.9,48.65,49.57,20047800.0,0.0,0.0
2017-05-22,49.57,49.75,49.22,49.38,13671500.0,0.0,0.0
2017-05-23,49.77,50.39,49.67,49.98,11087300.0,0.0,0.0
2017-05-24,50.03,50.08,49.54,49.8,9383600.0,0.0,0.0
2017-05-25,50.15,50.35,49.99,50.12,7627500.0,0.0,0.0
2017-05-26,50.12,50.52,50.01,50.35,5921300.0,0.0,0.0
2017-05-30,50.52,50.77,50.4,50.67,8039600.0,0.0,0.0
2017-05-31,50.77,51.02,50.47,50.74,8938800.0,0.0,0.0
2017-06-01,50.98,51.21,50.16,50.25,13352100.0,0.18,0.0
2017-06-02,50.63,50.93,50.31,50.9,18511200.0,0.0,0.0
2017-06-05,50.92,51.14,50.63,50.93,5748900.0,0.0,0.0
2017-06-06,50.82,51.02,50.37,50.42,8923000.0,0.0,0.0
2017-06-07,50.72,51.27,50.68,51.14,7438300.0,0.0,0.0
2017-06-08,51.14,52.02,51.06,51.11,7785600.0,0.0,0.0
2017-06-09,51.11,51.37,50.73,51.36,8347400.0,0.0,0.0
2017-06-12,51.41,52.12,51.4,51.91,9180000.0,0.0,0.0
2017-06-13,51.91,52.52,51.73,52.18,8720100.0,0.0,0.0
2017-06-14,52.34,52.52,51.83,52.52,6783900.0,0.0,0.0
2017-06-15,51.88,51.93,50.66,50.82,16041100.0,0.0,0.0
2017-06-16,49.72,49.81,48.8,49.09,25725500.0,0.0,0.0
2017-06-19,49.4,50.17,49.38,49.98,11265300.0,0.0,0.0
2017-06-20,50.01,50.08,49.09,49.54,10676500.0,0.0,0.0
2017-06-21,49.86,50.62,49.86,50.53,13021700.0,0.0,0.0
2017-06-22,50.54,50.56,50.05,50.34,10660700.0,0.0,0.0
2017-06-23,50.1,50.84,49.64,50.78,8522400.0,0.0,0.0
2017-06-26,50.87,51.47,50.6,51.19,7966200.0,0.0,0.0
2017-06-27,51.1,51.17,50.57,50.87,7873100.0,0.0,0.0
2017-06-28,51.08,51.51,50.88,51.27,7527200.0,0.0,0.0
2017-06-29,51.24,51.53,50.91,51.08,14801900.0,0.0,0.0
2017-06-30,54.38,57.37,54.28,56.68,46553000.0,0.0,0.0
2017-07-03,56.08,56.69,56.04,56.35,9910000.0,0.0,0.0
2017-07-05,55.95,56.0,55.25,55.3,16167000.0,0.0,0.0
2017-07-06,55.2,55.46,54.76,54.92,9035700.0,0.0,0.0
2017-07-07,55.15,55.8,54.79,55.7,8145400.0,0.0,0.0
2017-07-10,55.62,56.5,55.42,56.43,8942400.0,0.0,0.0
2017-07-11,56.24,56.62,55.76,55.9,7223000.0,0.0,0.0
2017-07-12,56.02,56.44,55.82,55.94,7243100.0,0.0,0.0
2017-07-13,55.94,56.28,55.66,55.67,8108600.0,0.0,0.0
2017-07-14,55.68,55.93,55.38,55.72,6345300.0,0.0,0.0
2017-07-17,55.72,56.06,55.49,55.52,6885000.0,0.0,0.0
2017-07-18,55.47,55.8,55.21,55.39,4922500.0,0.0,0.0
2017-07-19,55.34,55.61,55.14,55.5,4451100.0,0.0,0.0
2017-07-20,56.8,57.25,56.49,56.78,11915500.0,0.0,0.0
2017-07-21,56.68,57.65,56.6,57.6,11048300.0,0.0,0.0
2017-07-24,57.35,57.42,56.45,56.64,7498900.0,0.0,0.0
2017-07-25,56.99,57.18,56.61,57.06,5157100.0,0.0,0.0
2017-07-26,56.77,56.81,56.03,56.07,5529500.0,0.0,0.0
2017-07-27,56.3,56.38,55.71,55.87,8259900.0,0.0,0.0
2017-07-28,55.87,56.44,55.7,56.37,5112800.0,0.0,0.0
2017-07-31,56.41,56.8,56.04,56.73,6225900.0,0.0,0.0
2017-08-01,56.68,57.59,56.59,57.49,9051700.0,0.0,0.0
2017-08-02,57.21,57.6,56.94,57.44,4468100.0,0.0,0.0
2017-08-03,57.45,58.15,57.3,57.78,5677200.0,0.0,0.0
2017-08-04,57.81,57.97,57.29,57.42,4106000.0,0.0,0.0
2017-08-07,57.47,57.74,57.37,57.44,4066700.0,0.0,0.0
2017-08-08,57.53,57.76,57.03,57.13,5586400.0,0.0,0.0
2017-08-09,57.09,57.62,56.93,57.55,5310900.0,0.0,0.0
2017-08-10,57.34,57.35,56.74,56.75,5585100.0,0.0,0.0
2017-08-11,56.43,56.94,56.29,56.66,4980000.0,0.0,0.0
2017-08-14,56.83,57.65,56.81,57.43,5900000.0,0.0,0.0
2017-08-15,56.63,56.69,56.0,56.26,8913000.0,0.0,0.0
2017-08-16,56.59,56.73,55.94,56.24,5489600.0,0.0,0.0
2017-08-17,56.23,56.44,55.17,55.21,9148600.0,0.0,0.0
2017-08-18,52.7,53.25,52.04,52.79,22905200.0,0.0,0.0
2017-08-21,52.3,52.3,51.03,51.51,14289300.0,0.0,0.0
2017-08-22,51.8,52.27,51.68,52.01,8212800.0,0.0,0.0
2017-08-23,51.8,51.96,51.35,51.51,6409400.0,0.0,0.0
2017-08-24,51.81,51.85,51.36,51.73,5461900.0,0.0,0.0
2017-08-25,51.91,52.07,51.44,51.78,6416600.0,0.0,0.0
2017-08-28,51.95,52.29,51.52,51.62,5269400.0,0.0,0.0
2017-08-29,50.67,50.81,50.03,50.66,12539900.0,0.0,0.0
2017-08-30,50.73,50.88,50.2,50.5,7434500.0,0.0,0.0
2017-08-31,50.71,51.08,50.58,50.91,7728900.0,0.18,0.0
2017-09-01,51.1,51.53,51.0,51.44,5509800.0,0.0,0.0
2017-09-05,51.34,51.55,50.98,51.1,6306500.0,0.0,0.0
2017-09-06,51.21,51.42,50.82,50.86,7407600.0,0.0,0.0
2017-09-07,50.86,50.95,50.46,50.51,6905800.0,0.0,0.0
2017-09-08,50.37,50.62,50.24,50.32,8563300.0,0.0,0.0
2017-09-11,50.5,51.22,50.44,51.12,8649900.0,0.0,0.0
2017-09-12,51.84,52.15,51.38,51.48,7823700.0,0.0,0.0
2017-09-13,51.53,51.71,51.13,51.6,6086000.0,0.0,0.0
2017-09-14,51.62,51.95,51.21,51.8,7497400.0,0.0,0.0
2017-09-15,51.92,52.12,51.6,51.93,10046800.0,0.0,0.0
2017-09-18,51.93,52.21,51.48,51.58,8166400.0,0.0,0.0
2017-09-19,50.88,52.11,50.62,51.41,14707200.0,0.0,0.0
2017-09-20,51.57,51.71,51.13,51.64,7058000.0,0.0,0.0
2017-09-21,51.63,51.71,51.18,51.28,8065400.0,0.0,0.0
2017-09-22,51.11,51.68,50.9,51.33,10962400.0,0.0,0.0
2017-09-25,51.17,51.64,51.1,51.32,12262400.0,0.0,0.0
2017-09-26,51.27,52.03,51.08,51.77,16183700.0,0.0,0.0
2017-09-27,50.3,50.8,49.2,50.78,36202500.0,0.0,0.0
2017-09-28,50.9,51.12,50.45,50.74,11334700.0,0.0,0.0
2017-09-29,50.7,50.92,49.9,49.99,12189900.0,0.0,0.0
2017-10-02,50.29,50.33,49.8,50.01,7516200.0,0.0,0.0
2017-10-03,50.13,50.18,49.55,49.62,8126700.0,0.0,0.0
2017-10-04,49.66,50.26,49.55,50.21,8204300.0,0.0,0.0
2017-10-05,50.14,50.44,49.92,50.3,5287400.0,0.0,0.0
2017-10-06,50.32,50.57,50.25,50.54,5360300.0,0.0,0.0
2017-10-09,50.35,50.42,49.65,49.67,6875100.0,0.0,0.0
2017-10-10,49.73,49.96,49.52,49.68,8372700.0,0.0,0.0
2017-10-11,49.54,49.67,49.0,49.2,9109600.0,0.0,0.0
2017-10-12,49.15,49.28,48.54,49.0,10658400.0,0.0,0.0
2017-10-13,49.0,49.23,48.59,49.15,16227900.0,0.0,0.0
2017-10-16,48.97,49.56,48.82,49.52,9299300.0,0.0,0.0
2017-10-17,49.65,50.17,49.53,50.13,9492700.0,0.0,0.0
2017-10-18,50.3,50.52,50.23,50.42,10890300.0,0.0,0.0
2017-10-19,49.8,50.9,49.63,50.8,12568200.0,0.0,0.0
2017-10-20,50.89,51.58,50.89,51.15,13020900.0,0.0,0.0
2017-10-23,51.15,52.01,51.1,51.73,12242600.0,0.0,0.0
2017-10-24,51.96,52.06,51.19,51.5,14767600.0,0.0,0.0
2017-10-25,51.51,53.9,50.78,52.97,24804000.0,0.0,0.0
2017-10-26,53.27,55.19,53.16,54.77,22185100.0,0.0,0.0
2017-10-27,53.81,54.33,53.65,53.95,12801800.0,0.0,0.0
2017-10-30,53.71,53.92,52.87,53.28,10169400.0,0.0,0.0
2017-10-31,52.78,53.29,52.56,53.01,9794800.0,0.0,0.0
2017-11-01,53.43,53.51,52.88,53.09,7544500.0,0.0,0.0
2017-11-02,53.17,53.33,52.63,53.14,7250300.0,0.0,0.0
2017-11-03,53.17,53.72,53.06,53.71,9448200.0,0.0,0.0
2017-11-06,53.3,54.11,53.16,54.03,9332200.0,0.0,0.0
2017-11-07,53.75,54.01,53.04,53.17,7774700.0,0.0,0.0
2017-11-08,53.02,53.77,52.92,53.76,7079400.0,0.0,0.0
2017-11-09,53.51,54.32,53.32,54.11,10958500.0,0.0,0.0
2017-11-10,53.87,54.46,53.62,54.07,7535700.0,0.0,0.0
2017-11-13,53.66,54.07,53.66,53.9,10106100.0,0.0,0.0
2017-11-14,53.71,54.16,53.53,53.97,5037500.0,0.0,0.0
2017-11-15,53.95,54.83,53.1,54.59,6610500.0,0.0,0.0
2017-11-16,54.59,55.22,54.38,55.17,8233300.0,0.0,0.0
2017-11-17,56.44,57.39,56.27,57.06,15475500.0,0.0,0.0
2017-11-20,56.52,57.36,55.9,57.12,8480600.0,0.0,0.0
2017-11-21,56.91,57.27,56.81,57.26,9057800.0,0.0,0.0
2017-11-22,57.05,57.21,56.82,56.95,8501300.0,0.0,0.0
2017-11-24,56.88,57.22,56.79,57.19,3400400.0,0.0,0.0
2017-11-27,57.07,57.55,57.04,57.49,7891600.0,0.0,0.0
2017-11-28,56.65,57.46,56.44,57.44,8665300.0,0.0,0.0
2017-11-29,57.58,58.45,57.58,58.19,12022800.0,0.0,0.0
2017-11-30,58.09,59.01,58.04,58.25,12551200.0,0.0,0.0
2017-12-01,58.44,58.45,57.3,57.92,10113500.0,0.2,0.0
2017-12-04,58.3,58.71,58.01,58.13,7513200.0,0.0,0.0
2017-12-05,58.66,58.81,57.7,58.44,8862900.0,0.0,0.0
2017-12-06,58.43,58.86,57.75,57.76,7862200.0,0.0,0.0
2017-12-07,57.9,59.06,57.7,58.62,6113300.0,0.0,0.0
2017-12-08,58.52,59.36,58.32,59.29,6065200.0,0.0,0.0
2017-12-11,59.36,60.18,59.29,59.88,9017800.0,0.0,0.0
2017-12-12,59.79,60.48,59.63,60.13,7358000.0,0.0,0.0
2017-12-13,60.18,62.35,59.99,62.2,16072600.0,0.0,0.0
2017-12-14,62.32,62.73,61.95,62.42,13055100.0,0.0,0.0
2017-12-15,62.77,62.94,62.05,62.67,15659300.0,0.0,0.0
2017-12-18,62.8,62.95,62.28,62.69,12652000.0,0.0,0.0
2017-12-19,63.02,63.06,62.08,62.14,8212500.0,0.0,0.0
2017-12-20,62.28,62.39,61.5,61.51,12468600.0,0.0,0.0
2017-12-21,62.19,62.85,61.23,62.65,14352300.0,0.0,0.0
2017-12-22,59.2,61.46,58.16,61.22,20414200.0,0.0,0.0
2017-12-26,60.84,61.8,60.75,61.57,4563500.0,0.0,0.0
2017-12-27,61.48,61.52,60.72,60.89,8959700.0,0.0,0.0
2017-12-28,60.94,61.25,60.79,60.89,3987200.0,0.0,0.0
2017-12-29,61.14,61.3,60.5,60.5,5222100.0,0.0,0.0
2018-01-02,60.79,61.41,60.79,61.41,6511000.0,0.0,0.0
2018-01-03,61.4,61.58,60.71,61.4,6091100.0,0.0,0.0
2018-01-04,61.32,61.47,60.5,61.36,5780500.0,0.0,0.0
2018-01-05,61.61,62.2,61.39,61.89,11632300.0,0.0,0.0
2018-01-08,62.05,62.59,61.89,62.44,11905700.0,0.0,0.0
2018-01-09,62.13,62.6,61.39,61.99,8771300.0,0.0,0.0
2018-01-10,61.79,62.13,61.36,62.12,5010600.0,0.0,0.0
2018-01-11,61.93,62.2,61.69,62.19,5103500.0,0.0,0.0
2018-01-12,62.39,62.6,62.21,62.55,5135700.0,0.0,0.0
2018-01-16,62.66,63.22,61.3,61.34,9117000.0,0.0,0.0
2018-01-17,61.59,61.91,61.01,61.72,7422600.0,0.0,0.0
2018-01-18,61.9,62.11,61.46,62.01,5656900.0,0.0,0.0
2018-01-19,63.17,65.04,62.99,65.01,12896100.0,0.0,0.0
2018-01-22,64.37,64.64,63.61,64.22,8491800.0,0.0,0.0
2018-01-23,64.35,65.13,64.26,64.94,6412000.0,0.0,0.0
2018-01-24,65.14,65.95,64.87,65.77,7421800.0,0.0,0.0
2018-01-25,65.9,66.39,65.24,65.49,5707600.0,0.0,0.0
2018-01-26,65.97,66.39,65.7,65.81,6290500.0,0.0,0.0
2018-01-29,65.6,65.91,65.21,65.37,5067300.0,0.0,0.0
2018-01-30,65.29,66.07,64.96,65.13,6350500.0,0.0,0.0
2018-01-31,65.29,66.58,65.26,65.99,11036400.0,0.0,0.0
2018-02-01,65.45,65.74,64.52,65.44,5790500.0,0.0,0.0
2018-02-02,65.02,65.57,64.81,65.02,9348300.0,0.0,0.0
2018-02-05,64.45,65.01,62.28,62.28,12549500.0,0.0,0.0
2018-02-06,60.43,63.28,60.06,63.08,13356700.0,0.0,0.0
2018-02-07,63.02,64.65,62.97,63.48,8845700.0,0.0,0.0
2018-02-08,63.38,63.56,60.42,60.44,14121800.0,0.0,0.0
2018-02-09,61.67,63.89,60.78,63.35,13733300.0,0.0,0.0
2018-02-12,63.78,64.63,63.53,63.82,9792200.0,0.0,0.0
2018-02-13,63.69,64.06,63.29,63.71,9538400.0,0.0,0.0
2018-02-14,63.57,65.8,63.4,65.74,8662600.0,0.0,0.0
2018-02-15,66.15,66.51,65.05,66.05,7390200.0,0.0,0.0
2018-02-16,65.68,66.74,65.52,66.06,6842100.0,0.0,0.0
2018-02-20,65.43,65.74,64.86,65.28,4859100.0,0.0,0.0
2018-02-21,65.45,65.79,64.84,64.86,5107900.0,0.0,0.0
2018-02-22,65.05,65.27,64.56,64.93,6515800.0,0.0,0.0
2018-02-23,65.18,65.93,64.66,65.93,4428500.0,0.0,0.0
2018-02-26,66.15,67.52,66.1,67.37,6499500.0,0.0,0.0
2018-02-27,67.71,67.95,65.8,65.8,6843100.0,0.0,0.0
2018-02-28,65.87,66.06,64.82,64.84,6091800.0,0.0,0.0
2018-03-01,65.04,65.45,63.52,64.15,7323900.0,0.0,0.0
2018-03-02,62.97,64.12,62.3,63.93,8380500.0,0.2,0.0
2018-03-05,63.53,63.54,62.42,63.11,8838400.0,0.0,0.0
2018-03-06,63.27,63.41,62.7,63.3,6550100.0,0.0,0.0
2018-03-07,62.59,62.86,61.99,62.26,6457600.0,0.0,0.0
2018-03-08,62.64,63.3,62.56,63.17,5573000.0,0.0,0.0
2018-03-09,63.56,64.53,63.41,64.32,5838400.0,0.0,0.0
2018-03-12,64.66,65.59,64.34,64.83,7522700.0,0.0,0.0
2018-03-13,65.29,65.67,64.16,64.2,5167300.0,0.0,0.0
2018-03-14,64.66,64.91,63.71,64.23,6463800.0,0.0,0.0
2018-03-15,64.51,64.62,64.16,64.41,5260800.0,0.0,0.0
2018-03-16,64.33,64.7,63.95,63.95,12860900.0,0.0,0.0
2018-03-19,63.74,64.36,63.25,63.75,7255600.0,0.0,0.0
2018-03-20,63.97,64.88,63.96,64.81,6906200.0,0.0,0.0
2018-03-21,64.74,65.21,64.33,64.37,5805200.0,0.0,0.0
2018-03-22,63.64,64.18,62.32,62.5,12313300.0,0.0,0.0
2018-03-23,64.71,65.11,62.54,62.7,17343800.0,0.0,0.0
2018-03-26,63.14,64.09,63.05,63.94,10796000.0,0.0,0.0
2018-03-27,63.93,65.62,63.48,64.2,9452500.0,0.0,0.0
2018-03-28,64.6,65.15,63.32,63.49,7208400.0,0.0,0.0
2018-03-29,63.74,64.57,63.65,64.46,10748300.0,0.0,0.0
2018-04-02,64.0,64.08,61.33,62.21,12383900.0,0.0,0.0
2018-04-03,62.55,64.74,62.44,64.71,8766400.0,0.0,0.0
2018-04-04,64.0,66.46,63.96,66.38,10275800.0,0.0,0.0
2018-04-05,66.46,67.7,66.35,67.52,9093300.0,0.0,0.0
2018-04-06,66.47,67.24,64.93,65.54,9719300.0,0.0,0.0
2018-04-09,66.35,66.51,65.15,65.18,6504500.0,0.0,0.0
2018-04-10,65.79,65.86,64.51,65.0,10098900.0,0.0,0.0
2018-04-11,64.6,65.2,64.54,64.84,5185500.0,0.0,0.0
2018-04-12,65.07,65.97,65.07,65.75,5145300.0,0.0,0.0
2018-04-13,66.09,66.29,64.98,65.25,4300200.0,0.0,0.0
2018-04-16,65.79,65.95,65.06,65.06,6484400.0,0.0,0.0
2018-04-17,65.36,65.65,65.27,65.5,5605700.0,0.0,0.0
2018-04-18,65.52,65.72,64.19,64.23,7384000.0,0.0,0.0
2018-04-19,64.06,64.32,63.05,63.77,8274300.0,0.0,0.0
2018-04-20,63.79,64.14,63.5,64.12,10402800.0,0.0,0.0
2018-04-23,64.03,65.03,63.98,64.89,6338400.0,0.0,0.0
2018-04-24,65.3,65.5,64.73,64.97,8176100.0,0.0,0.0
2018-04-25,64.85,65.0,64.28,64.68,5188900.0,0.0,0.0
2018-04-26,64.79,66.25,64.65,66.02,5355200.0,0.0,0.0
2018-04-27,66.43,67.91,66.41,67.49,7814900.0,0.0,0.0
2018-04-30,67.51,67.73,66.35,66.35,6484100.0,0.0,0.0
2018-05-01,65.95,66.18,65.03,66.07,4957800.0,0.0,0.0
2018-05-02,66.01,66.52,65.47,66.23,5752100.0,0.0,0.0
2018-05-03,65.78,65.83,64.65,64.91,6155900.0,0.0,0.0
2018-05-04,64.85,66.29,64.81,66.07,5132900.0,0.0,0.0
2018-05-07,66.03,67.35,66.03,67.27,5041600.0,0.0,0.0
2018-05-08,67.14,67.17,66.17,66.42,6534900.0,0.0,0.0
2018-05-09,66.38,66.43,65.01,65.92,7956300.0,0.0,0.0
2018-05-10,66.11,66.23,65.32,65.9,4965200.0,0.0,0.0
2018-05-11,66.0,66.49,65.89,66.39,4145100.0,0.0,0.0
2018-05-14,66.55,66.84,66.08,66.79,3453800.0,0.0,0.0
2018-05-15,66.27,67.45,66.2,67.43,5045000.0,0.0,0.0
2018-05-16,67.59,69.38,67.54,69.21,9693000.0,0.0,0.0
2018-05-17,69.27,69.47,68.71,68.83,6064700.0,0.0,0.0
2018-05-18,68.65,69.46,68.37,69.19,5688100.0,0.0,0.0
2018-05-21,69.35,69.56,68.6,69.25,5480700.0,0.0,0.0
2018-05-22,69.33,70.04,69.14,69.18,5675300.0,0.0,0.0
2018-05-23,68.83,69.78,68.72,69.21,6806400.0,0.0,0.0
2018-05-24,69.3,70.13,69.19,70.03,5613800.0,0.0,0.0
2018-05-25,70.92,71.3,69.49,70.1,5889700.0,0.0,0.0
2018-05-29,69.39,69.48,68.33,68.81,5857900.0,0.0,0.0
2018-05-30,69.33,70.13,68.83,70.08,5799900.0,0.0,0.0
2018-05-31,69.85,70.07,69.12,69.66,7856200.0,0.0,0.0
2018-06-01,70.17,70.97,70.17,70.79,4085900.0,0.2,0.0
2018-06-04,71.02,71.87,70.82,71.83,4581900.0,0.0,0.0
2018-06-05,71.62,72.21,71.16,72.04,4928700.0,0.0,0.0
2018-06-06,72.36,72.91,72.18,72.72,5318100.0,0.0,0.0
2018-06-07,72.92,73.85,72.63,72.73,6846300.0,0.0,0.0
2018-06-08,72.75,73.04,72.29,72.87,5524900.0,0.0,0.0
2018-06-11,73.03,73.17,72.52,72.57,4902800.0,0.0,0.0
2018-06-12,72.4,72.59,72.06,72.28,4356500.0,0.0,0.0
2018-06-13,72.26,72.87,71.98,72.1,4696200.0,0.0,0.0
2018-06-14,72.58,73.11,72.34,72.68,4636000.0,0.0,0.0
2018-06-15,72.69,73.79,72.48,73.78,10977300.0,0.0,0.0
2018-06-18,73.24,73.71,72.88,73.56,4515900.0,0.0,0.0
2018-06-19,72.48,72.89,71.65,72.25,7562200.0,0.0,0.0
2018-06-20,72.19,72.88,71.97,72.7,4424900.0,0.0,0.0
2018-06-21,71.7,72.76,71.56,71.94,5537900.0,0.0,0.0
2018-06-22,71.58,72.39,71.23,71.44,9404900.0,0.0,0.0
2018-06-25,71.33,71.37,70.08,70.39,9064100.0,0.0,0.0
2018-06-26,70.54,71.3,70.39,70.59,7072600.0,0.0,0.0
2018-06-27,70.76,70.97,69.22,69.42,7624700.0,0.0,0.0
2018-06-28,69.51,70.17,69.42,69.76,9118500.0,0.0,0.0
2018-06-29,76.63,78.8,76.24,77.52,31314100.0,0.0,0.0
2018-07-02,76.45,77.33,74.93,76.23,11867000.0,0.0,0.0
2018-07-03,75.31,75.78,74.04,74.21,5794900.0,0.0,0.0
2018-07-05,74.54,75.32,74.08,74.48,6534500.0,0.0,0.0
2018-07-06,74.41,74.99,74.01,74.41,5916200.0,0.0,0.0
2018-07-09,74.76,75.28,74.28,75.19,4871400.0,0.0,0.0
2018-07-10,75.34,75.97,75.07,75.47,6281800.0,0.0,0.0
2018-07-11,75.04,75.54,74.75,75.26,3656600.0,0.0,0.0
2018-07-12,75.83,76.06,75.14,75.27,4879200.0,0.0,0.0
2018-07-13,75.11,75.51,75.05,75.28,2963100.0,0.0,0.0
2018-07-16,75.26,75.98,75.21,75.64,4755100.0,0.0,0.0
2018-07-17,75.41,75.91,75.3,75.37,4355400.0,0.0,0.0
2018-07-18,75.33,75.52,74.25,74.51,6101600.0,0.0,0.0
2018-07-19,73.87,75.07,73.75,74.86,4875100.0,0.0,0.0
2018-07-20,74.24,74.99,74.1,74.87,5246400.0,0.0,0.0
2018-07-23,74.63,74.86,74.07,74.51,4198200.0,0.0,0.0
2018-07-24,74.77,75.0,73.4,73.48,6054000.0,0.0,0.0
2018-07-25,73.2,75.09,73.03,75.07,5542400.0,0.0,0.0
2018-07-26,74.91,76.31,74.74,76.03,6706200.0,0.0,0.0
2018-07-27,76.05,76.29,74.71,74.81,6125700.0,0.0,0.0
2018-07-30,74.8,74.87,73.39,73.9,7275300.0,0.0,0.0
2018-07-31,74.37,75.49,74.1,74.83,8265600.0,0.0,0.0
2018-08-01,74.43,75.94,74.43,75.44,6878300.0,0.0,0.0
2018-08-02,75.66,76.93,75.3,76.52,5313800.0,0.0,0.0
2018-08-03,76.6,76.84,76.31,76.61,3762100.0,0.0,0.0
2018-08-06,76.61,77.42,76.3,77.36,4280600.0,0.0,0.0
2018-08-07,77.57,78.44,77.12,78.35,5418900.0,0.0,0.0
2018-08-08,78.04,78.88,77.87,78.32,5327100.0,0.0,0.0
2018-08-09,78.31,79.66,78.23,79.06,4558500.0,0.0,0.0
2018-08-10,78.63,79.09,78.11,78.54,5036700.0,0.0,0.0
2018-08-13,78.63,78.95,77.84,77.98,4101200.0,0.0,0.0
2018-08-14,78.15,78.66,77.52,77.97,6079700.0,0.0,0.0
2018-08-15,77.41,77.7,76.98,77.41,5057200.0,0.0,0.0
2018-08-16,77.73,78.43,77.64,77.88,5475800.0,0.0,0.0
2018-08-17,77.87,78.26,77.52,77.59,9001400.0,0.0,0.0
2018-08-20,79.31,80.19,78.76,79.95,9345200.0,0.0,0.0
2018-08-21,80.08,80.83,79.8,80.7,6337000.0,0.0,0.0
2018-08-22,80.85,81.41,80.05,80.4,4308300.0,0.0,0.0
2018-08-23,80.2,81.31,80.11,80.66,4156900.0,0.0,0.0
2018-08-24,80.19,80.63,79.88,80.22,3453000.0,0.0,0.0
2018-08-27,80.79,81.19,80.0,80.41,4012400.0,0.0,0.0
2018-08-28,80.97,81.36,80.24,80.34,3788800.0,0.0,0.0
2018-08-29,80.19,80.85,79.99,80.55,5712400.0,0.0,0.0
2018-08-30,80.34,80.52,78.81,79.19,7122100.0,0.0,0.0
2018-08-31,79.24,80.22,79.24,80.17,5177100.0,0.2,0.0
2018-09-04,77.43,78.97,77.05,77.63,18565800.0,0.0,0.0
2018-09-05,77.68,78.34,77.34,77.95,12269100.0,0.0,0.0
2018-09-06,78.19,78.84,77.8,78.41,8576900.0,0.0,0.0
2018-09-07,78.03,79.16,78.03,78.32,6633900.0,0.0,0.0
2018-09-10,79.38,80.4,79.21,80.07,6965600.0,0.0,0.0
2018-09-11,81.14,81.52,80.51,80.59,7166800.0,0.0,0.0
2018-09-12,80.66,80.99,80.01,80.95,5384300.0,0.0,0.0
2018-09-13,81.15,81.83,81.07,81.41,5382100.0,0.0,0.0
2018-09-14,81.52,81.77,81.01,81.43,4884400.0,0.0,0.0
2018-09-17,81.43,81.86,80.89,81.2,4861100.0,0.0,0.0
2018-09-18,81.18,83.24,81.18,83.15,7277700.0,0.0,0.0
2018-09-19,83.57,83.73,82.04,82.34,8053100.0,0.0,0.0
2018-09-20,82.99,83.75,82.83,83.26,6620300.0,0.0,0.0
2018-09-21,83.88,83.91,82.91,83.44,13852700.0,0.0,0.0
2018-09-24,83.06,83.15,82.17,82.19,8770400.0,0.0,0.0
2018-09-25,82.76,83.0,81.99,82.7,10519500.0,0.0,0.0
2018-09-26,80.57,82.64,79.93,81.63,16357100.0,0.0,0.0
2018-09-27,81.7,82.82,81.66,82.45,6080600.0,0.0,0.0
2018-09-28,82.21,83.16,82.17,82.63,7452700.0,0.0,0.0
2018-10-01,83.0,83.73,82.29,82.37,7876400.0,0.0,0.0
2018-10-02,82.26,82.46,80.46,80.73,8446900.0,0.0,0.0
2018-10-03,79.91,80.91,79.73,80.46,10046700.0,0.0,0.0
2018-10-04,80.31,80.44,78.04,78.2,9161100.0,0.0,0.0
2018-10-05,78.11,78.99,77.47,78.14,7019100.0,0.0,0.0
2018-10-08,78.06,78.55,77.13,78.25,8058700.0,0.0,0.0
2018-10-09,78.38,79.48,78.18,78.43,7643400.0,0.0,0.0
2018-10-10,77.69,78.06,72.92,73.09,12977800.0,0.0,0.0
2018-10-11,72.92,75.17,72.07,72.67,11532100.0,0.0,0.0
2018-10-12,74.09,74.96,73.06,74.03,10393800.0,0.0,0.0
2018-10-15,73.9,74.28,73.12,73.14,5789000.0,0.0,0.0
2018-10-16,73.73,75.73,73.46,75.57,7744200.0,0.0,0.0
2018-10-17,75.6,75.88,74.06,74.59,6816900.0,0.0,0.0
2018-10-18,75.49,75.5,73.15,73.73,7622200.0,0.0,0.0
2018-10-19,73.96,74.17,72.31,72.38,7301200.0,0.0,0.0
2018-10-22,72.81,73.35,72.46,73.05,7042500.0,0.0,0.0
2018-10-23,72.36,72.54,70.29,71.54,11423800.0,0.0,0.0
2018-10-24,71.65,72.77,70.17,70.34,8333900.0,0.0,0.0
2018-10-25,70.89,71.68,70.45,71.29,7648000.0,0.0,0.0
2018-10-26,70.22,70.91,68.94,70.29,8371100.0,0.0,0.0
2018-10-29,71.45,72.18,69.63,70.41,9874200.0,0.0,0.0
2018-10-30,71.26,72.8,71.01,72.67,9470000.0,0.0,0.0
2018-10-31,73.63,74.45,73.07,73.19,8755500.0,0.0,0.0
2018-11-01,73.37,74.94,72.99,74.89,6117800.0,0.0,0.0
2018-11-02,75.61,76.65,73.84,74.69,6995100.0,0.0,0.0
2018-11-05,74.6,75.85,74.17,75.61,7143300.0,0.0,0.0
2018-11-06,75.43,75.66,74.47,74.68,6424200.0,0.0,0.0
2018-11-07,75.04,76.3,74.68,76.04,5403900.0,0.0,0.0
2018-11-08,75.77,76.23,75.33,75.86,5425000.0,0.0,0.0
2018-11-09,75.79,75.85,73.66,74.47,4737600.0,0.0,0.0
2018-11-12,74.46,74.87,73.14,73.24,5204900.0,0.0,0.0
2018-11-13,73.66,74.39,72.99,73.34,4584600.0,0.0,0.0
2018-11-14,74.43,75.58,73.04,73.34,7984200.0,0.0,0.0
2018-11-15,72.6,72.83,71.09,72.49,7858300.0,0.0,0.0
2018-11-16,71.94,73.65,71.26,72.89,8064200.0,0.0,0.0
2018-11-19,72.84,72.9,70.08,70.73,6744900.0,0.0,0.0
2018-11-20,68.75,70.29,67.8,69.36,9053900.0,0.0,0.0
2018-11-21,70.21,71.1,70.04,70.58,7326100.0,0.0,0.0
2018-11-23,70.27,70.73,69.65,69.72,2582300.0,0.0,0.0
2018-11-26,70.55,71.2,70.48,70.91,6458300.0,0.0,0.0
2018-11-27,70.49,70.76,69.54,70.31,5008000.0,0.0,0.0
2018-11-28,70.51,72.91,70.51,72.82,6167200.0,0.0,0.0
2018-11-29,72.8,73.1,71.51,72.5,5436700.0,0.0,0.0
2018-11-30,72.56,73.83,72.29,73.48,7947300.0,0.22,0.0
2018-12-03,75.42,77.28,75.25,76.24,10211800.0,0.0,0.0
2018-12-04,75.73,76.69,73.77,74.14,8800400.0,0.0,0.0
2018-12-06,72.75,73.92,71.99,73.89,9693700.0,0.0,0.0
2018-12-07,73.4,74.31,71.28,71.74,6133700.0,0.0,0.0
2018-12-10,71.51,72.1,69.07,70.93,7235000.0,0.0,0.0
2018-12-11,72.26,72.94,70.98,71.97,7794500.0,0.0,0.0
2018-12-12,72.89,73.64,71.91,72.7,6950400.0,0.0,0.0
2018-12-13,72.88,72.96,71.01,71.34,7454800.0,0.0,0.0
2018-12-14,70.4,72.04,69.85,70.95,7221200.0,0.0,0.0
2018-12-17,69.81,70.2,67.95,68.38,10647700.0,0.0,0.0
2018-12-18,69.35,70.83,68.89,69.6,7533300.0,0.0,0.0
2018-12-19,69.89,70.43,66.83,67.47,8426100.0,0.0,0.0
2018-12-20,67.23,68.05,65.08,66.06,14488500.0,0.0,0.0
2018-12-21,71.69,72.67,69.7,70.79,28487900.0,0.0,0.0
2018-12-24,69.84,70.36,66.6,66.61,8551400.0,0.0,0.0
2018-12-26,67.2,71.42,67.15,71.42,10019200.0,0.0,0.0
2018-12-27,70.61,72.12,69.44,72.06,9004900.0,0.0,0.0
2018-12-28,72.36,72.84,70.99,71.74,6197000.0,0.0,0.0
2018-12-31,72.37,72.84,71.92,72.52,5519100.0,0.0,0.0
2019-01-02,71.2,73.01,70.62,72.44,6762700.0,0.0,0.0
2019-01-03,71.65,71.72,69.66,71.16,8007400.0,0.0,0.0
2019-01-04,71.85,73.48,71.53,73.02,7844200.0,0.0,0.0
2019-01-07,73.11,74.69,72.68,74.07,8184800.0,0.0,0.0
2019-01-08,75.15,75.71,74.54,75.06,8809000.0,0.0,0.0
2019-01-09,75.29,75.47,74.48,74.92,8591000.0,0.0,0.0
2019-01-10,73.99,75.65,73.81,74.75,11148600.0,0.0,0.0
2019-01-11,74.68,75.21,74.15,74.38,10689900.0,0.0,0.0
2019-01-14,73.81,75.13,73.81,74.43,5677400.0,0.0,0.0
2019-01-15,74.53,76.28,74.47,76.18,6212400.0,0.0,0.0
2019-01-16,76.3,77.13,75.9,75.99,5697100.0,0.0,0.0
2019-01-17,75.85,77.67,75.62,77.4,7737300.0,0.0,0.0
2019-01-18,78.21,79.2,78.0,78.7,10404100.0,0.0,0.0
2019-01-22,78.58,79.54,78.45,78.99,8781700.0,0.0,0.0
2019-01-23,79.42,79.62,78.47,78.74,5823000.0,0.0,0.0
2019-01-24,78.84,79.11,77.82,78.69,4753200.0,0.0,0.0
2019-01-25,79.48,79.56,78.68,78.85,4457100.0,0.0,0.0
2019-01-28,78.06,78.75,78.0,78.57,5452000.0,0.0,0.0
2019-01-29,78.61,79.07,78.1,78.47,4187500.0,0.0,0.0
2019-01-30,78.65,79.52,78.31,79.51,5200200.0,0.0,0.0
2019-01-31,79.41,80.16,78.95,80.09,8599200.0,0.0,0.0
2019-02-01,80.05,80.11,79.36,79.73,5351900.0,0.0,0.0
2019-02-04,79.45,80.21,79.07,80.2,4236600.0,0.0,0.0
2019-02-05,80.19,81.38,80.14,81.05,6545600.0,0.0,0.0
2019-02-06,80.71,80.91,79.86,80.91,3682800.0,0.0,0.0
2019-02-07,80.36,81.04,79.93,80.59,4827500.0,0.0,0.0
2019-02-08,80.46,80.92,80.15,80.56,3786500.0,0.0,0.0
2019-02-11,81.14,82.0,81.06,81.85,6158500.0,0.0,0.0
2019-02-12,82.14,82.99,81.8,82.86,6290300.0,0.0,0.0
2019-02-13,82.91,83.72,82.91,83.54,5032800.0,0.0,0.0
2019-02-14,82.76,83.28,81.87,82.83,5179000.0,0.0,0.0
2019-02-15,83.63,83.91,83.24,83.52,6111300.0,0.0,0.0
2019-02-19,82.74,83.2,82.62,82.73,5105900.0,0.0,0.0
2019-02-20,82.78,83.1,82.51,82.99,6436100.0,0.0,0.0
2019-02-21,81.75,82.31,81.53,82.12,8579200.0,0.0,0.0
2019-02-22,82.36,83.17,82.2,82.91,4449500.0,0.0,0.0
2019-02-25,83.53,83.86,83.11,83.31,6229700.0,0.0,0.0
2019-02-26,83.45,84.2,83.34,83.93,6678700.0,0.0,0.0
2019-02-27,83.66,84.34,83.2,84.29,4588200.0,0.0,0.0
2019-02-28,84.2,84.52,83.81,83.86,4988100.0,0.0,0.0
2019-03-01,85.25,86.29,84.58,85.48,6314900.0,0.22,0.0
2019-03-04,85.64,86.29,83.47,83.99,7339500.0,0.0,0.0
2019-03-05,84.22,84.59,83.79,83.79,4976300.0,0.0,0.0
2019-03-06,83.95,84.33,83.4,83.49,3198000.0,0.0,0.0
2019-03-07,83.33,83.76,83.03,83.62,4321800.0,0.0,0.0
2019-03-08,82.95,83.24,82.4,83.16,4669700.0,0.0,0.0
2019-03-11,83.74,84.28,83.41,84.16,3999800.0,0.0,0.0
2019-03-12,84.13,84.42,83.38,83.78,4431600.0,0.0,0.0
2019-03-13,84.05,84.99,83.95,84.27,5037800.0,0.0,0.0
2019-03-14,84.49,85.2,84.05,85.19,5906100.0,0.0,0.0
2019-03-15,85.54,85.92,84.3,85.13,11031400.0,0.0,0.0
2019-03-18,85.62,86.15,85.32,86.13,7750700.0,0.0,0.0
2019-03-19,86.52,86.88,85.61,86.0,6642200.0,0.0,0.0
2019-03-20,85.81,85.89,84.43,85.02,5991500.0,0.0,0.0
2019-03-21,85.56,86.42,85.15,86.31,10386900.0,0.0,0.0
2019-03-22,83.56,84.24,80.57,80.6,21659800.0,0.0,0.0
2019-03-25,79.91,81.61,79.33,80.74,15558300.0,0.0,0.0
2019-03-26,82.02,82.47,81.31,81.77,9611900.0,0.0,0.0
2019-03-27,82.08,82.18,80.46,81.49,6485100.0,0.0,0.0
2019-03-28,82.31,83.09,82.09,82.42,6032700.0,0.0,0.0
2019-03-29,82.97,83.21,82.24,82.59,6492000.0,0.0,0.0
2019-04-01,83.4,83.67,83.07,83.59,6737400.0,0.0,0.0
2019-04-02,83.36,83.62,82.54,82.74,4433800.0,0.0,0.0
2019-04-03,83.26,83.35,82.62,82.84,4080900.0,0.0,0.0
2019-04-04,82.86,83.73,82.73,83.63,3660700.0,0.0,0.0
2019-04-05,84.34,84.5,83.41,83.75,7367400.0,0.0,0.0
2019-04-08,83.37,83.64,82.94,83.1,4705800.0,0.0,0.0
2019-04-09,82.6,82.97,82.35,82.65,3804500.0,0.0,0.0
2019-04-10,83.01,83.37,82.93,83.24,3918400.0,0.0,0.0
2019-04-11,83.26,83.41,82.65,83.36,3347400.0,0.0,0.0
2019-04-12,83.65,84.82,83.64,84.58,6037000.0,0.0,0.0
2019-04-15,85.21,85.56,84.77,85.15,5034900.0,0.0,0.0
2019-04-16,85.32,86.25,85.32,86.11,4652700.0,0.0,0.0
2019-04-17,86.25,87.25,85.76,87.02,5694900.0,0.0,0.0
2019-04-18,87.05,88.26,86.99,87.48,7016600.0,0.0,0.0
2019-04-22,86.65,86.93,85.62,85.67,5390500.0,0.0,0.0
2019-04-23,85.88,85.98,85.33,85.74,7513700.0,0.0,0.0
2019-04-24,85.98,87.11,85.74,86.68,8063000.0,0.0,0.0
2019-04-25,86.69,86.83,85.8,85.87,7069900.0,0.0,0.0
2019-04-26,86.25,87.22,85.65,86.61,6219600.0,0.0,0.0
2019-04-29,86.48,86.8,86.43,86.56,5008400.0,0.0,0.0
2019-04-30,86.59,86.69,85.58,86.14,7614100.0,0.0,0.0
2019-05-01,86.04,86.25,84.21,84.24,6524600.0,0.0,0.0
2019-05-02,84.55,84.62,83.35,83.62,6813700.0,0.0,0.0
2019-05-03,84.24,84.64,84.05,84.05,6798300.0,0.0,0.0
2019-05-06,82.15,82.25,81.26,81.96,12836600.0,0.0,0.0
2019-05-07,81.42,82.02,80.25,80.95,9811300.0,0.0,0.0
2019-05-08,80.84,82.37,80.56,81.17,9501300.0,0.0,0.0
2019-05-09,80.62,81.41,79.97,81.38,6336600.0,0.0,0.0
2019-05-10,81.18,82.64,80.6,82.33,5450500.0,0.0,0.0
2019-05-13,80.07,81.04,79.75,80.94,6445200.0,0.0,0.0
2019-05-14,81.18,82.38,80.48,82.06,7529200.0,0.0,0.0
2019-05-15,81.57,82.86,81.34,82.39,4862200.0,0.0,0.0
2019-05-16,82.88,83.75,82.58,82.65,6745200.0,0.0,0.0
2019-05-17,81.9,83.87,81.89,82.94,5068200.0,0.0,0.0
2019-05-20,82.18,82.18,81.14,81.25,7181900.0,0.0,0.0
2019-05-21,81.75,82.18,80.92,82.03,5762500.0,0.0,0.0
2019-05-22,81.39,81.73,81.16,81.59,5237800.0,0.0,0.0
2019-05-23,80.91,81.46,80.41,81.05,9704200.0,0.0,0.0
2019-05-24,80.61,81.57,80.51,80.57,5999000.0,0.0,0.0
2019-05-28,81.25,81.59,79.56,79.63,7927300.0,0.0,0.0
2019-05-29,79.15,79.3,76.2,77.35,10116900.0,0.0,0.0
2019-05-30,77.4,78.19,77.09,77.73,6177800.0,0.0,0.0
2019-05-31,76.71,76.96,75.79,75.86,8891100.0,0.22,0.0
2019-06-03,75.96,77.28,75.8,76.67,11665500.0,0.0,0.0
2019-06-04,77.99,80.3,77.48,80.27,7526800.0,0.0,0.0
2019-06-05,80.93,81.53,80.57,81.35,8173200.0,0.0,0.0
2019-06-06,81.35,81.68,80.72,81.08,4953000.0,0.0,0.0
2019-06-07,81.71,82.29,81.44,82.03,3891100.0,0.0,0.0
2019-06-10,82.36,82.81,81.08,81.21,4419800.0,0.0,0.0
2019-06-11,82.26,82.94,81.75,81.88,3939400.0,0.0,0.0
2019-06-12,82.1,82.63,81.15,81.26,4025900.0,0.0,0.0
2019-06-13,81.77,82.53,81.67,82.23,3383400.0,0.0,0.0
2019-06-14,82.13,82.47,81.66,82.06,4355600.0,0.0,0.0
2019-06-17,81.96,82.08,80.65,80.75,5101900.0,0.0,0.0
2019-06-18,81.33,83.25,81.13,82.9,6456500.0,0.0,0.0
2019-06-19,82.34,82.51,81.76,82.17,6217700.0,0.0,0.0
2019-06-20,83.49,84.25,83.02,83.83,6163800.0,0.0,0.0
2019-06-21,83.75,84.33,83.2,84.33,9289800.0,0.0,0.0
2019-06-24,84.58,85.41,82.97,83.1,8043300.0,0.0,0.0
2019-06-25,83.2,83.29,80.8,81.25,7339900.0,0.0,0.0
2019-06-26,81.77,82.3,81.07,81.18,5838500.0,0.0,0.0
2019-06-27,81.56,82.38,81.56,82.27,11436700.0,0.0,0.0
2019-06-28,82.6,83.35,81.3,82.56,12443800.0,0.0,0.0
2019-07-01,83.52,84.85,83.49,84.0,6607600.0,0.0,0.0
2019-07-02,83.95,84.05,82.83,83.55,7187200.0,0.0,0.0
2019-07-03,83.92,84.86,83.71,84.77,4012800.0,0.0,0.0
2019-07-05,84.38,85.47,84.01,85.38,6440900.0,0.0,0.0
2019-07-08,84.63,87.05,84.55,87.01,7052000.0,0.0,0.0
2019-07-09,86.64,87.33,86.37,86.58,6219700.0,0.0,0.0
2019-07-10,87.01,87.47,85.94,85.99,5985500.0,0.0,0.0
2019-07-11,86.26,86.84,85.95,86.83,3942400.0,0.0,0.0
2019-07-12,86.72,87.83,86.55,87.64,4240900.0,0.0,0.0
2019-07-15,87.58,88.38,87.58,88.0,3750900.0,0.0,0.0
2019-07-16,88.02,88.22,87.1,87.13,5812800.0,0.0,0.0
2019-07-17,86.96,87.22,85.99,86.05,4461500.0,0.0,0.0
2019-07-18,86.18,86.31,85.32,85.99,4609200.0,0.0,0.0
2019-07-19,86.28,86.42,85.05,85.12,6635300.0,0.0,0.0
2019-07-22,85.13,85.55,84.41,84.55,6810300.0,0.0,0.0
2019-07-23,85.2,85.66,84.8,85.26,5659900.0,0.0,0.0
2019-07-24,85.21,85.77,84.88,85.26,6362900.0,0.0,0.0
2019-07-25,85.38,86.05,85.16,85.83,4546400.0,0.0,0.0
2019-07-26,85.99,86.39,85.33,86.09,3707200.0,0.0,0.0
2019-07-29,86.2,86.41,85.74,86.17,4387300.0,0.0,0.0
2019-07-30,85.38,86.45,84.93,85.76,3561200.0,0.0,0.0
2019-07-31,85.65,85.82,84.13,84.61,5818200.0,0.0,0.0
2019-08-01,83.85,85.33,81.33,81.74,7871800.0,0.0,0.0
2019-08-02,81.16,81.86,79.45,79.8,8761400.0,0.0,0.0
2019-08-05,78.34,78.72,76.89,77.66,8493300.0,0.0,0.0
2019-08-06,78.53,80.24,78.17,79.95,8664500.0,0.0,0.0
2019-08-07,79.17,80.46,78.76,79.93,6275000.0,0.0,0.0
2019-08-08,80.45,81.98,80.26,81.63,6208900.0,0.0,0.0
2019-08-09,81.76,82.05,79.97,80.62,5460200.0,0.0,0.0
2019-08-12,80.06,80.59,79.84,80.3,3595500.0,0.0,0.0
2019-08-13,79.83,82.76,79.51,81.94,6896800.0,0.0,0.0
2019-08-14,79.89,80.34,79.18,79.69,7266100.0,0.0,0.0
2019-08-15,79.59,79.95,78.12,78.19,6713600.0,0.0,0.0
2019-08-16,78.76,79.23,77.94,78.95,5649000.0,0.0,0.0
2019-08-19,80.64,80.98,79.49,79.79,7027900.0,0.0,0.0
2019-08-20,79.38,79.88,78.13,79.2,5903100.0,0.0,0.0
2019-08-21,80.58,81.47,80.28,81.37,6454200.0,0.0,0.0
2019-08-22,81.63,82.33,81.13,81.93,5571600.0,0.0,0.0
2019-08-23,80.66,81.39,78.7,79.11,8497800.0,0.0,0.0
2019-08-26,80.09,80.92,79.4,80.89,4336000.0,0.0,0.0
2019-08-27,81.26,81.8,80.64,80.67,3842500.0,0.0,0.0
2019-08-28,80.54,82.21,80.37,82.1,4123700.0,0.0,0.0
2019-08-29,82.83,84.35,82.78,83.97,5101900.0,0.0,0.0
2019-08-30,84.5,84.78,83.23,83.32,5235400.0,0.22,0.0
2019-09-03,82.82,83.64,82.45,83.48,6360800.0,0.0,0.0
2019-09-04,84.38,85.29,84.3,85.14,4151200.0,0.0,0.0
2019-09-05,86.06,87.38,86.06,87.18,6328400.0,0.0,0.0
2019-09-06,87.16,87.73,86.79,87.45,3625300.0,0.0,0.0
2019-09-09,87.69,88.1,87.18,87.43,4282400.0,0.0,0.0
2019-09-10,87.02,87.39,85.08,85.61,7072400.0,0.0,0.0
2019-09-11,85.74,86.03,84.67,85.53,4623300.0,0.0,0.0
2019-09-12,85.88,86.84,85.01,86.44,4057500.0,0.0,0.0
2019-09-13,87.01,87.54,86.08,86.1,5894700.0,0.0,0.0
2019-09-16,85.87,86.59,85.45,86.05,4171700.0,0.0,0.0
2019-09-17,85.55,86.41,85.26,86.36,3248400.0,0.0,0.0
2019-09-18,86.42,87.16,85.99,86.84,4722200.0,0.0,0.0
2019-09-19,87.16,87.48,86.28,86.47,4231200.0,0.0,0.0
2019-09-20,86.77,87.25,85.45,85.46,6991100.0,0.0,0.0
2019-09-23,85.76,86.79,85.58,86.46,4790000.0,0.0,0.0
2019-09-24,87.21,87.45,85.54,85.96,10202900.0,0.0,0.0
2019-09-25,90.49,91.49,88.89,89.54,25330700.0,0.0,0.0
2019-09-26,90.34,91.15,88.98,90.88,10408300.0,0.0,0.0
2019-09-27,90.56,91.56,90.32,91.02,6420500.0,0.0,0.0
2019-09-30,91.23,92.76,91.2,92.6,7401200.0,0.0,0.0
2019-10-01,92.81,93.42,90.77,90.99,8464900.0,0.0,0.0
2019-10-02,90.19,90.55,89.3,90.21,6933900.0,0.0,0.0
2019-10-03,90.03,91.03,89.08,90.93,5762300.0,0.0,0.0
2019-10-04,90.93,91.86,90.64,91.76,4551400.0,0.0,0.0
2019-10-07,91.2,92.6,91.1,91.86,4975400.0,0.0,0.0
2019-10-08,89.18,91.41,89.14,90.46,6916800.0,0.0,0.0
2019-10-09,91.11,91.75,90.53,91.22,5115900.0,0.0,0.0
2019-10-10,92.19,92.19,91.42,91.7,5794100.0,0.0,0.0
2019-10-11,92.68,93.24,92.25,92.56,6220100.0,0.0,0.0
2019-10-14,92.88,93.91,92.73,93.55,4636000.0,0.0,0.0
2019-10-15,93.67,93.85,92.8,93.46,4292500.0,0.0,0.0
2019-10-16,92.77,93.81,92.75,93.55,4883300.0,0.0,0.0
2019-10-17,94.23,94.55,93.64,94.22,3427400.0,0.0,0.0
2019-10-18,93.48,95.11,93.47,94.75,6209200.0,0.0,0.0
2019-10-21,95.26,95.51,94.08,94.87,5185800.0,0.0,0.0
2019-10-22,94.71,95.47,94.18,94.26,5470100.0,0.0,0.0
2019-10-23,93.7,94.2,90.83,91.03,11933600.0,0.0,0.0
2019-10-24,91.38,91.57,89.71,90.22,12085800.0,0.0,0.0
2019-10-25,90.16,90.54,89.48,89.65,8147200.0,0.0,0.0
2019-10-28,89.78,90.02,88.91,89.58,10304300.0,0.0,0.0
2019-10-29,89.58,89.65,87.88,88.03,9044400.0,0.0,0.0
2019-10-30,88.2,89.0,88.1,88.93,8127300.0,0.0,0.0
2019-10-31,88.74,89.14,87.69,88.29,6751700.0,0.0,0.0
2019-11-01,88.92,89.26,87.75,87.93,5263600.0,0.0,0.0
2019-11-04,88.87,89.29,88.07,88.6,8161200.0,0.0,0.0
2019-11-05,88.89,89.07,88.28,88.62,5589700.0,0.0,0.0
2019-11-06,89.37,89.45,87.5,88.23,7033800.0,0.0,0.0
2019-11-07,89.2,89.33,88.51,89.13,7110000.0,0.0,0.0
2019-11-08,89.01,89.08,88.04,88.55,4555400.0,0.0,0.0
2019-11-11,88.12,88.84,88.12,88.79,3247300.0,0.0,0.0
2019-11-12,89.04,90.74,88.24,88.24,3979600.0,0.0,0.0
2019-11-13,88.47,90.27,88.31,90.01,5923600.0,0.0,0.0
2019-11-14,90.21,90.67,89.45,89.99,6035300.0,0.0,0.0
2019-11-15,90.85,92.25,90.67,91.74,6785500.0,0.0,0.0
2019-11-18,92.19,92.94,91.61,92.86,6165600.0,0.0,0.0
2019-11-19,93.28,93.79,91.76,92.3,5368400.0,0.0,0.0
2019-11-20,92.79,93.08,91.47,91.75,6235400.0,0.0,0.0
2019-11-21,91.32,91.99,90.78,90.87,5493100.0,0.0,0.0
2019-11-22,90.92,92.04,90.64,92.03,4264400.0,0.0,0.0
2019-11-25,92.46,92.65,91.44,91.6,5419700.0,0.0,0.0
2019-11-26,92.07,92.32,91.72,92.02,5907400.0,0.0,0.0
2019-11-27,92.19,93.06,92.19,92.82,4017400.0,0.0,0.0
2019-11-29,93.29,93.53,92.32,92.42,2541800.0,0.245,0.0
2019-12-02,93.01,93.2,91.92,92.49,3892000.0,0.0,0.0
2019-12-03,91.42,91.49,90.26,91.4,5570700.0,0.0,0.0
2019-12-04,91.75,92.72,91.67,92.65,4456400.0,0.0,0.0
2019-12-05,94.78,94.85,93.6,94.69,6946000.0,0.0,0.0
2019-12-06,95.45,96.2,95.28,95.89,6368500.0,0.0,0.0
2019-12-09,95.91,96.51,95.06,95.52,6517800.0,0.0,0.0
2019-12-10,95.65,96.47,95.52,95.9,4234300.0,0.0,0.0
2019-12-11,95.79,96.21,95.54,96.07,4319700.0,0.0,0.0
2019-12-12,96.21,97.06,95.79,96.6,4762800.0,0.0,0.0
2019-12-13,96.31,97.16,95.8,96.65,5247600.0,0.0,0.0
2019-12-16,97.02,98.2,96.94,97.68,8211300.0,0.0,0.0
2019-12-17,98.24,99.02,97.92,98.51,7050700.0,0.0,0.0
2019-12-18,99.05,99.64,98.44,99.42,7332000.0,0.0,0.0
2019-12-19,99.35,100.11,98.49,99.99,12214500.0,0.0,0.0
2019-12-20,99.84,100.24,97.72,98.82,17641600.0,0.0,0.0
2019-12-23,99.08,99.54,98.41,98.89,6350500.0,0.0,0.0
2019-12-24,98.69,99.51,98.62,98.99,3328100.0,0.0,0.0
2019-12-26,99.19,99.6,98.96,99.56,3709900.0,0.0,0.0
2019-12-27,99.84,100.62,99.83,100.41,5307500.0,0.0,0.0
2019-12-30,100.38,100.45,99.31,99.65,3495200.0,0.0,0.0
2019-12-31,99.43,100.23,99.36,100.15,3213600.0,0.0,0.0
2020-01-02,100.2,101.04,99.86,101.03,5644100.0,0.0,0.0
2020-01-03,99.44,100.83,99.16,100.75,4541800.0,0.0,0.0
2020-01-06,99.79,100.67,99.72,100.66,4612400.0,0.0,0.0
2020-01-07,100.64,101.56,99.66,100.61,6719900.0,0.0,0.0
2020-01-08,100.15,100.97,99.7,100.39,4942200.0,0.0,0.0
2020-01-09,100.77,101.24,100.23,100.32,5007500.0,0.0,0.0
2020-01-10,100.72,100.76,99.61,99.74,5135300.0,0.0,0.0
2020-01-13,99.84,101.17,99.67,100.99,6722400.0,0.0,0.0
2020-01-14,101.28,102.7,101.18,101.74,5088500.0,0.0,0.0
2020-01-15,102.07,102.51,101.31,101.61,4209200.0,0.0,0.0
2020-01-16,101.7,102.38,101.67,102.19,6571700.0,0.0,0.0
2020-01-17,102.25,103.35,102.16,103.33,6271200.0,0.0,0.0
2020-01-21,103.06,103.49,102.62,103.38,4854700.0,0.0,0.0
2020-01-22,103.8,104.41,103.22,103.29,5031400.0,0.0,0.0
2020-01-23,102.84,103.17,101.45,101.84,7102900.0,0.0,0.0
2020-01-24,102.4,102.7,100.5,100.86,3839300.0,0.0,0.0
2020-01-27,97.09,99.56,96.89,99.09,9841400.0,0.0,0.0
2020-01-28,99.19,99.89,98.38,99.26,5673200.0,0.0,0.0
2020-01-29,99.91,100.14,98.03,98.7,4503700.0,0.0,0.0
2020-01-30,97.89,98.61,96.26,97.07,7065100.0,0.0,0.0
2020-01-31,96.99,97.32,94.82,95.2,8780300.0,0.0,0.0
2020-02-03,97.87,99.76,97.44,98.13,9727700.0,0.0,0.0
2020-02-04,100.74,101.6,100.1,100.22,6559600.0,0.0,0.0
2020-02-05,100.59,100.8,98.39,99.39,6108300.0,0.0,0.0
2020-02-06,99.74,100.37,99.01,99.12,5641800.0,0.0,0.0
2020-02-07,98.67,99.25,97.84,98.3,4121800.0,0.0,0.0
2020-02-10,98.08,99.36,97.87,98.87,4213900.0,0.0,0.0
2020-02-11,98.92,99.2,98.3,98.87,4871800.0,0.0,0.0
2020-02-12,99.59,101.9,99.29,101.82,8075600.0,0.0,0.0
2020-02-13,101.34,102.55,100.52,102.19,5386800.0,0.0,0.0
2020-02-14,102.34,102.7,101.28,102.35,4305300.0,0.0,0.0
2020-02-18,101.82,102.2,100.45,100.83,4916200.0,0.0,0.0
2020-02-19,101.48,102.21,101.26,101.29,6200500.0,0.0,0.0
2020-02-20,101.29,101.45,99.4,101.36,6427600.0,0.0,0.0
2020-02-21,100.83,100.91,98.49,99.1,5750900.0,0.0,0.0
2020-02-24,94.45,95.96,94.16,94.81,8364200.0,0.0,0.0
2020-02-25,95.25,95.65,91.56,91.84,9602100.0,0.0,0.0
2020-02-26,92.01,93.57,90.94,90.95,9308400.0,0.0,0.0
2020-02-27,88.97,91.99,87.49,87.54,12825700.0,0.0,0.0
2020-02-28,85.28,88.69,84.41,88.6,16565700.0,0.245,0.0
2020-03-02,88.82,92.33,87.14,91.87,14102000.0,0.0,0.0
2020-03-03,91.93,94.15,89.78,90.14,14767600.0,0.0,0.0
2020-03-04,91.28,93.0,90.05,92.97,6904400.0,0.0,0.0
2020-03-05,90.47,90.88,89.16,89.79,8851100.0,0.0,0.0
2020-03-06,87.59,88.61,85.13,87.59,12336400.0,0.0,0.0
2020-03-09,81.18,85.98,80.22,83.38,13272700.0,0.0,0.0
2020-03-10,85.94,87.63,82.16,87.53,12755900.0,0.0,0.0
2020-03-11,83.27,83.89,81.36,83.27,16172000.0,0.0,0.0
2020-03-12,77.55,77.81,72.36,73.55,21534800.0,0.0,0.0
2020-03-13,77.52,77.52,71.14,74.92,21859600.0,0.0,0.0
2020-03-16,64.71,72.33,62.82,66.21,17976700.0,0.0,0.0
2020-03-17,66.92,72.69,61.86,69.23,17122100.0,0.0,0.0
2020-03-18,64.23,67.74,59.48,67.45,19498800.0,0.0,0.0
2020-03-19,66.46,72.08,63.59,69.73,16177200.0,0.0,0.0
2020-03-20,70.89,73.42,66.61,66.86,15761900.0,0.0,0.0
2020-03-23,64.43,66.3,60.05,62.25,17690000.0,0.0,0.0
2020-03-24,65.13,72.03,63.44,71.7,18849500.0,0.0,0.0
2020-03-25,79.41,82.76,75.54,78.32,27053200.0,0.0,0.0
2020-03-26,79.47,86.1,79.31,83.57,17200800.0,0.0,0.0
2020-03-27,80.99,84.99,78.82,82.51,14183400.0,0.0,0.0
2020-03-30,83.27,85.21,80.79,84.64,10960100.0,0.0,0.0
2020-03-31,84.39,84.98,81.68,82.02,9610100.0,0.0,0.0
2020-04-01,78.8,80.47,77.85,78.54,9771300.0,0.0,0.0
2020-04-02,78.31,80.89,76.49,79.44,12731300.0,0.0,0.0
2020-04-03,78.67,79.1,77.23,78.17,8476900.0,0.0,0.0
2020-04-06,81.2,84.3,80.5,83.89,11266500.0,0.0,0.0
2020-04-07,87.93,88.1,83.3,83.43,10468100.0,0.0,0.0
2020-04-08,83.96,85.02,82.88,84.56,6642700.0,0.0,0.0
2020-04-09,85.94,86.63,84.42,86.03,7773600.0,0.0,0.0
2020-04-13,85.05,85.24,83.41,83.72,5077600.0,0.0,0.0
2020-04-14,85.2,87.01,84.74,86.71,6397200.0,0.0,0.0
2020-04-15,84.13,85.13,82.98,84.3,8053900.0,0.0,0.0
2020-04-16,84.69,85.78,83.81,85.55,9373800.0,0.0,0.0
2020-04-17,88.23,89.46,87.59,89.13,8111400.0,0.0,0.0
2020-04-20,87.66,88.66,86.76,87.13,7244400.0,0.0,0.0
2020-04-21,85.24,86.14,84.35,84.46,6597000.0,0.0,0.0
2020-04-22,86.22,88.66,85.67,88.0,6463900.0,0.0,0.0
2020-04-23,88.17,88.75,86.5,86.59,5343500.0,0.0,0.0
2020-04-24,88.12,88.34,86.89,87.6,4450100.0,0.0,0.0
2020-04-27,87.61,89.09,86.55,88.59,6875100.0,0.0,0.0
2020-04-28,89.76,89.92,87.86,88.03,5145400.0,0.0,0.0
2020-04-29,89.22,90.59,87.07,87.3,9461400.0,0.0,0.0
2020-04-30,86.24,87.23,85.76,86.42,9371400.0,0.0,0.0
2020-05-01,84.92,85.36,84.07,84.8,6151200.0,0.0,0.0
2020-05-04,83.94,85.05,83.58,85.0,6348900.0,0.0,0.0
2020-05-05,85.79,87.76,85.28,86.44,6321500.0,0.0,0.0
2020-05-06,87.28,87.92,86.67,87.67,7342300.0,0.0,0.0
2020-05-07,88.62,89.45,87.61,87.79,4565900.0,0.0,0.0
2020-05-08,89.33,89.85,88.81,89.67,5489400.0,0.0,0.0
2020-05-11,88.67,90.62,88.36,90.14,4937600.0,0.0,0.0
2020-05-12,90.73,90.87,87.38,87.49,5622600.0,0.0,0.0
2020-05-13,86.62,86.98,84.46,85.27,6739800.0,0.0,0.0
2020-05-14,84.26,85.83,83.38,85.8,7431800.0,0.0,0.0
2020-05-15,84.51,86.47,84.14,86.23,9165000.0,0.0,0.0
2020-05-18,89.7,90.8,89.1,90.25,8519600.0,0.0,0.0
2020-05-19,90.06,93.0,90.03,90.71,6514100.0,0.0,0.0
2020-05-20,92.39,93.04,91.89,92.14,6347000.0,0.0,0.0
2020-05-21,92.07,93.56,91.57,93.44,7504300.0,0.0,0.0
2020-05-22,93.6,93.83,92.54,92.93,4049500.0,0.0,0.0
2020-05-26,95.14,96.58,94.45,95.78,7185200.0,0.0,0.0
2020-05-27,97.27,99.12,96.77,99.0,7915900.0,0.0,0.0
2020-05-28,99.22,99.81,97.39,97.6,7260700.0,0.0,0.0
2020-05-29,97.58,98.63,96.33,97.97,10333400.0,0.245,0.0
2020-06-01,97.79,99.16,97.28,98.92,4295400.0,0.0,0.0
2020-06-02,98.8,100.25,98.2,100.11,10798700.0,0.0,0.0
2020-06-03,100.63,103.9,100.49,103.46,5867700.0,0.0,0.0
2020-06-04,103.01,103.25,99.84,100.65,8775000.0,0.0,0.0
2020-06-05,103.35,104.04,101.49,102.07,8363600.0,0.0,0.0
2020-06-08,102.41,103.65,102.07,103.64,6165400.0,0.0,0.0
2020-06-09,102.18,103.12,101.79,101.99,5385900.0,0.0,0.0
2020-06-10,102.36,102.51,101.08,101.48,5194200.0,0.0,0.0
2020-06-11,97.77,98.37,94.29,94.58,10976900.0,0.0,0.0
2020-06-12,97.19,97.19,94.15,95.83,7415700.0,0.0,0.0
2020-06-15,93.31,97.47,92.86,97.23,8645300.0,0.0,0.0
2020-06-16,100.62,100.71,97.11,98.42,6054400.0,0.0,0.0
2020-06-17,98.38,99.62,98.27,98.59,3404700.0,0.0,0.0
2020-06-18,98.07,98.8,97.24,97.84,4392400.0,0.0,0.0
2020-06-19,99.35,99.36,95.18,95.18,10304000.0,0.0,0.0
2020-06-22,96.25,98.92,95.42,98.89,6918200.0,0.0,0.0
2020-06-23,100.52,101.58,100.08,101.28,6499000.0,0.0,0.0
2020-06-24,100.31,101.22,97.48,99.46,8611600.0,0.0,0.0
2020-06-25,98.61,101.05,98.18,100.77,11531400.0,0.0,0.0
2020-06-26,97.89,98.16,92.99,93.09,24918500.0,0.0,0.0
2020-06-29,93.12,95.4,93.12,95.27,9624200.0,0.0,0.0
2020-06-30,95.4,97.69,95.04,97.44,9065500.0,0.0,0.0
2020-07-01,97.89,98.1,96.5,96.79,5733800.0,0.0,0.0
2020-07-02,98.16,99.04,97.41,97.82,5354900.0,0.0,0.0
2020-07-06,99.0,99.41,98.42,99.33,4995000.0,0.0,0.0
2020-07-07,98.6,98.93,96.32,96.46,6352900.0,0.0,0.0
2020-07-08,96.89,98.36,96.36,98.22,5634600.0,0.0,0.0
2020-07-09,97.94,98.29,95.77,96.39,6282300.0,0.0,0.0
2020-07-10,96.4,97.44,95.12,97.38,3967000.0,0.0,0.0
2020-07-13,97.64,98.32,95.66,95.86,4845600.0,0.0,0.0
2020-07-14,95.73,96.64,94.91,96.16,4850600.0,0.0,0.0
2020-07-15,97.8,98.42,96.7,97.93,5343700.0,0.0,0.0
2020-07-16,96.89,97.62,96.44,96.65,3594700.0,0.0,0.0
2020-07-17,96.35,96.62,95.44,95.68,7405700.0,0.0,0.0
2020-07-20,94.9,95.75,94.52,95.05,5822300.0,0.0,0.0
2020-07-21,96.32,98.38,95.5,97.75,5857100.0,0.0,0.0
2020-07-22,97.55,98.37,97.3,98.29,4097000.0,0.0,0.0
2020-07-23,97.74,99.56,97.11,97.69,4530500.0,0.0,0.0
2020-07-24,97.53,98.74,97.09,97.82,5638400.0,0.0,0.0
2020-07-27,96.36,97.79,96.29,96.6,4273400.0,0.0,0.0
2020-07-28,96.35,96.86,95.56,95.67,3822600.0,0.0,0.0
2020-07-29,95.83,96.94,95.7,96.37,6872400.0,0.0,0.0
2020-07-30,95.87,96.62,95.2,96.22,4018400.0,0.0,0.0
2020-07-31,96.29,97.04,95.7,97.0,5510400.0,0.0,0.0
2020-08-03,97.42,98.67,97.21,97.72,5472700.0,0.0,0.0
2020-08-04,97.18,97.34,95.95,96.72,7539300.0,0.0,0.0
2020-08-05,96.51,100.62,96.47,100.31,7227100.0,0.0,0.0
2020-08-06,100.01,100.55,99.41,99.82,4060900.0,0.0,0.0
2020-08-07,100.37,101.27,99.27,101.22,5545000.0,0.0,0.0
2020-08-10,101.83,106.16,101.76,104.75,12678000.0,0.0,0.0
2020-08-11,106.18,106.66,104.21,104.46,5400700.0,0.0,0.0
2020-08-12,105.06,105.23,102.74,104.56,4714800.0,0.0,0.0
2020-08-13,104.64,106.32,104.54,105.86,4281700.0,0.0,0.0
2020-08-14,105.46,106.11,104.8,105.77,2985700.0,0.0,0.0
2020-08-17,105.84,105.84,104.46,105.0,3017000.0,0.0,0.0
2020-08-18,105.8,106.33,104.81,106.3,5023000.0,0.0,0.0
2020-08-19,107.02,109.01,106.68,107.71,9508100.0,0.0,0.0
2020-08-20,106.89,108.06,106.68,107.34,4304000.0,0.0,0.0
2020-08-21,107.33,109.09,107.08,109.07,5564000.0,0.0,0.0
2020-08-24,109.31,111.3,109.21,111.13,8173100.0,0.0,0.0
2020-08-25,111.3,111.58,110.4,110.81,4380900.0,0.0,0.0
2020-08-26,111.22,111.39,110.6,110.83,4477900.0,0.0,0.0
2020-08-27,111.29,112.09,109.81,110.15,4390800.0,0.0,0.0
2020-08-28,110.56,112.22,110.12,111.84,3731100.0,0.245,0.0
2020-08-31,111.69,112.07,110.69,111.44,3519800.0,0.0,0.0
2020-09-01,111.55,114.44,111.38,114.38,4914000.0,0.0,0.0
2020-09-02,114.6,116.94,114.04,116.33,6775400.0,0.0,0.0
2020-09-03,116.33,116.43,111.55,112.39,7264400.0,0.0,0.0
2020-09-04,112.5,113.29,109.77,111.95,5157600.0,0.0,0.0
2020-09-08,110.84,113.38,110.09,112.27,5300100.0,0.0,0.0
2020-09-09,112.56,115.74,112.37,114.44,5997900.0,0.0,0.0
2020-09-10,115.43,117.75,113.54,114.33,5032800.0,0.0,0.0
2020-09-11,116.29,118.77,115.95,117.52,8565200.0,0.0,0.0
2020-09-14,118.02,119.45,117.69,118.8,4990300.0,0.0,0.0
2020-09-15,119.22,119.99,118.7,118.79,5934200.0,0.0,0.0
2020-09-16,117.83,119.21,117.68,118.11,7023700.0,0.0,0.0
2020-09-17,116.87,118.07,115.33,115.89,7376400.0,0.0,0.0
2020-09-18,114.96,117.43,114.03,114.2,12876600.0,0.0,0.0
2020-09-21,112.49,113.6,111.29,112.91,8486400.0,0.0,0.0
2020-09-22,112.64,116.73,112.39,116.4,13007200.0,0.0,0.0
2020-09-23,129.69,129.85,124.75,126.6,37822700.0,0.0,0.0
2020-09-24,125.93,127.03,122.8,124.25,13485800.0,0.0,0.0
2020-09-25,123.15,124.25,121.78,123.73,9182800.0,0.0,0.0
2020-09-28,124.66,125.68,123.39,123.82,7525000.0,0.0,0.0
2020-09-29,123.84,126.59,123.46,125.84,7796400.0,0.0,0.0
2020-09-30,125.59,126.77,124.66,125.03,8699700.0,0.0,0.0
2020-10-01,127.21,127.21,124.8,126.13,5637200.0,0.0,0.0
2020-10-02,123.85,126.29,123.09,126.13,7491100.0,0.0,0.0
2020-10-05,126.56,127.98,125.94,127.39,8270300.0,0.0,0.0
2020-10-06,128.32,129.91,126.76,127.14,5978000.0,0.0,0.0
2020-10-07,127.88,129.88,127.73,129.54,4390500.0,0.0,0.0
2020-10-08,129.87,130.4,128.99,129.19,3595600.0,0.0,0.0
2020-10-09,129.47,130.66,128.81,130.45,4293400.0,0.0,0.0
2020-10-12,130.66,130.81,128.74,128.94,5136500.0,0.0,0.0
2020-10-13,127.53,129.35,127.44,128.68,4245000.0,0.0,0.0
2020-10-14,129.01,129.08,126.5,127.15,3587300.0,0.0,0.0
2020-10-15,125.97,128.58,125.6,128.48,4235800.0,0.0,0.0
2020-10-16,128.99,129.66,127.04,127.48,6010900.0,0.0,0.0
2020-10-19,128.58,129.26,126.54,126.92,5160800.0,0.0,0.0
2020-10-20,127.48,129.38,127.2,127.97,3799200.0,0.0,0.0
2020-10-21,127.98,130.85,127.93,128.91,4916300.0,0.0,0.0
2020-10-22,129.08,129.73,128.34,129.5,2869900.0,0.0,0.0
2020-10-23,129.48,130.07,128.13,129.47,4046300.0,0.0,0.0
2020-10-26,128.54,129.1,126.17,127.85,5422500.0,0.0,0.0
2020-10-27,128.26,128.97,127.38,127.47,2985700.0,0.0,0.0
2020-10-28,124.77,125.89,120.55,121.59,8618300.0,0.0,0.0
2020-10-29,121.79,123.69,120.66,122.36,4947000.0,0.0,0.0
2020-10-30,123.16,123.16,118.32,119.6,7791600.0,0.0,0.0
2020-11-02,121.88,123.6,120.61,121.9,4740400.0,0.0,0.0
2020-11-03,123.51,124.99,122.69,124.09,3490900.0,0.0,0.0
2020-11-04,124.82,128.41,124.75,126.83,5061800.0,0.0,0.0
2020-11-05,128.67,129.88,127.94,129.18,3940000.0,0.0,0.0
2020-11-06,129.39,129.39,127.83,128.38,2954000.0,0.0,0.0
2020-11-09,134.52,135.8,128.25,128.43,7491700.0,0.0,0.0
2020-11-10,129.53,129.6,125.74,127.19,8014700.0,0.0,0.0
2020-11-11,128.17,129.28,126.67,127.15,6058700.0,0.0,0.0
2020-11-12,126.11,127.32,125.12,126.13,4780400.0,0.0,0.0
2020-11-13,127.39,128.08,126.32,127.76,3986100.0,0.0,0.0
2020-11-16,128.94,129.79,126.86,129.59,6116200.0,0.0,0.0
2020-11-17,129.95,132.07,128.59,131.68,7002900.0,0.0,0.0
2020-11-18,132.53,133.44,131.0,131.1,5572800.0,0.0,0.0
2020-11-19,131.39,131.58,129.41,131.38,4642800.0,0.0,0.0
2020-11-20,132.76,132.99,131.38,132.44,4318100.0,0.0,0.0
2020-11-23,133.84,134.35,132.55,133.59,6118400.0,0.0,0.0
2020-11-24,134.46,135.44,133.67,134.16,7204700.0,0.0,0.0
2020-11-25,133.71,135.25,133.08,134.99,4484500.0,0.0,0.0
2020-11-27,135.45,135.58,132.8,133.71,3506800.0,0.0,0.0
2020-11-30,133.37,134.74,132.15,134.16,9652500.0,0.0,0.0
2020-12-01,135.89,135.95,134.21,134.89,3834500.0,0.0,0.0
2020-12-02,134.61,135.77,134.13,135.03,4132700.0,0.0,0.0
2020-12-03,134.56,137.39,134.46,136.41,4930900.0,0.0,0.0
2020-12-04,136.8,137.12,135.36,136.91,4344000.0,0.275,0.0
2020-12-07,136.72,138.58,136.52,138.47,4590800.0,0.0,0.0
2020-12-08,137.96,140.16,137.37,138.84,6953600.0,0.0,0.0
2020-12-09,140.28,140.28,137.99,138.51,4341300.0,0.0,0.0
2020-12-10,138.0,138.86,136.96,137.3,4511000.0,0.0,0.0
2020-12-11,137.11,137.86,135.95,137.13,4172400.0,0.0,0.0
2020-12-14,138.64,138.72,135.92,136.0,7599000.0,0.0,0.0
2020-12-15,137.15,139.16,136.97,139.11,7642600.0,0.0,0.0
2020-12-16,138.79,140.2,137.18,138.06,6573400.0,0.0,0.0
2020-12-17,139.64,140.45,138.47,140.21,8727000.0,0.0,0.0
2020-12-18,140.8,140.85,136.89,137.0,17970800.0,0.0,0.0
2020-12-21,144.53,147.65,142.22,143.73,16111300.0,0.0,0.0
2020-12-22,142.76,143.18,140.8,142.16,6339400.0,0.0,0.0
2020-12-23,142.27,143.31,141.41,141.47,3388300.0,0.0,0.0
2020-12-24,140.81,141.9,140.81,141.31,1821900.0,0.0,0.0
2020-12-28,142.25,142.63,140.75,142.14,4081500.0,0.0,0.0
2020-12-29,142.54,142.77,140.15,141.28,3232400.0,0.0,0.0
2020-12-30,141.87,142.32,140.37,141.29,3052100.0,0.0,0.0
2020-12-31,141.41,141.5,140.09,141.18,2948500.0,0.0,0.0
2021-01-04,142.56,142.68,138.04,139.82,6178500.0,0.0,0.0
2021-01-05,138.32,141.37,138.32,140.94,4163100.0,0.0,0.0
2021-01-06,140.96,143.28,139.25,142.06,6072900.0,0.0,0.0
2021-01-07,142.91,145.34,142.71,144.66,5256900.0,0.0,0.0
2021-01-08,145.25,146.52,144.61,146.05,3950500.0,0.0,0.0
2021-01-11,145.7,146.8,144.51,146.75,4254100.0,0.0,0.0
2021-01-12,146.2,146.55,144.09,144.76,3678800.0,0.0,0.0
2021-01-13,144.54,144.84,142.14,142.75,3330100.0,0.0,0.0
2021-01-14,143.37,144.61,140.64,141.01,4104000.0,0.0,0.0
2021-01-15,140.27,142.09,139.6,140.43,6412400.0,0.0,0.0
2021-01-19,140.7,140.93,138.13,138.99,6537800.0,0.0,0.0
2021-01-20,140.1,142.92,139.73,142.51,4654400.0,0.0,0.0
2021-01-21,142.12,143.52,140.84,141.32,4013700.0,0.0,0.0
2021-01-22,140.8,141.59,139.03,139.07,4150500.0,0.0,0.0
2021-01-25,138.71,138.9,134.47,137.27,5998700.0,0.0,0.0
2021-01-26,137.48,137.57,134.44,134.83,5312300.0,0.0,0.0
2021-01-27,131.95,132.59,130.01,130.75,7815900.0,0.0,0.0
2021-01-28,132.09,136.09,131.23,134.45,6244600.0,0.0,0.0
2021-01-29,133.68,134.76,131.88,133.32,7166100.0,0.0,0.0
2021-02-01,135.1,135.77,133.03,135.43,4366800.0,0.0,0.0
2021-02-02,136.78,139.58,136.47,139.31,7132800.0,0.0,0.0
2021-02-03,139.42,139.78,137.73,138.35,4678600.0,0.0,0.0
2021-02-04,139.27,140.76,138.64,140.34,4533700.0,0.0,0.0
2021-02-05,141.05,145.27,141.0,144.82,6151500.0,0.0,0.0
2021-02-08,144.86,145.58,142.51,143.12,6304300.0,0.0,0.0
2021-02-09,143.31,143.93,141.41,141.5,3436300.0,0.0,0.0
2021-02-10,142.16,142.31,140.61,142.17,4125700.0,0.0,0.0
2021-02-11,142.71,144.06,142.12,143.25,3828700.0,0.0,0.0
2021-02-12,142.82,143.16,141.11,141.83,3637000.0,0.0,0.0
2021-02-16,143.08,143.08,140.74,141.42,4873400.0,0.0,0.0
2021-02-17,141.01,144.27,139.93,143.7,6437100.0,0.0,0.0
2021-02-18,142.69,145.1,140.92,144.8,4486800.0,0.0,0.0
2021-02-19,145.13,145.2,141.21,141.73,7486000.0,0.0,0.0
2021-02-22,141.25,142.17,135.98,136.39,8985900.0,0.0,0.0
2021-02-23,135.75,136.55,131.31,135.85,10364100.0,0.0,0.0
2021-02-24,134.79,135.68,133.68,135.37,6360900.0,0.0,0.0
2021-02-25,137.32,138.9,134.26,135.26,5674300.0,0.0,0.0
2021-02-26,135.9,136.85,133.36,134.78,6650200.0,0.275,0.0
2021-03-01,135.64,139.15,135.5,137.65,5717800.0,0.0,0.0
2021-03-02,137.56,138.26,135.61,137.02,5292700.0,0.0,0.0
2021-03-03,137.09,137.41,134.15,134.26,4888400.0,0.0,0.0
2021-03-04,134.0,135.13,130.18,132.04,7181500.0,0.0,0.0
2021-03-05,133.54,133.68,129.19,133.35,5957100.0,0.0,0.0
2021-03-08,133.64,135.63,132.37,134.56,4983000.0,0.0,0.0
2021-03-09,135.51,138.0,135.45,135.95,5977800.0,0.0,0.0
2021-03-10,136.5,138.2,136.1,137.59,4519600.0,0.0,0.0
2021-03-11,139.18,142.2,138.56,141.19,5696500.0,0.0,0.0
2021-03-12,140.0,140.91,138.6,140.45,4143200.0,0.0,0.0
2021-03-15,140.7,145.0,140.67,144.94,5413900.0,0.0,0.0
2021-03-16,145.88,146.15,143.84,144.65,5623000.0,0.0,0.0
2021-03-17,143.2,146.15,143.2,144.82,5134400.0,0.0,0.0
2021-03-18,144.37,146.66,142.55,143.17,10279400.0,0.0,0.0
2021-03-19,140.0,142.86,135.51,137.49,24980400.0,0.0,0.0
2021-03-22,137.63,138.81,136.03,138.27,7537300.0,0.0,0.0
2021-03-23,138.49,140.64,136.55,137.12,5582600.0,0.0,0.0
2021-03-24,136.45,137.92,132.88,133.16,8157600.0,0.0,0.0
2021-03-25,127.05,129.39,125.44,128.64,18475800.0,0.0,0.0
2021-03-26,131.6,133.19,129.77,132.99,10010500.0,0.0,0.0
2021-03-29,132.94,133.91,130.66,133.49,7153900.0,0.0,0.0
2021-03-30,132.35,133.35,131.22,132.95,6026600.0,0.0,0.0
2021-03-31,133.09,134.18,131.92,132.89,6878900.0,0.0,0.0
2021-04-01,134.69,134.69,132.21,132.53,5720600.0,0.0,0.0
2021-04-05,133.1,135.68,133.1,135.12,5508900.0,0.0,0.0
2021-04-06,135.44,137.71,134.93,137.16,4670100.0,0.0,0.0
2021-04-07,136.99,138.24,136.36,136.54,6646000.0,0.0,0.0
2021-04-08,137.28,137.31,133.41,133.68,8748400.0,0.0,0.0
2021-04-09,133.94,135.5,133.5,135.45,6056800.0,0.0,0.0
2021-04-12,134.75,136.9,134.22,136.64,5638200.0,0.0,0.0
2021-04-13,135.6,135.99,133.4,133.54,8778200.0,0.0,0.0
2021-04-14,133.54,134.18,131.82,132.26,7354100.0,0.0,0.0
2021-04-15,133.0,134.07,132.68,133.67,6284800.0,0.0,0.0
2021-04-16,134.71,134.77,133.73,134.31,6852500.0,0.0,0.0
2021-04-19,134.3,134.38,132.15,132.57,5613600.0,0.0,0.0
2021-04-20,129.17,129.9,125.7,127.11,13268700.0,0.0,0.0
2021-04-21,127.59,130.33,127.37,129.9,7110900.0,0.0,0.0
2021-04-22,129.89,130.37,127.98,129.18,6442900.0,0.0,0.0
2021-04-23,128.93,130.65,128.46,130.19,7489000.0,0.0,0.0
2021-04-26,130.49,131.7,129.32,131.6,8217800.0,0.0,0.0
2021-04-27,132.0,132.79,131.41,132.11,5833100.0,0.0,0.0
2021-04-28,132.26,132.33,130.35,130.71,8195400.0,0.0,0.0
2021-04-29,131.77,134.12,131.23,133.26,6612500.0,0.0,0.0
2021-04-30,132.44,133.88,132.05,132.62,5643600.0,0.0,0.0
2021-05-03,133.37,134.45,132.59,133.03,5053000.0,0.0,0.0
2021-05-04,132.23,132.59,130.48,131.55,6129500.0,0.0,0.0
2021-05-05,132.7,134.22,132.08,132.21,4218000.0,0.0,0.0
2021-05-06,132.6,133.84,131.94,133.49,5201000.0,0.0,0.0
2021-05-07,135.0,139.36,134.72,137.81,10566700.0,0.0,0.0
2021-05-10,138.0,138.9,136.3,136.4,5669300.0,0.0,0.0
2021-05-11,138.38,138.38,135.01,137.12,8045400.0,0.0,0.0
2021-05-12,135.42,136.82,133.34,133.39,5865100.0,0.0,0.0
2021-05-13,133.7,135.03,132.49,133.61,6284300.0,0.0,0.0
2021-05-14,134.34,136.68,134.05,135.93,4367900.0,0.0,0.0
2021-05-17,136.33,137.07,135.5,136.41,3934200.0,0.0,0.0
2021-05-18,136.44,137.47,135.45,135.56,5664700.0,0.0,0.0
2021-05-19,133.48,133.97,131.96,132.96,5582300.0,0.0,0.0
2021-05-20,133.78,134.21,132.19,133.27,4934800.0,0.0,0.0
2021-05-21,133.83,134.17,132.41,132.66,5328900.0,0.0,0.0
