Date,Open,High,Low,Close,Volume,Dividends,Stock Splits
2011-05-24,35.0,42.01,30.55,38.84,70186700,0,0
2011-05-25,37.75,37.9,34.4,35.0,11761600,0,0
2011-05-26,34.45,35.45,34.0,34.77,4417500,0,0
2011-05-27,34.75,35.0,34.0,34.45,2006000,0,0
2011-05-31,34.95,35.37,32.61,33.45,3981100,0,0
2011-06-01,32.98,33.07,32.0,32.25,3720000,0,0
2011-06-02,32.06,33.75,31.55,33.52,2097700,0,0
2011-06-03,33.33,35.5,32.65,33.5,1963500,0,0
2011-06-06,33.87,34.99,33.51,34.23,1654100,0,0
2011-06-07,34.99,35.22,34.0,35.0,1425700,0,0
2011-06-08,34.48,35.25,33.1,33.29,2072700,0,0
2011-06-09,33.75,33.75,32.57,32.79,1625100,0,0
2011-06-10,32.36,32.75,31.76,31.82,1265200,0,0
2011-06-13,31.75,32.28,31.05,31.33,1100100,0,0
2011-06-14,31.36,32.3,31.36,31.6,797800,0,0
2011-06-15,31.0,31.45,29.91,30.27,2693500,0,0
2011-06-16,30.85,30.9,29.76,30.53,3081300,0,0
2011-06-17,31.03,31.25,30.24,30.81,1126400,0,0
2011-06-20,30.94,31.0,29.91,30.32,793400,0,0
2011-06-21,30.32,31.34,29.95,31.13,1304200,0,0
2011-06-22,30.96,31.11,30.5,30.71,511200,0,0
2011-06-23,30.26,31.2,29.8,31.17,844300,0,0
2011-06-24,31.25,31.77,30.51,31.55,432900,0,0
2011-06-27,31.73,33.06,31.62,32.5,752100,0,0
2011-06-28,33.03,34.42,32.89,33.99,1251100,0,0
2011-06-29,34.47,34.98,33.86,34.78,869300,0,0
2011-06-30,34.78,35.73,34.38,35.51,1537100,0,0
2011-07-01,35.75,36.33,34.9,35.69,1059300,0,0
2011-07-05,36.2,36.3,33.79,34.09,1688200,0,0
2011-07-06,33.77,35.0,33.14,33.93,1848400,0,0
2011-07-07,34.25,34.4,33.81,34.15,1396200,0,0
2011-07-08,33.7,36.0,33.6,35.95,1747600,0,0
2011-07-11,35.35,37.09,33.9,34.13,3324400,0,0
2011-07-12,34.21,35.18,33.19,33.54,1279900,0,0
2011-07-13,34.25,34.95,33.96,34.49,908400,0,0
2011-07-14,34.89,35.26,33.37,34.17,1127400,0,0
2011-07-15,34.99,35.67,34.33,34.99,974200,0,0
2011-07-18,35.05,35.91,34.73,35.91,1049400,0,0
2011-07-19,36.25,36.75,35.64,35.75,1332100,0,0
2011-07-20,35.93,36.63,34.8,34.99,733600,0,0
2011-07-21,35.08,35.53,34.7,34.93,453100,0,0
2011-07-22,35.5,36.45,34.76,35.65,882400,0,0
2011-07-25,35.55,37.12,35.43,36.56,822200,0,0
2011-07-26,37.15,39.67,37.0,37.45,2828700,0,0
2011-07-27,37.01,38.99,36.31,38.51,2100400,0,0
2011-07-28,38.16,38.4,32.65,37.74,3706000,0,0
2011-07-29,37.0,37.01,34.82,34.98,1991900,0,0
2011-08-01,35.38,35.95,32.14,32.79,1688900,0,0
2011-08-02,33.0,33.96,32.34,32.47,1115200,0,0
2011-08-03,32.81,34.46,31.75,34.24,1559100,0,0
2011-08-04,34.0,34.25,32.5,32.61,1056900,0,0
2011-08-05,32.72,32.9,30.5,30.83,2193300,0,0
2011-08-08,28.88,29.73,26.02,27.04,2973800,0,0
2011-08-09,27.32,29.83,26.11,29.76,1818700,0,0
2011-08-10,29.64,31.49,28.6,29.73,1138400,0,0
2011-08-11,29.85,32.17,29.65,30.66,1830100,0,0
2011-08-12,31.1,32.29,30.63,30.66,986500,0,0
2011-08-15,30.68,31.96,30.47,30.59,735300,0,0
2011-08-16,30.51,30.78,28.9,29.18,1491800,0,0
2011-08-17,30.15,30.4,29.53,30.01,1200600,0,0
2011-08-18,29.04,29.79,28.69,29.56,1151900,0,0
2011-08-19,29.0,30.22,28.48,29.99,658700,0,0
2011-08-22,30.97,31.0,28.85,29.05,696800,0,0
2011-08-23,29.11,29.27,27.85,28.93,1049800,0,0
2011-08-24,28.17,32.0,28.15,30.95,1336200,0,0
2011-08-25,32.0,32.03,30.3,30.5,925200,0,0
2011-08-26,30.31,30.68,29.75,30.45,399000,0,0
2011-08-29,30.82,31.08,30.06,30.35,466300,0,0
2011-08-30,29.97,30.66,29.88,29.96,869900,0,0
2011-08-31,30.6,31.71,30.6,30.97,2125600,0,0
2011-09-01,31.09,31.9,31.04,31.19,1117800,0,0
2011-09-02,30.43,31.31,30.02,30.38,698100,0,0
2011-09-06,29.5,29.86,28.89,29.22,1187000,0,0
2011-09-07,29.66,30.02,29.55,29.8,847100,0,0
2011-09-08,30.0,31.0,29.36,30.26,786900,0,0
2011-09-09,30.0,30.66,29.55,29.93,632600,0,0
2011-09-12,29.67,30.05,28.7,29.02,1186900,0,0
2011-09-13,29.06,29.3,28.11,28.38,976100,0,0
2011-09-14,28.55,29.84,28.3,29.16,1635500,0,0
2011-09-15,29.53,29.86,29.01,29.74,516900,0,0
2011-09-16,29.69,30.04,29.45,30.01,599200,0,0
2011-09-19,29.5,29.85,28.69,29.57,390300,0,0
2011-09-20,29.85,30.0,28.31,28.61,725400,0,0
2011-09-21,29.42,29.63,27.93,27.96,916200,0,0
2011-09-22,26.66,26.76,24.15,25.4,3224700,0,0
2011-09-23,25.22,25.55,24.95,25.54,990500,0,0
2011-09-26,26.0,26.0,24.68,25.06,926200,0,0
2011-09-27,25.8,27.03,25.55,26.36,1270500,0,0
2011-09-28,26.21,26.29,22.61,22.9,5200000,0,0
2011-09-29,23.59,24.3,21.17,22.6,4659000,0,0
2011-09-30,21.52,22.62,19.98,20.46,2284700,0,0
2011-10-03,22.5,22.82,18.45,18.97,2485700,0,0
2011-10-04,18.75,18.84,17.76,18.81,2208500,0,0
2011-10-05,18.25,19.95,17.53,19.85,1231000,0,0
2011-10-06,19.8,20.5,19.8,20.18,1316100,0,0
2011-10-07,20.24,20.29,19.11,19.82,467800,0,0
2011-10-10,20.26,21.73,20.03,21.57,669600,0,0
2011-10-11,22.32,26.13,21.67,24.27,2617900,0,0
2011-10-12,25.01,25.1,23.3,23.63,834100,0,0
2011-10-13,23.3,24.62,22.73,24.25,422700,0,0
2011-10-14,24.79,25.4,24.01,24.17,531400,0,0
2011-10-17,24.05,24.91,23.43,24.4,582100,0,0
2011-10-18,24.53,24.79,23.17,24.25,506800,0,0
2011-10-19,24.25,25.75,24.25,24.73,913900,0,0
2011-10-20,24.03,25.47,24.0,25.08,528100,0,0
2011-10-21,25.97,26.75,25.24,26.42,816300,0,0
2011-10-24,26.98,27.8,26.27,27.53,717400,0,0
2011-10-25,27.09,27.19,25.0,25.17,616900,0,0
2011-10-26,25.57,26.0,25.38,25.79,1108000,0,0
2011-10-27,28.1,29.34,26.38,27.74,1698000,0,0
2011-10-28,27.83,28.2,27.26,28.13,878300,0,0
2011-10-31,27.96,28.47,27.09,27.52,590400,0,0
2011-11-01,26.2,27.19,26.12,26.7,707500,0,0
2011-11-02,27.18,27.29,25.9,26.04,529600,0,0
2011-11-03,26.5,28.72,25.98,28.62,1980600,0,0
2011-11-04,28.55,28.8,27.38,28.55,830900,0,0
2011-11-07,28.48,28.48,26.82,27.58,1138000,0,0
2011-11-08,27.42,28.07,27.14,27.58,522700,0,0
2011-11-09,26.71,26.94,25.33,25.4,636300,0,0
2011-11-10,25.74,26.03,24.77,24.99,489000,0,0
2011-11-11,25.22,25.8,24.87,25.54,579800,0,0
2011-11-14,25.81,25.81,25.0,25.63,587600,0,0
2011-11-15,25.7,26.0,24.61,24.81,1072800,0,0
2011-11-16,24.27,24.57,22.78,23.51,1270300,0,0
2011-11-17,24.49,24.49,21.86,21.99,1885000,0,0
2011-11-18,22.1,22.67,21.52,21.65,1066100,0,0
2011-11-21,21.0,21.12,18.63,19.72,4183500,0,0
2011-11-22,20.9,21.18,19.97,20.06,1189800,0,0
2011-11-23,20.71,20.71,19.78,20.05,1244900,0,0
2011-11-25,20.25,20.85,19.51,19.75,646000,0,0
2011-11-28,20.51,21.16,20.14,20.99,667700,0,0
2011-11-29,20.99,21.89,20.5,21.54,1171700,0,0
2011-11-30,21.44,22.05,20.95,21.98,1248300,0,0
2011-12-01,21.81,22.21,21.64,21.92,694700,0,0
2011-12-02,21.73,22.53,21.21,21.36,1108600,0,0
2011-12-05,22.07,22.07,21.18,21.48,604900,0,0
2011-12-06,20.91,21.08,20.17,20.88,800400,0,0
2011-12-07,20.69,22.26,20.5,21.8,2657600,0,0
2011-12-08,20.64,21.45,20.42,20.5,1307500,0,0
2011-12-09,20.1,20.29,19.61,19.94,1349300,0,0
2011-12-12,19.84,19.97,18.33,18.83,2184800,0,0
2011-12-13,18.7,18.87,17.92,18.49,1473800,0,0
2011-12-14,18.07,18.46,17.76,17.89,2094800,0,0
2011-12-15,18.48,18.85,17.65,17.97,1237900,0,0
2011-12-16,18.36,18.36,17.01,17.55,1538000,0,0
2011-12-19,17.57,17.57,16.6,16.95,763100,0,0
2011-12-20,16.85,17.95,16.74,17.84,1171700,0,0
2011-12-21,17.79,18.06,17.7,18.03,677700,0,0
2011-12-22,17.99,19.49,17.5,19.2,869900,0,0
2011-12-23,19.22,20.1,19.22,19.96,610700,0,0
2011-12-27,19.61,19.63,18.91,19.49,360700,0,0
2011-12-28,19.12,19.89,19.06,19.8,445100,0,0
2011-12-29,19.72,19.85,19.36,19.5,429300,0,0
2011-12-30,19.65,19.7,19.25,19.7,302300,0,0
2012-01-03,19.95,20.29,19.67,19.74,536400,0,0
2012-01-04,19.88,19.88,18.84,19.15,527000,0,0
2012-01-05,19.18,19.47,18.97,19.29,1404000,0,0
2012-01-06,19.32,19.45,18.57,18.61,585300,0,0
2012-01-09,18.62,19.15,18.62,18.73,729900,0,0
2012-01-10,19.01,19.1,18.66,18.86,682100,0,0
2012-01-11,19.7,19.89,18.75,19.2,1486800,0,0
2012-01-12,19.29,19.48,18.82,19.05,442900,0,0
2012-01-13,18.56,18.89,18.22,18.6,671100,0,0
2012-01-17,18.83,18.83,18.26,18.3,519100,0,0
2012-01-18,18.37,18.78,18.1,18.52,881500,0,0
2012-01-19,18.17,18.9,17.94,18.75,1402200,0,0
2012-01-20,18.34,18.88,18.33,18.74,933000,0,0
2012-01-23,18.55,18.75,18.33,18.44,489900,0,0
2012-01-24,18.38,18.83,18.33,18.72,779200,0,0
2012-01-25,18.64,19.97,18.34,19.79,2664400,0,0
2012-01-26,19.99,21.29,19.97,20.89,5166000,0,0
2012-01-27,20.9,20.99,20.44,20.7,1891500,0,0
2012-01-30,20.16,20.57,20.01,20.24,599600,0,0
2012-01-31,20.5,20.5,19.78,20.34,986900,0,0
2012-02-01,20.5,20.7,20.14,20.65,986600,0,0
2012-02-02,20.68,21.42,20.68,21.39,2427600,0,0
2012-02-03,21.55,22.09,21.4,21.82,1345900,0,0
2012-02-06,21.69,21.7,21.0,21.5,534800,0,0
2012-02-07,21.42,21.58,21.12,21.5,902000,0,0
2012-02-08,21.55,22.06,21.3,21.9,2422700,0,0
2012-02-09,22.07,22.44,21.9,22.14,1205100,0,0
2012-02-10,21.87,21.87,21.02,21.27,607000,0,0
2012-02-13,21.48,21.65,20.71,20.94,474900,0,0
2012-02-14,20.77,21.56,20.47,21.5,866200,0,0
2012-02-15,21.64,22.12,21.4,21.57,914900,0,0
2012-02-16,21.5,21.78,21.39,21.71,1311500,0,0
2012-02-17,21.94,22.16,21.65,22.06,1185800,0,0
2012-02-21,22.1,23.64,22.08,23.57,4938200,0,0
2012-02-22,23.8,23.84,21.57,22.63,3035900,0,0
2012-02-23,22.9,23.05,22.28,22.97,1056400,0,0
2012-02-24,22.94,23.14,22.54,22.7,1332800,0,0
2012-02-27,22.66,22.95,21.81,22.16,820300,0,0
2012-02-28,22.13,22.6,21.88,22.01,1345200,0,0
2012-02-29,22.07,22.26,21.01,21.3,1619100,0,0
2012-03-01,20.91,21.7,20.67,21.6,1384100,0,0
2012-03-02,21.69,23.39,21.67,23.26,3029000,0,0
2012-03-05,23.26,23.45,22.52,23.19,3177100,0,0
2012-03-06,22.76,23.45,22.75,23.13,1953500,0,0
2012-03-07,23.18,23.45,22.97,23.14,2119800,0,0
2012-03-08,23.32,24.2,23.15,23.95,2446600,0,0
2012-03-09,23.84,23.9,23.41,23.47,715900,0,0
2012-03-12,23.51,23.55,22.87,22.94,680200,0,0
2012-03-13,23.2,23.89,23.2,23.5,1951200,0,0
2012-03-14,23.71,24.21,23.33,24.1,2173600,0,0
2012-03-15,24.07,24.1,23.75,23.97,1187600,0,0
2012-03-16,23.92,24.74,23.8,24.68,2311500,0,0
2012-03-19,24.51,24.83,24.01,24.49,1445300,0,0
2012-03-20,24.25,24.4,23.48,24.03,836300,0,0
2012-03-21,23.76,24.57,23.75,24.21,445700,0,0
2012-03-22,24.03,24.06,23.56,23.75,526700,0,0
2012-03-23,23.66,24.06,23.61,24.01,959400,0,0
2012-03-26,24.33,24.46,23.9,24.28,2111000,0,0
2012-03-27,24.4,25.08,24.06,24.95,2905200,0,0
2012-03-28,25.0,25.21,24.7,25.0,2122100,0,0
2012-03-29,24.96,25.41,24.75,25.35,1650200,0,0
2012-03-30,25.5,27.0,25.45,26.87,3887800,0,0
2012-04-02,26.94,28.14,26.7,27.01,4014000,0,0
2012-04-03,27.0,27.0,26.53,26.67,1397900,0,0
2012-04-04,26.25,26.39,25.8,26.04,1365500,0,0
2012-04-05,26.02,26.66,25.87,26.62,1145100,0,0
2012-04-09,26.16,27.0,26.1,26.6,569500,0,0
2012-04-10,26.5,26.67,25.38,25.57,979200,0,0
2012-04-11,26.49,26.49,25.77,26.25,1001500,0,0
2012-04-12,25.8,26.74,25.78,26.57,1163800,0,0
2012-04-13,26.62,26.62,26.11,26.56,903500,0,0
2012-04-16,26.81,26.89,26.21,26.46,872800,0,0
2012-04-17,27.0,27.91,26.82,27.13,2624500,0,0
2012-04-18,27.07,27.07,26.52,26.91,715400,0,0
2012-04-19,26.96,27.48,26.82,27.3,1730700,0,0
2012-04-20,27.32,27.5,26.52,26.65,1241100,0,0
2012-04-23,26.39,26.55,24.9,25.84,1530800,0,0
2012-04-24,25.74,25.77,24.08,24.54,1731700,0,0
2012-04-25,25.16,25.67,24.45,24.54,2609500,0,0
2012-04-26,25.9,25.9,22.95,23.37,3839900,0,0
2012-04-27,23.6,25.42,22.95,24.69,2674500,0,0
2012-04-30,24.7,24.96,23.6,23.72,1525100,0,0
2012-05-01,23.93,24.1,23.42,23.92,1226700,0,0
2012-05-02,24.04,24.57,23.83,24.08,1329100,0,0
2012-05-03,24.11,24.11,23.3,23.93,1254000,0,0
2012-05-04,23.9,24.04,23.23,23.35,2379600,0,0
2012-05-07,23.0,23.15,21.98,22.57,2940600,0,0
2012-05-08,22.45,22.57,21.63,21.82,1772900,0,0
2012-05-09,21.34,22.0,21.05,21.8,808700,0,0
2012-05-10,21.92,22.3,21.73,21.93,1172200,0,0
2012-05-11,21.62,22.78,21.62,22.4,2571300,0,0
2012-05-14,22.4,22.4,21.39,21.53,593500,0,0
2012-05-15,21.62,22.13,21.45,21.47,761500,0,0
2012-05-16,21.8,22.8,21.8,22.18,1228400,0,0
2012-05-17,21.93,22.43,20.83,21.0,1006900,0,0
2012-05-18,21.14,21.43,20.25,20.47,2181800,0,0
2012-05-21,20.3,21.28,19.41,21.25,1791800,0,0
2012-05-22,21.18,21.6,21.01,21.16,622000,0,0
2012-05-23,20.86,21.03,20.6,20.92,1426600,0,0
2012-05-24,21.1,21.1,20.13,20.28,1282800,0,0
2012-05-25,20.28,20.6,20.12,20.45,580500,0,0
2012-05-29,20.58,21.4,20.51,21.05,1060800,0,0
2012-05-30,20.87,20.89,20.2,20.42,768600,0,0
2012-05-31,20.26,20.42,19.78,19.93,1441700,0,0
2012-06-01,19.61,20.05,18.25,18.49,1828200,0,0
2012-06-04,18.5,19.48,18.5,19.08,1049700,0,0
2012-06-05,18.92,19.04,18.45,18.95,1758300,0,0
2012-06-06,19.24,19.32,18.6,18.79,1363700,0,0
2012-06-07,19.17,19.29,18.8,18.88,1697000,0,0
2012-06-08,18.84,19.18,18.5,18.95,1302200,0,0
2012-06-11,19.2,19.2,17.67,17.71,1346100,0,0
2012-06-12,17.76,17.81,17.27,17.43,1901300,0,0
2012-06-13,17.6,17.6,16.79,17.18,1641300,0,0
2012-06-14,17.28,17.44,16.65,16.66,1644600,0,0
2012-06-15,16.98,17.68,16.79,17.56,3202000,0,0
2012-06-18,17.65,18.93,17.47,18.56,3898400,0,0
2012-06-19,18.56,19.01,18.42,18.81,1754500,0,0
2012-06-20,18.66,18.79,18.37,18.56,930500,0,0
2012-06-21,18.55,18.84,17.63,17.74,878000,0,0
2012-06-22,17.84,18.19,17.75,17.83,2218400,0,0
2012-06-25,17.65,17.72,17.0,17.31,2758500,0,0
2012-06-26,17.82,17.82,17.22,17.37,889500,0,0
2012-06-27,17.84,18.1,17.4,17.86,1439800,0,0
2012-06-28,17.69,18.32,17.26,17.94,1607100,0,0
2012-06-29,18.58,19.36,18.28,19.05,2515400,0,0
2012-07-02,19.24,19.32,18.86,18.97,1452000,0,0
2012-07-03,19.0,19.95,19.0,19.27,974800,0,0
2012-07-05,19.99,20.48,19.68,20.25,1641900,0,0
2012-07-06,19.74,20.17,18.8,18.9,1564400,0,0
2012-07-09,18.8,19.08,18.42,18.85,1241800,0,0
2012-07-10,18.8,19.03,18.2,18.35,1007300,0,0
2012-07-11,18.18,18.9,18.18,18.41,734300,0,0
2012-07-12,18.12,18.47,17.95,18.3,1148700,0,0
2012-07-13,18.27,18.69,18.26,18.56,472700,0,0
2012-07-16,18.44,18.63,17.73,17.84,1035100,0,0
2012-07-17,17.97,18.18,17.73,18.01,1857600,0,0
2012-07-18,18.0,19.05,17.83,18.69,1093300,0,0
2012-07-19,18.9,19.54,18.77,19.45,2017500,0,0
2012-07-20,19.24,19.39,18.72,18.97,1587300,0,0
2012-07-23,18.28,18.64,18.07,18.54,908300,0,0
2012-07-24,18.55,19.24,18.55,18.82,1361600,0,0
2012-07-25,18.92,19.24,18.59,19.0,1006900,0,0
2012-07-26,19.5,19.5,18.93,19.0,1159600,0,0
2012-07-27,18.84,20.33,18.52,20.22,2036700,0,0
2012-07-30,20.25,20.99,20.24,20.83,3146100,0,0
2012-07-31,21.0,21.57,19.06,19.23,2968800,0,0
2012-08-01,19.42,19.99,19.26,19.74,2530700,0,0
2012-08-02,19.32,19.96,19.09,19.25,1001100,0,0
2012-08-03,19.64,20.62,19.32,20.47,2206300,0,0
2012-08-06,20.74,21.79,20.21,21.33,2329900,0,0
2012-08-07,21.36,21.58,20.74,20.86,1174300,0,0
2012-08-08,20.77,21.2,20.68,21.11,1377400,0,0
2012-08-09,21.07,21.09,20.7,20.9,333200,0,0
2012-08-10,20.82,20.94,20.35,20.62,1085200,0,0
2012-08-13,20.68,20.91,20.22,20.4,587900,0,0
2012-08-14,20.4,20.6,20.06,20.2,885200,0,0
2012-08-15,20.15,20.36,19.7,20.13,705600,0,0
2012-08-16,20.25,21.53,20.05,21.46,1185400,0,0
2012-08-17,21.61,21.62,20.95,21.24,841500,0,0
2012-08-20,21.12,21.23,20.52,20.89,853100,0,0
2012-08-21,20.92,21.51,20.51,21.1,1041300,0,0
2012-08-22,21.07,21.3,20.87,21.18,583700,0,0
2012-08-23,21.06,21.15,20.52,20.99,680800,0,0
2012-08-24,20.84,21.18,20.51,20.94,566600,0,0
2012-08-27,20.95,21.22,20.6,20.77,514300,0,0
2012-08-28,20.67,21.28,20.66,21.17,556000,0,0
2012-08-29,21.13,21.38,20.98,21.11,641200,0,0
2012-08-30,21.01,21.15,20.32,20.41,703900,0,0
2012-08-31,20.57,21.21,20.51,21.12,1022500,0,0
2012-09-04,20.58,21.57,20.58,21.3,1274900,0,0
2012-09-05,21.31,21.79,21.16,21.74,1044500,0,0
2012-09-06,21.3,22.72,21.3,22.51,4596100,0,0
2012-09-07,22.45,23.47,22.31,22.95,3551400,0,0
2012-09-10,22.87,22.93,22.28,22.64,736600,0,0
2012-09-11,22.81,23.01,22.43,22.49,1271900,0,0
2012-09-12,22.67,23.6,22.63,23.4,3042800,0,0
2012-09-13,23.34,24.48,23.09,24.07,3832600,0,0
2012-09-14,24.13,25.15,24.1,24.72,3345900,0,0
2012-09-17,25.0,25.17,24.13,24.91,1534600,0,0
2012-09-18,25.0,25.23,24.48,25.06,3020000,0,0
2012-09-19,24.94,25.21,24.34,24.83,4256900,0,0
2012-09-20,25.0,25.0,24.33,24.76,2640300,0,0
2012-09-21,24.78,24.83,24.44,24.49,1749700,0,0
2012-09-24,24.64,24.71,24.01,24.14,1649300,0,0
2012-09-25,24.43,24.43,23.75,23.87,1694500,0,0
2012-09-26,23.61,23.74,22.66,23.35,1887100,0,0
2012-09-27,23.88,24.07,23.27,23.34,1509700,0,0
2012-09-28,23.34,24.25,23.06,24.15,1915900,0,0
2012-10-01,24.45,24.98,24.01,24.44,1962700,0,0
2012-10-02,24.51,25.0,24.4,24.6,1075500,0,0
2012-10-03,24.83,24.87,24.35,24.64,1365600,0,0
2012-10-04,24.64,25.08,24.36,24.78,1398400,0,0
2012-10-05,25.0,25.07,24.0,24.2,1007200,0,0
2012-10-08,24.24,24.27,23.87,24.14,662000,0,0
2012-10-09,24.1,24.46,23.39,23.55,522800,0,0
2012-10-10,23.68,23.76,23.17,23.39,1056800,0,0
2012-10-11,23.63,23.69,23.21,23.26,1148400,0,0
2012-10-12,23.33,23.4,23.08,23.28,813500,0,0
2012-10-15,23.45,23.45,22.86,22.93,860500,0,0
2012-10-16,23.28,23.28,22.92,23.09,787000,0,0
2012-10-17,23.01,23.27,22.81,22.93,949000,0,0
2012-10-18,22.94,23.35,22.34,22.41,1530600,0,0
2012-10-19,22.44,22.84,22.09,22.24,1004900,0,0
2012-10-22,22.28,22.61,22.06,22.25,590200,0,0
2012-10-23,22.0,22.23,21.7,22.15,740600,0,0
2012-10-24,22.35,22.96,21.93,21.97,812700,0,0
2012-10-25,22.38,22.84,22.11,22.74,1195200,0,0
2012-10-26,22.91,23.17,22.47,23.07,1091000,0,0
2012-10-31,23.57,24.52,23.02,23.31,1723000,0,0
2012-11-01,23.51,23.97,22.88,23.0,1555100,0,0
2012-11-02,23.12,23.25,22.7,22.77,1662700,0,0
2012-11-05,22.86,22.99,22.22,22.46,1641300,0,0
2012-11-06,22.61,22.65,22.1,22.17,897000,0,0
2012-11-07,21.77,21.88,21.02,21.16,1255100,0,0
2012-11-08,21.21,21.79,20.8,20.8,958400,0,0
2012-11-09,20.59,21.42,20.54,21.11,689600,0,0
2012-11-12,21.36,21.42,20.96,21.3,445300,0,0
2012-11-13,21.18,21.18,20.56,20.86,1273100,0,0
2012-11-14,20.88,21.58,20.85,21.27,650700,0,0
2012-11-15,21.23,21.33,20.73,21.05,600600,0,0
2012-11-16,21.28,21.65,20.78,21.53,529500,0,0
2012-11-19,22.05,22.18,21.53,22.17,584100,0,0
2012-11-20,22.44,22.68,22.17,22.54,1128900,0,0
2012-11-21,22.5,22.81,22.3,22.46,755600,0,0
2012-11-23,22.45,22.5,22.11,22.44,299000,0,0
2012-11-26,22.3,22.4,21.96,22.01,1391700,0,0
2012-11-27,22.25,22.3,21.75,22.1,1048800,0,0
2012-11-28,22.41,22.68,21.82,22.08,1046600,0,0
2012-11-29,22.23,22.44,21.86,22.22,1212200,0,0
2012-11-30,22.24,22.45,21.0,21.82,1883700,0,0
2012-12-03,21.99,21.99,20.93,21.0,1382200,0,0
2012-12-04,20.9,21.08,20.5,20.62,1080500,0,0
2012-12-05,20.7,21.07,20.34,20.94,718200,0,0
2012-12-06,20.93,21.98,20.92,21.98,1070800,0,0
2012-12-07,21.94,23.5,21.91,22.96,2315800,0,0
2012-12-10,22.85,23.09,22.64,23.0,1183300,0,0
2012-12-11,22.45,23.09,21.26,21.44,9717700,0,0
2012-12-12,21.64,21.8,21.22,21.36,1479200,0,0
2012-12-13,21.54,22.13,21.54,21.95,2020000,0,0
2012-12-14,22.05,22.05,21.2,21.37,3380500,0,0
2012-12-17,21.69,21.76,21.19,21.66,1324500,0,0
2012-12-18,21.8,21.94,21.5,21.58,1356100,0,0
2012-12-19,21.84,22.1,21.42,22.01,1811900,0,0
2012-12-20,22.0,22.43,21.66,22.32,2118300,0,0
2012-12-21,22.06,22.18,21.86,22.15,631700,0,0
2012-12-24,21.95,22.08,21.85,22.01,210200,0,0
2012-12-26,22.02,22.34,21.95,22.0,879300,0,0
2012-12-27,21.98,22.01,21.72,21.94,746700,0,0
2012-12-28,21.75,21.95,21.61,21.75,560100,0,0
2012-12-31,21.53,21.98,21.45,21.54,1244700,0,0
2013-01-02,21.98,23.02,21.9,23.0,1544400,0,0
2013-01-03,23.0,23.46,22.94,23.28,1335900,0,0
2013-01-04,23.43,23.43,22.56,23.24,782400,0,0
2013-01-07,23.0,23.45,22.72,23.26,1114500,0,0
2013-01-08,23.29,23.47,23.07,23.16,1008400,0,0
2013-01-09,23.05,23.54,23.0,23.36,1448400,0,0
2013-01-10,23.47,23.89,23.33,23.44,1441900,0,0
2013-01-11,23.28,23.56,22.97,23.12,2832200,0,0
2013-01-14,23.16,23.47,23.06,23.29,838500,0,0
2013-01-15,23.29,23.53,23.0,23.39,1823100,0,0
2013-01-16,23.28,23.28,22.39,22.96,2032500,0,0
2013-01-17,23.09,23.11,22.75,22.87,1497700,0,0
2013-01-18,22.66,22.93,22.24,22.86,929200,0,0
2013-01-22,22.76,22.81,22.53,22.71,633500,0,0
2013-01-23,22.8,23.1,22.62,22.75,954500,0,0
2013-01-24,22.87,23.35,22.87,23.2,3724200,0,0
2013-01-25,23.43,24.26,23.28,23.95,3926200,0,0
2013-01-28,23.97,24.64,23.75,24.0,2320400,0,0
2013-01-29,23.86,24.33,23.6,24.1,1337200,0,0
2013-01-30,24.0,24.7,23.46,23.51,2272300,0,0
2013-01-31,23.58,24.43,23.47,24.21,1626500,0,0
2013-02-01,24.48,24.99,24.22,24.7,2293900,0,0
2013-02-04,24.4,24.4,24.02,24.24,1164500,0,0
2013-02-05,24.23,24.23,23.56,23.93,1391100,0,0
2013-02-06,24.06,24.64,23.88,24.33,2101300,0,0
2013-02-07,24.8,25.0,24.22,24.5,2208300,0,0
2013-02-08,24.6,24.72,24.4,24.71,961900,0,0
2013-02-11,24.75,25.16,24.57,24.93,2226400,0,0
2013-02-12,25.5,25.7,24.83,24.98,2852900,0,0
2013-02-13,25.17,25.56,24.8,25.02,1881700,0,0
2013-02-14,25.0,25.8,24.9,25.66,3078500,0,0
2013-02-15,25.91,25.97,24.98,25.59,3164400,0,0
2013-02-19,23.61,24.09,22.12,23.01,11121400,0,0
2013-02-20,23.17,24.5,23.01,23.76,10796400,0,0
2013-02-21,23.75,23.87,23.02,23.1,3096700,0,0
2013-02-22,23.37,23.64,22.57,23.6,2351700,0,0
2013-02-25,23.61,24.25,23.59,24.08,2914100,0,0
2013-02-26,24.23,24.57,23.52,23.76,2819400,0,0
2013-02-27,23.79,24.32,23.71,23.94,1975300,0,0
2013-02-28,23.86,24.03,23.17,23.19,2139700,0,0
2013-03-01,23.49,23.71,22.97,23.25,1754600,0,0
2013-03-04,23.23,23.38,22.73,23.31,1509500,0,0
2013-03-05,23.65,24.33,23.58,24.3,1741700,0,0
2013-03-06,24.42,24.5,23.98,24.24,944600,0,0
2013-03-07,24.17,24.53,23.99,24.42,810300,0,0
2013-03-08,24.58,25.03,24.32,24.92,1697800,0,0
2013-03-11,24.84,25.3,24.5,25.03,1586600,0,0
2013-03-12,23.5,23.99,22.96,23.03,5041800,0,0
2013-03-13,23.59,24.29,23.49,24.08,14873700,0,0
2013-03-14,24.04,24.15,23.69,23.84,2597700,0,0
2013-03-15,23.83,23.98,23.27,23.57,2143500,0,0
2013-03-18,23.28,23.37,22.57,22.82,1921700,0,0
2013-03-19,22.83,22.83,21.14,22.53,3955500,0,0
2013-03-20,22.73,22.93,22.55,22.79,1702300,0,0
2013-03-21,22.61,22.85,22.44,22.55,889100,0,0
2013-03-22,22.52,23.03,22.52,22.81,1720400,0,0
2013-03-25,22.98,23.45,22.69,22.89,2003800,0,0
2013-03-26,22.87,23.26,22.6,22.88,1498800,0,0
2013-03-27,22.75,23.6,22.54,23.46,3698300,0,0
2013-03-28,23.36,23.39,22.85,23.14,1651800,0,0
2013-04-01,23.04,23.36,22.73,22.86,1148800,0,0
2013-04-02,23.16,23.59,22.98,23.34,1448300,0,0
2013-04-03,23.4,23.41,22.96,23.13,1518900,0,0
2013-04-04,23.22,23.22,22.72,22.84,1549900,0,0
2013-04-05,22.54,22.86,22.5,22.77,1446300,0,0
2013-04-08,22.83,23.0,22.66,22.71,678400,0,0
2013-04-09,22.71,22.84,22.47,22.71,1502300,0,0
2013-04-10,22.78,22.97,22.57,22.85,2387800,0,0
2013-04-11,22.9,22.92,22.54,22.74,1958500,0,0
2013-04-12,22.64,22.8,22.46,22.53,1341800,0,0
2013-04-15,22.38,22.38,20.26,20.4,5727700,0,0
2013-04-16,20.69,21.05,20.26,20.96,5184400,0,0
2013-04-17,20.69,20.75,20.33,20.5,2623100,0,0
2013-04-18,20.5,20.76,20.4,20.59,1529400,0,0
2013-04-19,20.62,20.75,20.08,20.1,1970500,0,0
2013-04-22,20.24,20.4,19.93,20.07,3315300,0,0
2013-04-23,20.07,20.46,19.95,20.36,2009700,0,0
2013-04-24,20.51,21.59,20.51,21.45,3046800,0,0
2013-04-25,23.3,25.33,23.12,24.94,8290600,0,0
2013-04-26,24.5,25.3,24.48,25.08,3069700,0,0
2013-04-29,25.0,25.83,24.94,25.76,2173900,0,0
2013-04-30,25.39,25.92,25.39,25.74,1959500,0,0
2013-05-01,25.97,25.97,25.07,25.36,1734600,0,0
2013-05-02,25.48,25.97,25.36,25.86,1841500,0,0
2013-05-03,25.99,26.12,25.84,25.85,2414900,0,0
2013-05-06,25.97,26.31,25.8,26.15,1414100,0,0
2013-05-07,26.0,27.1,25.9,26.9,3452400,0,0
2013-05-08,27.04,27.67,26.91,27.02,3065100,0,0
2013-05-09,27.14,27.33,26.51,26.94,1286300,0,0
2013-05-10,27.05,27.23,26.5,26.71,2040600,0,0
2013-05-13,26.61,26.72,26.05,26.4,2378000,0,0
2013-05-14,26.44,26.78,26.26,26.78,2344100,0,0
2013-05-15,26.72,27.28,26.71,27.22,2088400,0,0
2013-05-16,27.55,28.12,27.29,28.02,4520000,0,0
2013-05-17,27.9,29.12,27.77,29.01,3993800,0,0
2013-05-20,29.19,29.48,28.97,29.26,4158200,0,0
2013-05-21,29.27,29.36,28.46,28.85,2807300,0,0
2013-05-22,28.8,28.95,27.43,27.74,2515000,0,0
2013-05-23,27.01,27.56,26.7,27.22,2569000,0,0
2013-05-24,26.99,27.16,26.75,27.04,1522600,0,0
2013-05-28,27.05,27.63,26.81,26.9,1085500,0,0
2013-05-29,26.62,27.0,26.21,26.93,2289900,0,0
2013-05-30,26.96,27.51,26.92,27.37,1885400,0,0
2013-05-31,27.22,27.57,26.96,27.16,1516200,0,0
2013-06-03,27.2,27.3,26.67,26.99,1524400,0,0
2013-06-04,27.06,27.38,26.3,26.49,1758300,0,0
2013-06-05,26.37,26.59,25.74,25.98,1927400,0,0
2013-06-06,25.79,26.29,25.72,26.19,1025400,0,0
2013-06-07,26.6,27.12,26.03,27.08,1779300,0,0
2013-06-10,26.96,27.08,26.55,26.67,1095900,0,0
2013-06-11,26.31,26.32,25.62,26.07,2528600,0,0
2013-06-12,26.52,26.94,25.84,26.01,1854500,0,0
2013-06-13,25.98,26.64,25.96,26.47,2643400,0,0
2013-06-14,26.49,26.68,26.05,26.52,1931300,0,0
2013-06-17,26.99,27.54,26.8,27.3,2658200,0,0
2013-06-18,27.5,27.95,27.43,27.64,1485500,0,0
2013-06-19,27.57,27.67,27.09,27.15,1193200,0,0
2013-06-20,26.95,26.95,25.55,25.98,4244400,0,0
2013-06-21,26.05,26.45,25.82,26.41,3326600,0,0
2013-06-24,25.89,26.22,25.38,26.0,2796500,0,0
2013-06-25,26.14,26.85,26.06,26.76,1678100,0,0
2013-06-26,27.13,27.65,27.1,27.42,2603900,0,0
2013-06-27,27.6,27.98,27.16,27.22,1340300,0,0
2013-06-28,27.27,27.9,27.08,27.65,2203200,0,0
2013-07-01,28.0,28.64,27.81,28.06,3111000,0,0
2013-07-02,28.05,28.21,27.58,27.7,2087600,0,0
2013-07-03,27.56,27.7,27.32,27.49,957300,0,0
2013-07-05,27.93,28.08,27.45,27.55,939600,0,0
2013-07-08,27.78,28.01,27.49,28.0,1684100,0,0
2013-07-09,28.11,28.6,28.11,28.34,3358600,0,0
2013-07-10,28.47,29.78,28.4,29.49,5213900,0,0
2013-07-11,29.98,30.68,29.98,30.39,5242400,0,0
2013-07-12,30.6,31.11,30.39,30.75,2807100,0,0
2013-07-15,30.8,31.24,30.75,30.78,2110600,0,0
2013-07-16,30.79,30.83,29.16,29.56,3519000,0,0
2013-07-17,29.52,31.09,29.52,31.06,2243800,0,0
2013-07-18,31.03,31.03,30.66,30.86,2659700,0,0
2013-07-19,30.92,31.46,30.56,31.2,2370100,0,0
2013-07-22,31.3,31.57,31.16,31.46,2407800,0,0
2013-07-23,31.5,31.82,31.35,31.45,3267400,0,0
2013-07-24,31.35,31.59,29.97,30.86,4665400,0,0
2013-07-25,32.98,33.15,31.25,31.81,4416000,0,0
2013-07-26,31.6,33.66,31.35,33.42,3858800,0,0
2013-07-29,33.0,33.31,31.86,31.99,2477600,0,0
2013-07-30,32.05,32.67,30.39,32.48,3917100,0,0
2013-07-31,32.13,32.63,32.0,32.51,3150700,0,0
2013-08-01,33.1,34.27,32.8,33.72,4176500,0,0
2013-08-02,33.06,33.85,33.03,33.78,2531400,0,0
2013-08-05,33.58,33.81,33.4,33.5,1415200,0,0
2013-08-06,33.49,33.57,32.8,33.35,1492700,0,0
2013-08-07,32.87,32.94,31.92,32.76,1564600,0,0
2013-08-08,33.0,33.24,32.39,33.0,1333000,0,0
2013-08-09,32.86,33.28,32.68,33.04,1083200,0,0
2013-08-12,32.71,32.89,32.31,32.68,1316900,0,0
2013-08-13,32.61,33.56,32.33,33.2,1326200,0,0
2013-08-14,33.66,34.79,33.0,33.7,3401200,0,0
2013-08-15,33.27,33.73,32.82,33.0,1859800,0,0
2013-08-16,32.99,33.4,32.79,33.12,1265500,0,0
2013-08-19,32.9,33.08,31.77,32.38,3267900,0,0
2013-08-20,32.4,32.98,32.3,32.77,863400,0,0
2013-08-21,32.9,33.43,32.58,32.73,1018400,0,0
2013-08-22,32.95,33.82,32.8,33.3,994000,0,0
2013-08-23,33.56,33.62,33.01,33.44,823300,0,0
2013-08-26,33.6,33.76,33.15,33.24,1064700,0,0
2013-08-27,32.66,32.97,31.95,32.14,1807000,0,0
2013-08-28,32.03,32.62,31.82,32.41,1339800,0,0
2013-08-29,31.21,32.25,31.15,32.01,4330900,0,0
2013-08-30,32.25,32.71,31.86,32.0,1642900,0,0
2013-09-03,32.2,32.5,31.62,32.02,1743500,0,0
2013-09-04,32.16,33.51,31.79,32.98,2443700,0,0
2013-09-05,33.29,35.24,33.1,34.67,5097200,0,0
2013-09-06,35.1,35.1,33.63,34.24,3127600,0,0
2013-09-09,34.33,35.36,34.33,35.17,1989700,0,0
2013-09-10,35.4,35.88,34.85,35.0,2561600,0,0
2013-09-11,35.11,35.19,34.4,34.5,2240200,0,0
2013-09-12,34.44,34.64,33.69,34.4,1780800,0,0
2013-09-13,34.5,34.6,34.04,34.38,1564400,0,0
2013-09-16,34.86,35.14,34.55,34.91,4698500,0,0
2013-09-17,34.86,35.5,34.61,35.19,1531700,0,0
2013-09-18,35.17,36.45,35.11,36.22,1644900,0,0
2013-09-19,36.67,37.97,36.4,37.93,3490300,0,0
2013-09-20,38.05,38.1,36.01,36.59,3059700,0,0
2013-09-23,36.65,36.82,36.12,36.69,3442800,0,0
2013-09-24,36.94,37.5,36.71,37.48,2819700,0,0
2013-09-25,37.25,37.26,36.74,36.87,2881700,0,0
2013-09-26,37.32,37.63,37.01,37.36,1844400,0,0
2013-09-27,37.14,37.33,36.51,36.8,1768900,0,0
2013-09-30,36.22,36.5,35.63,36.42,2155700,0,0
2013-10-01,36.33,37.84,36.0,37.84,1657400,0,0
2013-10-02,37.43,38.0,37.26,37.75,1327300,0,0
2013-10-03,38.01,39.44,37.78,38.38,3331000,0,0
2013-10-04,38.38,38.75,37.97,38.35,1988000,0,0
2013-10-07,37.93,38.14,37.3,37.44,1701800,0,0
2013-10-08,38.03,38.1,34.31,35.54,4596100,0,0
2013-10-09,35.1,36.88,34.67,36.16,3990100,0,0
2013-10-10,36.89,38.55,36.85,38.53,3633900,0,0
2013-10-11,38.72,38.94,37.48,38.33,5703300,0,0
2013-10-14,38.13,38.97,37.9,38.36,2171500,0,0
2013-10-15,38.49,38.92,38.24,38.59,1645500,0,0
2013-10-16,38.61,39.7,38.6,39.31,2634000,0,0
2013-10-17,39.29,39.65,38.63,39.22,2555100,0,0
2013-10-18,39.81,41.32,39.81,40.81,3334400,0,0
2013-10-21,41.67,41.96,40.56,41.04,2911800,0,0
2013-10-22,41.67,42.0,40.35,40.67,4404100,0,0
2013-10-23,40.6,41.2,39.91,41.0,2679400,0,0
2013-10-24,40.02,40.88,37.3,40.79,4935700,0,0
2013-10-25,40.83,40.84,37.64,38.19,3575500,0,0
2013-10-28,38.18,39.2,37.98,38.16,2847700,0,0
2013-10-29,38.5,38.5,37.0,37.79,4280500,0,0
2013-10-30,38.12,38.61,37.1,37.31,1828700,0,0
2013-10-31,37.33,37.45,35.96,36.86,3464000,0,0
2013-11-01,37.17,38.24,36.91,38.03,2699600,0,0
2013-11-04,38.25,38.65,37.5,37.71,1416000,0,0
2013-11-05,37.56,37.85,37.1,37.52,1378200,0,0
2013-11-06,37.83,38.37,37.6,38.27,1982900,0,0
2013-11-07,38.37,38.58,35.99,36.09,3302700,0,0
2013-11-08,36.12,36.58,35.59,36.35,2340500,0,0
2013-11-11,36.18,36.92,35.8,36.8,1060500,0,0
2013-11-12,36.83,37.05,35.91,36.31,1243800,0,0
2013-11-13,36.35,37.13,35.99,37.09,1425200,0,0
2013-11-14,37.1,38.67,36.7,38.64,2821500,0,0
2013-11-15,39.07,39.25,38.06,38.53,1731500,0,0
2013-11-18,38.97,39.85,38.53,38.78,2621700,0,0
2013-11-19,38.82,38.95,36.9,36.97,2065600,0,0
2013-11-20,37.0,37.82,35.78,36.15,2878400,0,0
2013-11-21,36.42,38.16,36.06,38.0,2594000,0,0
2013-11-22,38.29,38.85,38.22,38.47,1711800,0,0
2013-11-25,38.59,38.92,38.29,38.73,1599700,0,0
2013-11-26,38.57,40.36,38.51,39.89,2264200,0,0
2013-11-27,39.98,40.02,39.37,39.61,1249600,0,0
2013-11-29,39.22,40.47,39.15,39.75,944400,0,0
2013-12-02,39.95,40.42,39.2,40.07,2441400,0,0
2013-12-03,39.59,41.56,38.75,39.85,4879200,0,0
2013-12-04,39.26,40.3,39.26,40.1,2062200,0,0
2013-12-05,39.7,41.3,39.25,40.97,2372200,0,0
2013-12-06,41.14,41.8,39.83,39.94,2558700,0,0
2013-12-09,39.91,40.57,39.28,39.84,2008800,0,0
2013-12-10,39.65,40.49,39.5,39.92,2097900,0,0
2013-12-11,39.97,39.97,36.96,37.42,6163100,0,0
2013-12-12,37.49,39.04,37.45,38.16,6561800,0,0
2013-12-13,38.57,39.06,37.98,38.21,2743500,0,0
2013-12-16,38.42,38.97,38.0,38.33,2099700,0,0
2013-12-17,38.79,38.89,38.27,38.39,1689900,0,0
2013-12-18,38.79,39.47,38.11,39.33,2125800,0,0
2013-12-19,39.33,40.05,39.0,39.68,1693900,0,0
2013-12-20,39.85,40.4,39.33,40.29,2402900,0,0
2013-12-23,40.68,42.94,40.5,41.85,3946500,0,0
2013-12-24,42.35,42.5,41.32,41.88,1027800,0,0
2013-12-26,42.26,43.65,42.1,42.94,2082500,0,0
2013-12-27,43.13,43.41,42.44,42.58,1666900,0,0
2013-12-30,42.58,43.26,41.96,42.17,1812400,0,0
2013-12-31,42.42,43.17,42.17,43.15,1435600,0,0
2014-01-02,43.31,43.34,42.36,42.63,1724200,0,0
2014-01-03,42.99,43.34,42.63,42.9,1130400,0,0
2014-01-06,42.89,43.19,42.61,42.91,1809900,0,0
2014-01-07,43.17,43.94,42.06,43.53,2821300,0,0
2014-01-08,43.77,44.24,42.22,42.25,3146300,0,0
2014-01-09,43.43,45.42,43.17,44.22,5685700,0,0
2014-01-10,44.05,44.44,43.06,44.0,3011700,0,0
2014-01-13,44.17,44.91,42.4,42.65,1966700,0,0
2014-01-14,43.07,43.96,42.57,43.78,1924000,0,0
2014-01-15,44.2,44.25,42.67,43.36,2707000,0,0
2014-01-16,43.05,43.95,43.05,43.76,1140500,0,0
2014-01-17,43.78,44.24,42.87,43.02,1581500,0,0
2014-01-21,43.55,43.8,42.58,43.66,1859400,0,0
2014-01-22,44.0,44.0,42.52,42.69,2269200,0,0
2014-01-23,42.53,43.14,40.1,40.87,4096900,0,0
2014-01-24,39.53,40.15,37.56,38.02,6490400,0,0
2014-01-27,38.01,38.43,35.57,37.22,7019700,0,0
2014-01-28,37.89,37.98,36.76,37.68,3373600,0,0
2014-01-29,37.01,37.01,35.09,35.34,6134000,0,0
2014-01-30,36.4,37.5,36.11,36.94,5250000,0,0
2014-01-31,36.02,37.1,35.77,36.75,2716200,0,0
2014-02-03,36.55,36.99,35.0,35.01,3746900,0,0
2014-02-04,35.52,36.44,35.2,36.28,3202800,0,0
2014-02-05,36.05,37.43,35.98,36.67,4118900,0,0
2014-02-06,36.81,38.9,36.71,38.64,4478100,0,0
2014-02-07,39.05,39.49,38.42,39.26,2657800,0,0
2014-02-10,39.5,39.63,39.16,39.45,2642800,0,0
2014-02-11,39.62,40.26,39.51,40.17,2884700,0,0
2014-02-12,40.32,40.97,40.05,40.39,2624900,0,0
2014-02-13,39.94,40.54,39.36,40.29,2377600,0,0
2014-02-14,40.27,40.47,39.9,40.29,2102700,0,0
2014-02-18,40.69,41.35,39.79,41.21,3007900,0,0
2014-02-19,40.67,40.87,39.53,39.83,4309000,0,0
2014-02-20,37.66,38.97,36.0,37.29,9904700,0,0
2014-02-21,37.61,37.61,36.62,36.66,2696900,0,0
2014-02-24,36.5,36.77,35.77,36.47,2932400,0,0
2014-02-25,35.95,36.85,35.86,36.2,2602500,0,0
2014-02-26,37.52,38.7,37.02,37.76,4956400,0,0
2014-02-27,37.54,37.73,37.17,37.68,2086000,0,0
2014-02-28,37.91,38.55,37.13,37.5,2887800,0,0
2014-03-03,33.75,34.47,31.55,32.23,21840800,0,0
2014-03-04,35.07,35.3,33.85,34.31,15075600,0,0
2014-03-05,34.8,34.9,33.7,34.31,3663000,0,0
2014-03-06,34.2,35.28,33.86,34.29,5342000,0,0
2014-03-07,34.81,34.88,33.01,33.18,4243000,0,0
2014-03-10,33.22,33.85,33.05,33.38,3983200,0,0
2014-03-11,33.35,33.45,32.06,32.49,5514100,0,0
2014-03-12,32.16,32.16,30.84,31.84,8045700,0,0
2014-03-13,31.6,31.6,28.65,29.16,15851300,0,0
2014-03-14,29.17,30.83,29.16,30.39,11351400,0,0
2014-03-17,31.17,31.3,29.64,30.01,6909500,0,0
2014-03-18,31.36,32.83,31.12,32.03,10045200,0,0
2014-03-19,32.23,32.3,31.29,31.42,3907300,0,0
2014-03-20,31.83,31.83,30.26,30.38,5917200,0,0
2014-03-21,30.5,30.5,29.7,30.01,11273600,0,0
2014-03-24,30.25,30.37,28.88,29.16,11341100,0,0
2014-03-25,29.32,30.13,28.99,29.67,9405400,0,0
2014-03-26,30.49,30.73,29.27,29.44,9933900,0,0
2014-03-27,29.32,29.9,28.4,28.75,7186300,0,0
2014-03-28,29.22,29.69,28.69,29.47,9606100,0,0
2014-03-31,30.24,31.08,29.85,30.19,7542300,0,0
2014-04-01,30.88,31.78,30.8,31.49,8906300,0,0
2014-04-02,31.5,31.87,30.91,31.19,3931700,0,0
2014-04-03,31.11,31.69,30.06,30.46,5063500,0,0
2014-04-04,30.98,31.0,29.85,29.96,6535800,0,0
2014-04-07,29.14,29.53,28.21,28.5,7337900,0,0
2014-04-08,28.74,30.0,28.36,29.02,6582500,0,0
2014-04-09,29.35,29.58,28.54,29.54,8002600,0,0
2014-04-10,30.11,30.18,28.28,28.38,7255400,0,0
2014-04-11,28.09,28.36,27.26,28.01,5114100,0,0
2014-04-14,28.0,28.12,27.2,27.51,6401200,0,0
2014-04-15,27.61,27.81,26.47,27.38,8729000,0,0
2014-04-16,27.6,28.4,27.5,28.09,4476100,0,0
2014-04-17,27.85,30.45,27.75,29.95,10451700,0,0
2014-04-21,29.77,29.77,28.98,29.37,2873900,0,0
2014-04-22,29.27,29.89,28.97,29.06,6988900,0,0
2014-04-23,29.23,29.26,27.75,28.26,5592700,0,0
2014-04-24,28.0,28.0,26.29,26.69,9448400,0,0
2014-04-25,25.7,25.7,21.7,24.0,28161700,0,0
2014-04-28,24.16,24.49,23.11,24.01,6925400,0,0
2014-04-29,24.4,26.09,24.35,25.59,10318400,0,0
2014-04-30,25.81,27.0,25.28,26.49,7233000,0,0
2014-05-01,26.73,27.0,26.19,26.54,4633400,0,0
2014-05-02,26.48,27.07,26.32,26.53,3438600,0,0
2014-05-05,26.34,27.08,26.02,26.84,3455300,0,0
2014-05-06,27.08,27.4,26.81,27.01,4539400,0,0
2014-05-07,27.25,27.97,26.84,27.27,6094400,0,0
2014-05-08,27.37,28.88,27.37,27.84,7098000,0,0
2014-05-09,27.85,28.76,27.76,28.3,5211800,0,0
2014-05-12,28.77,29.65,28.32,29.28,6403100,0,0
2014-05-13,29.04,29.72,28.77,29.54,4022900,0,0
2014-05-14,29.96,30.25,29.35,29.95,4516800,0,0
2014-05-15,30.19,30.2,29.18,29.84,4209000,0,0
2014-05-16,29.75,30.16,29.3,30.03,3072900,0,0
2014-05-19,30.08,30.66,29.83,30.56,3014200,0,0
2014-05-20,30.64,31.2,30.49,30.85,3177200,0,0
2014-05-21,30.85,31.61,30.7,31.6,3519800,0,0
2014-05-22,31.62,32.24,31.5,32.1,4557400,0,0
2014-05-23,31.0,32.31,30.88,32.21,6143200,0,0
2014-05-27,31.85,32.75,31.67,32.73,4729800,0,0
2014-05-28,32.81,32.81,31.64,31.9,3341400,0,0
2014-05-29,32.18,32.25,31.41,31.91,3329200,0,0
2014-05-30,31.84,31.9,30.76,31.14,3688300,0,0
2014-06-02,31.2,31.77,30.53,31.67,3115200,0,0
2014-06-03,31.96,32.8,31.94,32.4,3045300,0,0
2014-06-04,33.0,33.18,32.29,32.98,3313300,0,0
2014-06-05,32.99,33.42,32.69,33.15,2610200,0,0
2014-06-06,33.25,34.0,33.16,33.72,2943200,0,0
2014-06-09,34.35,34.35,33.53,34.0,2038200,0,0
2014-06-10,34.0,34.3,33.6,33.95,3051900,0,0
2014-06-11,33.82,34.37,33.75,34.16,2117600,0,0
2014-06-12,34.24,34.72,33.83,34.1,2511400,0,0
2014-06-13,33.93,34.19,33.31,33.73,2738600,0,0
2014-06-16,33.41,33.97,33.0,33.95,2509400,0,0
2014-06-17,33.75,34.17,33.5,34.09,2027300,0,0
2014-06-18,34.21,34.23,33.37,34.12,2336600,0,0
2014-06-19,34.07,34.2,33.62,33.79,2303100,0,0
2014-06-20,33.95,35.67,33.75,35.56,6814500,0,0
2014-06-23,35.02,35.6,34.39,35.6,2891500,0,0
2014-06-24,35.37,35.7,34.43,34.61,5883200,0,0
2014-06-25,34.26,35.08,33.96,34.9,3462300,0,0
2014-06-26,34.95,35.36,34.82,35.03,2815200,0,0
2014-06-27,35.07,35.56,34.96,35.16,2304100,0,0
2014-06-30,35.1,35.9,35.01,35.64,2513500,0,0
2014-07-01,35.65,35.85,34.99,35.01,2606000,0,0
2014-07-02,35.3,35.65,34.33,34.64,2917600,0,0
2014-07-03,34.94,35.15,34.5,34.56,1626200,0,0
2014-07-07,34.5,34.5,33.31,33.38,3187100,0,0
2014-07-08,33.11,33.45,30.68,31.26,9206800,0,0
2014-07-09,31.34,32.15,31.34,32.15,2824900,0,0
2014-07-10,31.29,32.05,31.0,31.69,2357500,0,0
2014-07-11,31.66,32.25,31.66,32.11,1286600,0,0
2014-07-14,32.22,32.83,32.21,32.49,1322300,0,0
2014-07-15,32.46,32.6,32.01,32.12,1468900,0,0
2014-07-16,32.17,32.35,31.7,31.85,1854000,0,0
2014-07-17,31.14,31.25,29.43,30.03,6518400,0,0
2014-07-18,30.02,31.09,30.02,30.74,3504700,0,0
2014-07-21,30.42,30.45,29.46,29.64,3925700,0,0
2014-07-22,30.0,30.33,29.8,30.2,3142400,0,0
2014-07-23,30.25,30.91,29.9,30.76,1712400,0,0
2014-07-24,30.76,31.35,30.46,31.19,2343100,0,0
2014-07-25,30.69,30.83,30.37,30.53,2250800,0,0
2014-07-28,29.86,30.4,29.52,30.16,3192500,0,0
2014-07-29,31.9,32.19,30.38,30.44,4865600,0,0
2014-07-30,31.07,32.15,30.96,31.25,2032400,0,0
2014-07-31,30.71,30.93,30.02,30.28,2392000,0,0
2014-08-01,30.14,30.48,29.31,30.28,3607100,0,0
2014-08-04,30.28,30.7,29.98,30.52,2266800,0,0
2014-08-05,30.28,30.5,29.43,29.57,2533900,0,0
2014-08-06,29.0,29.5,28.66,28.88,3517700,0,0
2014-08-07,28.88,29.1,28.28,28.44,3218000,0,0
2014-08-08,28.7,29.71,28.38,29.0,4240600,0,0
2014-08-11,29.51,29.86,28.63,29.01,3204500,0,0
2014-08-12,29.5,29.5,28.32,28.85,2336700,0,0
2014-08-13,29.08,29.7,28.75,29.03,2187100,0,0
2014-08-14,29.24,29.66,28.94,29.03,2757100,0,0
2014-08-15,29.24,29.4,28.06,28.41,4231800,0,0
2014-08-18,28.81,29.17,28.38,29.04,2371400,0,0
2014-08-19,29.07,30.95,29.07,30.72,4657500,0,0
2014-08-20,30.4,30.81,30.05,30.17,1996200,0,0
2014-08-21,29.91,30.45,29.66,29.81,2096500,0,0
2014-08-22,29.51,29.59,28.72,29.08,2765000,0,0
2014-08-25,29.28,29.53,28.86,29.43,1496700,0,0
2014-08-26,29.68,29.73,29.14,29.29,1239200,0,0
2014-08-27,29.29,29.43,28.98,29.02,1297400,0,0
2014-08-28,28.47,28.76,28.11,28.34,1856600,0,0
2014-08-29,28.15,28.71,28.1,28.43,2110500,0,0
2014-09-02,28.36,29.22,28.34,29.06,2893500,0,0
2014-09-03,30.43,30.89,30.0,30.66,5031300,0,0
2014-09-04,30.51,30.75,29.8,29.93,2065700,0,0
2014-09-05,30.6,31.87,30.6,31.6,5440900,0,0
2014-09-08,31.37,32.05,31.14,31.49,2927200,0,0
2014-09-09,31.47,31.47,30.88,31.01,2758200,0,0
2014-09-10,30.53,31.29,30.53,30.8,1922200,0,0
2014-09-11,30.84,31.36,30.25,30.44,1863700,0,0
2014-09-12,30.43,31.61,30.43,31.56,4125100,0,0
2014-09-15,31.46,31.59,29.67,29.9,2818800,0,0
2014-09-16,30.23,31.12,30.02,31.05,4068200,0,0
2014-09-17,30.77,31.19,29.9,30.02,3094800,0,0
2014-09-18,30.26,31.0,29.72,29.74,2421400,0,0
2014-09-19,29.87,29.95,29.22,29.42,2613600,0,0
2014-09-22,29.4,29.5,28.38,28.74,1950800,0,0
2014-09-23,28.63,29.29,28.53,28.9,2054600,0,0
2014-09-24,29.05,29.99,29.01,29.97,2990300,0,0
2014-09-25,30.06,30.29,29.4,29.4,3131600,0,0
2014-09-26,29.23,29.86,29.22,29.67,1459400,0,0
2014-09-29,28.93,29.24,28.01,28.22,4012200,0,0
2014-09-30,28.15,28.64,27.77,27.8,3816000,0,0
2014-10-01,27.74,27.86,26.33,26.45,5362500,0,0
2014-10-02,26.6,27.02,25.79,26.98,3918300,0,0
2014-10-03,27.19,27.2,26.75,27.05,1526700,0,0
2014-10-06,27.34,27.8,26.98,27.01,2024100,0,0
2014-10-07,26.65,26.95,26.13,26.17,2401700,0,0
2014-10-08,26.25,26.36,25.5,26.18,2202500,0,0
2014-10-09,26.18,26.33,25.51,25.56,2528800,0,0
2014-10-10,25.29,25.48,24.4,24.44,3400600,0,0
2014-10-13,24.72,25.73,24.35,25.08,3943400,0,0
2014-10-14,25.3,26.19,25.23,25.32,1942600,0,0
2014-10-15,25.03,25.51,24.26,25.44,3212000,0,0
2014-10-16,24.85,25.93,24.58,25.79,1902700,0,0
2014-10-17,26.31,27.03,26.25,26.31,2550900,0,0
2014-10-20,26.09,26.59,25.76,26.41,1519300,0,0
2014-10-21,26.58,27.47,26.57,27.42,2670100,0,0
2014-10-22,27.31,27.35,26.11,26.14,2472600,0,0
2014-10-23,27.96,28.4,27.31,27.6,4675100,0,0
2014-10-24,27.44,28.0,27.07,27.78,2954300,0,0
2014-10-27,27.6,27.6,26.71,27.44,1182900,0,0
2014-10-28,27.55,28.71,27.52,28.58,1922900,0,0
2014-10-29,28.49,28.81,28.09,28.37,3553200,0,0
2014-10-30,28.36,28.55,27.91,28.02,2527200,0,0
2014-10-31,28.35,28.87,27.97,28.62,4142800,0,0
2014-11-03,28.62,28.69,27.75,27.81,1840700,0,0
2014-11-04,27.61,27.79,27.02,27.77,1643000,0,0
2014-11-05,27.9,28.04,27.05,27.2,2272500,0,0
2014-11-06,27.21,27.3,26.17,26.46,2576700,0,0
2014-11-07,26.39,26.72,26.1,26.55,1972400,0,0
2014-11-10,26.83,27.08,26.46,26.79,1729900,0,0
2014-11-11,26.52,26.53,26.07,26.39,1128000,0,0
2014-11-12,26.5,26.9,26.34,26.62,1523300,0,0
2014-11-13,26.48,27.08,25.95,25.98,2350700,0,0
2014-11-14,25.92,26.51,25.7,26.45,1278300,0,0
2014-11-17,26.28,26.4,25.79,26.12,1023800,0,0
2014-11-18,26.09,26.29,25.82,25.86,1213300,0,0
2014-11-19,25.77,26.07,25.52,25.72,1571000,0,0
2014-11-20,25.68,26.21,25.68,26.15,1719800,0,0
2014-11-21,26.47,26.99,26.3,26.67,1736900,0,0
2014-11-24,26.84,26.9,26.14,26.47,1707900,0,0
2014-11-25,26.35,26.6,25.92,26.04,1623900,0,0
2014-11-26,25.94,26.36,25.9,26.11,1206700,0,0
2014-11-28,25.84,25.96,24.68,24.92,2112500,0,0
2014-12-01,24.6,24.6,23.14,23.98,3678500,0,0
2014-12-02,23.75,24.02,23.61,23.74,3175000,0,0
2014-12-03,23.66,24.0,23.47,23.58,2454100,0,0
2014-12-04,23.28,23.37,22.18,22.29,3807100,0,0
2014-12-05,22.43,22.45,21.3,21.91,4317700,0,0
2014-12-08,21.03,21.16,19.35,19.43,6304700,0,0
2014-12-09,19.23,20.25,19.0,20.11,3628000,0,0
2014-12-10,20.1,20.13,19.08,19.14,2681000,0,0
2014-12-11,19.02,19.68,18.91,18.96,3526900,0,0
2014-12-12,18.72,20.05,18.7,19.31,4506700,0,0
2014-12-15,18.97,18.97,17.36,17.68,5443900,0,0
2014-12-16,16.18,17.68,15.03,16.82,12352300,0,0
2014-12-17,17.36,18.08,17.25,17.3,4551800,0,0
2014-12-18,18.6,18.79,17.4,18.09,5462400,0,0
2014-12-19,18.19,18.28,17.89,18.0,3642000,0,0
2014-12-22,18.55,18.8,17.61,18.0,2611100,0,0
2014-12-23,18.06,18.42,17.84,17.98,3866200,0,0
2014-12-24,18.25,18.3,17.45,17.66,1158100,0,0
2014-12-26,17.94,18.26,17.75,18.16,1455300,0,0
2014-12-29,17.88,18.5,17.8,18.07,2899900,0,0
2014-12-30,18.21,18.54,18.0,18.4,2019400,0,0
2014-12-31,18.25,18.25,17.85,17.96,1576300,0,0
2015-01-02,18.02,18.44,17.78,18.37,2384500,0,0
2015-01-05,18.39,18.43,17.29,17.41,2430300,0,0
2015-01-06,17.37,17.87,17.18,17.53,1904500,0,0
2015-01-07,17.79,17.87,17.33,17.37,1471300,0,0
2015-01-08,17.68,18.93,17.68,18.42,3764200,0,0
2015-01-09,18.02,18.46,17.81,18.24,1974000,0,0
2015-01-12,17.94,18.03,17.31,17.66,2476700,0,0
2015-01-13,17.26,17.83,17.2,17.68,2167900,0,0
2015-01-14,17.3,18.43,17.28,18.4,2547500,0,0
2015-01-15,18.55,18.64,17.66,17.72,2559400,0,0
2015-01-16,17.65,18.06,17.61,17.97,1783800,0,0
2015-01-20,17.24,17.39,16.3,16.41,4744300,0,0
2015-01-21,16.41,17.09,16.41,16.51,2800800,0,0
2015-01-22,16.95,17.53,16.85,17.46,2651300,0,0
2015-01-23,17.57,17.57,17.06,17.19,1472900,0,0
2015-01-26,16.97,17.14,16.1,16.25,3122600,0,0
2015-01-27,16.37,16.49,16.15,16.21,2673000,0,0
2015-01-28,16.12,16.25,15.36,15.41,3372100,0,0
2015-01-29,15.66,15.68,15.02,15.44,2388800,0,0
2015-01-30,15.0,15.17,14.76,14.89,2947100,0,0
2015-02-02,14.95,15.04,14.14,14.91,6028400,0,0
2015-02-03,15.3,15.63,14.87,15.63,5866800,0,0
2015-02-04,15.39,15.81,15.19,15.42,3364200,0,0
2015-02-05,15.61,16.63,15.61,16.24,5055400,0,0
2015-02-06,16.66,16.66,16.01,16.12,2095000,0,0
2015-02-09,16.36,16.53,15.87,15.87,3187600,0,0
2015-02-10,16.05,16.15,15.53,15.73,2663400,0,0
2015-02-11,15.84,16.14,15.24,16.0,5330800,0,0
2015-02-12,16.96,17.05,16.25,16.41,3752600,0,0
2015-02-13,16.89,17.64,16.82,17.0,4459900,0,0
2015-02-17,17.18,17.4,16.14,16.65,4693100,0,0
2015-02-18,17.99,18.25,16.76,16.85,9468300,0,0
2015-02-19,16.81,17.32,16.34,16.87,2974100,0,0
2015-02-20,16.85,17.07,16.66,17.01,2133900,0,0
2015-02-23,16.78,16.89,16.03,16.25,4775600,0,0
2015-02-24,16.36,16.45,16.26,16.35,2207300,0,0
2015-02-25,16.45,16.51,16.2,16.37,2181300,0,0
2015-02-26,16.59,16.71,16.42,16.54,3551200,0,0
2015-02-27,16.5,16.59,16.06,16.45,2252300,0,0
2015-03-02,16.3,16.3,15.76,16.02,2518400,0,0
2015-03-03,16.06,16.27,15.9,15.95,2298500,0,0
2015-03-04,15.94,16.08,15.66,15.76,3580900,0,0
2015-03-05,15.88,15.99,15.4,15.48,2998100,0,0
2015-03-06,15.43,15.68,15.12,15.13,4034000,0,0
2015-03-09,15.1,15.32,14.61,14.68,2890700,0,0
2015-03-10,14.47,14.55,13.95,14.12,4385700,0,0
2015-03-11,14.3,14.51,13.9,14.5,3532600,0,0
2015-03-12,14.53,14.66,14.4,14.53,1998500,0,0
2015-03-13,14.4,14.8,14.12,14.68,3124800,0,0
2015-03-16,14.5,14.51,13.96,14.21,2407600,0,0
2015-03-17,14.1,14.51,14.05,14.49,1648100,0,0
2015-03-18,14.53,14.63,14.16,14.49,5380400,0,0
2015-03-19,14.33,14.57,14.18,14.46,2964700,0,0
2015-03-20,14.58,14.96,14.39,14.63,3462200,0,0
2015-03-23,14.8,15.16,14.6,14.74,3098100,0,0
2015-03-24,15.01,15.32,14.71,15.27,3679700,0,0
2015-03-25,15.34,15.5,15.15,15.27,4964800,0,0
2015-03-26,15.39,15.63,14.94,15.19,3883000,0,0
2015-03-27,15.14,15.48,15.09,15.45,2849900,0,0
2015-03-30,15.5,15.64,15.13,15.3,1986400,0,0
2015-03-31,15.25,15.41,15.05,15.17,1692200,0,0
2015-04-01,15.27,15.78,15.17,15.77,3056500,0,0
2015-04-02,15.91,16.68,15.66,16.24,7212500,0,0
2015-04-06,16.48,17.38,16.31,17.18,4896200,0,0
2015-04-07,17.25,17.41,16.92,17.02,2532700,0,0
2015-04-08,17.2,17.83,17.08,17.48,3215400,0,0
2015-04-09,17.61,18.16,17.56,17.99,7253800,0,0
2015-04-10,17.97,18.17,17.62,17.84,4776600,0,0
2015-04-13,18.2,18.22,17.78,17.84,5020100,0,0
2015-04-14,17.92,17.98,17.53,17.91,3103100,0,0
2015-04-15,18.0,20.49,17.97,20.4,10169800,0,0
2015-04-16,19.98,20.98,19.61,20.9,7497900,0,0
2015-04-17,20.02,20.61,19.76,20.59,6086400,0,0
2015-04-20,20.19,20.58,19.7,20.54,4156900,0,0
2015-04-21,20.34,20.53,20.2,20.44,2815100,0,0
2015-04-22,20.32,20.79,20.2,20.7,2307300,0,0
2015-04-23,20.8,21.36,20.65,20.75,4283100,0,0
2015-04-24,20.86,20.99,20.5,20.67,2853000,0,0
2015-04-27,20.65,20.86,20.19,20.27,3945100,0,0
2015-04-28,18.6,19.76,18.07,19.2,7501700,0,0
2015-04-29,19.19,19.74,18.8,19.68,2326500,0,0
2015-04-30,19.45,19.66,19.21,19.24,2860300,0,0
2015-05-01,19.41,19.58,19.07,19.57,1439000,0,0
2015-05-04,19.62,19.67,19.19,19.19,997700,0,0
2015-05-05,19.61,19.75,19.25,19.42,2699500,0,0
2015-05-06,19.9,20.12,19.59,19.6,2571000,0,0
2015-05-07,19.53,19.66,19.03,19.15,2519000,0,0
2015-05-08,19.18,19.69,19.16,19.64,2093200,0,0
2015-05-11,19.69,19.93,19.26,19.31,1094700,0,0
2015-05-12,19.31,19.45,19.13,19.2,1352900,0,0
2015-05-13,19.49,19.6,19.08,19.43,2001300,0,0
2015-05-14,19.17,19.58,19.17,19.49,1228900,0,0
2015-05-15,19.38,19.41,18.91,19.01,2232600,0,0
2015-05-18,19.0,19.41,18.85,19.35,1987600,0,0
2015-05-19,19.08,19.26,18.73,18.75,2091700,0,0
2015-05-20,18.65,18.74,18.5,18.59,1946800,0,0
2015-05-21,18.56,18.84,18.55,18.61,1822900,0,0
2015-05-22,18.62,18.77,18.43,18.5,1771700,0,0
2015-05-26,18.44,18.5,18.0,18.17,2483000,0,0
2015-05-27,17.98,18.07,17.55,17.93,1919000,0,0
2015-05-28,17.79,18.36,17.79,18.33,1543100,0,0
2015-05-29,18.48,18.7,18.0,18.03,2185200,0,0
2015-06-01,18.13,18.21,17.81,18.07,1419000,0,0
2015-06-02,18.03,19.11,18.01,18.93,2580000,0,0
2015-06-03,18.46,18.47,18.05,18.17,2973800,0,0
2015-06-04,18.02,18.06,17.41,17.57,2330700,0,0
2015-06-05,17.4,17.64,17.14,17.56,1944900,0,0
2015-06-08,17.55,17.73,17.17,17.24,1197100,0,0
2015-06-09,17.27,17.7,16.98,17.36,1901900,0,0
2015-06-10,17.56,18.0,17.38,17.4,1957300,0,0
2015-06-11,17.3,17.48,17.26,17.44,1029500,0,0
2015-06-12,17.4,17.65,17.36,17.63,1650300,0,0
2015-06-15,17.48,17.55,17.15,17.25,1241800,0,0
2015-06-16,17.22,17.48,17.07,17.19,1710600,0,0
2015-06-17,17.23,17.39,17.0,17.14,1886000,0,0
2015-06-18,17.26,17.27,16.79,16.93,2709300,0,0
2015-06-19,16.85,16.92,16.66,16.77,1705800,0,0
2015-06-22,16.85,16.92,16.13,16.26,4383000,0,0
2015-06-23,16.27,16.27,15.86,15.93,4556800,0,0
2015-06-24,15.95,16.05,15.82,15.95,2698700,0,0
2015-06-25,15.97,16.02,15.73,15.9,2764800,0,0
2015-06-26,15.88,15.88,15.38,15.81,5108600,0,0
2015-06-29,15.39,15.45,14.79,14.84,4167800,0,0
2015-06-30,15.13,15.61,14.97,15.22,3679700,0,0
2015-07-01,15.25,15.58,15.0,15.03,2469100,0,0
2015-07-02,15.09,15.44,15.08,15.38,1685100,0,0
2015-07-06,15.14,15.33,14.82,14.91,2573500,0,0
2015-07-07,14.78,15.01,13.9,14.93,4662700,0,0
2015-07-08,14.58,14.86,14.45,14.47,1861400,0,0
2015-07-09,14.85,15.15,14.75,14.81,2765300,0,0
2015-07-10,15.15,15.25,14.75,14.85,1466900,0,0
2015-07-13,14.99,15.49,14.74,15.33,3072400,0,0
2015-07-14,15.23,15.7,15.23,15.47,1609700,0,0
2015-07-15,15.54,15.56,15.02,15.19,2712000,0,0
2015-07-16,15.36,15.56,15.27,15.45,1097300,0,0
2015-07-17,15.59,15.81,15.59,15.78,1786700,0,0
2015-07-20,15.68,15.9,15.43,15.48,1968300,0,0
2015-07-21,15.49,15.72,15.32,15.49,1912900,0,0
2015-07-22,15.37,15.37,15.04,15.15,1163400,0,0
2015-07-23,15.14,15.32,15.0,15.26,1990300,0,0
2015-07-24,15.19,15.19,14.61,14.84,2247800,0,0
2015-07-27,14.53,14.73,14.38,14.53,2900600,0,0
2015-07-28,14.66,14.97,14.35,14.89,1879000,0,0
2015-07-29,15.0,15.5,14.99,15.41,2757500,0,0
2015-07-30,15.46,15.61,14.37,14.38,4078900,0,0
2015-07-31,14.3,14.5,13.86,13.91,4683100,0,0
2015-08-03,13.7,13.93,13.43,13.65,3525500,0,0
2015-08-04,13.76,14.03,13.65,13.76,2325100,0,0
2015-08-05,13.93,14.06,13.72,13.75,3104200,0,0
2015-08-06,13.62,13.68,13.08,13.31,3281900,0,0
2015-08-07,13.31,13.49,13.26,13.33,2047200,0,0
2015-08-10,13.36,13.74,13.28,13.65,1315000,0,0
2015-08-11,13.48,13.52,13.11,13.21,1819100,0,0
2015-08-12,13.11,13.16,12.8,13.06,2146500,0,0
2015-08-13,13.11,13.11,12.7,12.77,1579800,0,0
2015-08-14,13.04,13.09,12.7,12.82,1499400,0,0
2015-08-17,12.91,12.97,12.42,12.49,2843600,0,0
2015-08-18,12.57,12.57,12.32,12.46,2113200,0,0
2015-08-19,12.41,12.43,11.85,11.91,3067400,0,0
2015-08-20,11.83,11.94,11.43,11.46,3422600,0,0
2015-08-21,11.23,11.52,10.98,11.01,3795800,0,0
2015-08-24,10.36,10.8,9.94,10.18,5263100,0,0
2015-08-25,11.0,11.16,10.52,10.57,5154400,0,0
2015-08-26,10.97,10.97,10.55,10.84,3772100,0,0
2015-08-27,11.29,12.14,11.12,12.08,6605100,0,0
2015-08-28,11.7,12.36,11.67,12.35,3189000,0,0
2015-08-31,11.99,12.37,11.78,12.2,6608400,0,0
2015-09-01,11.88,12.04,11.65,11.71,5901100,0,0
2015-09-02,11.89,11.89,11.41,11.73,4172600,0,0
2015-09-03,11.8,11.93,11.67,11.74,5050200,0,0
2015-09-04,11.59,11.76,11.5,11.5,4298100,0,0
2015-09-08,11.53,11.7,11.42,11.51,3801900,0,0
2015-09-09,11.53,11.79,11.27,11.33,3864000,0,0
2015-09-10,11.43,11.57,11.26,11.45,2740700,0,0
2015-09-11,11.23,11.37,11.05,11.27,5306700,0,0
2015-09-14,11.24,12.77,10.93,12.05,12098600,0,0
2015-09-15,12.02,12.49,11.92,12.24,3714600,0,0
2015-09-16,12.6,13.44,12.57,13.32,4820100,0,0
2015-09-17,13.13,13.38,12.94,13.1,3619400,0,0
2015-09-18,12.85,12.98,12.36,12.49,3861200,0,0
2015-09-21,12.65,12.67,12.12,12.2,2300500,0,0
2015-09-22,11.92,12.0,11.48,11.57,2265700,0,0
2015-09-23,11.72,11.81,11.12,11.16,2560500,0,0
2015-09-24,11.14,11.14,10.6,10.85,4385200,0,0
2015-09-25,11.05,11.14,10.57,10.69,3321300,0,0
2015-09-28,10.6,10.75,10.3,10.3,2547100,0,0
2015-09-29,10.58,10.88,10.52,10.77,3850700,0,0
2015-09-30,10.97,11.01,10.6,10.73,2512900,0,0
2015-10-01,10.79,11.02,10.57,10.73,2536600,0,0
2015-10-02,10.51,11.37,10.51,11.34,3543100,0,0
2015-10-05,11.54,12.76,11.52,12.24,6752100,0,0
2015-10-06,12.13,12.41,11.78,11.98,4553700,0,0
2015-10-07,12.26,12.66,11.61,11.83,7415200,0,0
2015-10-08,11.9,12.12,11.69,12.0,3524200,0,0
2015-10-09,12.36,12.56,12.27,12.37,4589300,0,0
2015-10-12,12.52,12.52,11.91,12.19,3243800,0,0
2015-10-13,12.31,13.11,12.14,12.76,4021400,0,0
2015-10-14,12.75,13.44,12.52,13.33,5313500,0,0
2015-10-15,13.28,13.8,13.04,13.6,4761300,0,0
2015-10-16,13.51,13.61,13.01,13.6,3486700,0,0
2015-10-19,13.24,13.77,13.18,13.53,2187400,0,0
2015-10-20,13.6,13.73,13.16,13.35,2075000,0,0
2015-10-21,13.18,13.27,12.71,13.04,2000000,0,0
2015-10-22,13.23,13.46,12.69,12.86,2507800,0,0
2015-10-23,13.09,13.33,12.81,13.22,4266900,0,0
2015-10-26,13.2,14.12,13.13,14.05,6302800,0,0
2015-10-27,14.09,15.15,13.26,14.99,14167400,0,0
2015-10-28,14.89,15.9,14.85,15.71,7560500,0,0
2015-10-29,15.51,15.93,15.43,15.62,6601000,0,0
2015-10-30,15.71,16.24,15.61,16.1,5821400,0,0
2015-11-02,15.94,16.41,15.88,16.39,4073800,0,0
2015-11-03,16.45,16.53,16.11,16.36,3068600,0,0
2015-11-04,16.51,16.61,15.85,16.0,3504600,0,0
2015-11-05,15.79,15.98,15.38,15.74,3436200,0,0
2015-11-06,15.55,15.92,14.99,15.83,3116400,0,0
2015-11-09,15.69,16.11,15.52,16.07,2451800,0,0
2015-11-10,15.97,16.05,15.71,15.92,2068100,0,0
2015-11-11,16.0,16.21,15.85,15.93,2766200,0,0
2015-11-12,15.65,15.7,15.17,15.23,3079500,0,0
2015-11-13,15.19,15.4,14.8,15.17,2643400,0,0
2015-11-16,15.24,15.42,15.03,15.34,3032800,0,0
2015-11-17,15.89,16.51,15.8,16.27,6054000,0,0
2015-11-18,16.26,17.43,16.22,17.16,6341000,0,0
2015-11-19,16.75,17.2,16.68,17.07,4075400,0,0
2015-11-20,17.08,17.51,17.0,17.51,3341300,0,0
2015-11-23,17.5,17.51,17.03,17.05,3247800,0,0
2015-11-24,16.49,17.25,16.11,17.09,3889300,0,0
2015-11-25,17.32,17.33,16.94,17.02,2063300,0,0
2015-11-27,16.75,16.79,16.15,16.57,2278300,0,0
2015-11-30,16.53,16.75,16.26,16.63,3149900,0,0
2015-12-01,16.59,16.64,15.81,15.89,4175300,0,0
2015-12-02,15.75,16.62,15.69,16.37,4530100,0,0
2015-12-03,16.41,16.41,15.85,16.07,2229300,0,0
2015-12-04,15.8,16.09,15.72,15.79,1854700,0,0
2015-12-07,15.67,15.7,15.07,15.3,2370700,0,0
2015-12-08,15.05,15.1,14.4,15.06,2906800,0,0
2015-12-09,15.14,15.37,14.67,14.9,2430200,0,0
2015-12-10,14.97,15.47,14.91,15.29,2324500,0,0
2015-12-11,14.98,15.0,14.36,14.4,2550300,0,0
2015-12-14,14.33,14.53,13.77,14.46,3422900,0,0
2015-12-15,14.65,15.28,14.6,15.12,2494300,0,0
2015-12-16,15.2,15.45,14.95,15.19,2275200,0,0
2015-12-17,15.33,15.71,15.14,15.37,2497300,0,0
2015-12-18,15.13,15.36,15.04,15.32,4443900,0,0
2015-12-21,15.21,15.65,15.11,15.64,2485500,0,0
2015-12-22,15.43,15.92,15.34,15.8,2906800,0,0
2015-12-23,15.97,16.09,15.8,16.03,2659200,0,0
2015-12-24,15.94,16.16,15.88,16.1,735600,0,0
2015-12-28,15.71,15.77,15.42,15.63,1455000,0,0
2015-12-29,15.79,15.97,15.53,15.82,1184400,0,0
2015-12-30,15.69,15.84,15.41,15.43,1208300,0,0
2015-12-31,15.43,15.81,15.32,15.72,1102600,0,0
2016-01-04,15.25,15.29,14.51,15.22,3641800,0,0
2016-01-05,15.16,15.54,15.13,15.41,2422300,0,0
2016-01-06,15.04,15.06,14.69,14.97,4089500,0,0
2016-01-07,14.63,15.03,13.64,13.96,3417600,0,0
2016-01-08,14.4,14.48,13.37,13.42,2691300,0,0
2016-01-11,13.7,13.78,12.61,12.86,3908100,0,0
2016-01-12,13.13,13.19,12.73,13.09,2423200,0,0
2016-01-13,13.38,13.48,12.73,12.98,2277700,0,0
2016-01-14,12.99,13.37,12.62,13.18,2080500,0,0
2016-01-15,12.38,12.52,11.95,12.22,3542300,0,0
2016-01-19,12.5,12.51,11.76,11.93,2396200,0,0
2016-01-20,11.68,11.96,11.0,11.8,4922500,0,0
2016-01-21,11.68,12.36,11.62,12.18,2907500,0,0
2016-01-22,12.99,13.26,12.84,13.13,2507400,0,0
2016-01-25,12.86,12.9,12.41,12.57,1805300,0,0
2016-01-26,12.75,13.28,12.5,13.26,2364800,0,0
2016-01-27,13.37,13.73,13.13,13.22,2589600,0,0
2016-01-28,13.68,13.85,12.95,13.13,2897900,0,0
2016-01-29,13.37,13.61,13.19,13.42,2563700,0,0
2016-02-01,13.24,13.64,13.17,13.6,2012000,0,0
2016-02-02,13.1,13.17,12.67,12.78,1867100,0,0
2016-02-03,13.06,13.27,12.71,13.23,2898800,0,0
2016-02-04,13.59,13.98,13.41,13.55,2298500,0,0
2016-02-05,13.25,13.33,12.59,12.88,2730900,0,0
2016-02-08,12.88,12.88,12.43,12.77,2578800,0,0
2016-02-09,12.4,12.97,12.29,12.5,2879000,0,0
2016-02-10,12.67,12.99,12.48,12.78,1431400,0,0
2016-02-11,12.44,12.77,12.39,12.61,2071000,0,0
2016-02-12,12.83,13.14,12.45,12.95,2499800,0,0
2016-02-16,13.42,13.87,13.38,13.57,4063700,0,0
2016-02-17,14.0,14.0,13.59,13.64,2606200,0,0
2016-02-18,13.86,13.96,13.02,13.08,2349800,0,0
2016-02-19,12.83,12.92,12.55,12.67,3062700,0,0
2016-02-22,13.2,13.44,13.16,13.33,2041200,0,0
2016-02-23,13.21,13.29,12.88,12.91,1040000,0,0
2016-02-24,12.8,13.2,12.51,13.17,2373500,0,0
2016-02-25,12.99,13.15,12.68,12.88,1692800,0,0
2016-02-26,13.38,13.49,12.81,12.98,1580400,0,0
2016-02-29,13.14,13.14,12.83,12.92,1241500,0,0
2016-03-01,13.16,13.67,13.06,13.58,2279300,0,0
2016-03-02,13.35,14.18,13.35,14.18,2239500,0,0
2016-03-03,13.95,14.2,13.62,13.74,1631100,0,0
2016-03-04,13.96,14.49,13.57,14.48,3152200,0,0
2016-03-07,14.21,14.81,14.0,14.54,4177800,0,0
2016-03-08,14.32,14.39,13.57,13.72,2458900,0,0
2016-03-09,13.97,14.04,13.79,13.88,1547000,0,0
2016-03-10,14.01,14.03,13.42,13.63,1027200,0,0
2016-03-11,14.03,14.37,13.96,14.26,1942100,0,0
2016-03-14,14.18,14.78,14.11,14.74,3032900,0,0
2016-03-15,14.48,14.48,13.94,14.05,2141600,0,0
2016-03-16,14.08,15.11,14.08,15.06,2666000,0,0
2016-03-17,15.15,15.44,14.96,15.41,3033900,0,0
2016-03-18,15.42,15.57,15.1,15.19,2610500,0,0
2016-03-21,15.14,15.29,14.8,15.02,2517700,0,0
2016-03-22,14.96,15.32,14.81,15.27,1702700,0,0
2016-03-23,15.1,15.25,14.86,14.98,1835600,0,0
2016-03-24,14.72,15.12,14.62,15.08,2491100,0,0
2016-03-28,15.06,15.06,14.64,14.91,1175500,0,0
2016-03-29,14.8,15.36,14.6,15.29,1742300,0,0
2016-03-30,15.46,15.73,15.25,15.4,1821900,0,0
2016-03-31,15.45,15.5,15.12,15.32,1455200,0,0
2016-04-01,14.87,15.41,14.86,15.38,1802000,0,0
2016-04-04,15.28,15.34,15.0,15.06,1421800,0,0
2016-04-05,14.91,15.14,14.72,15.08,1444100,0,0
2016-04-06,15.14,15.49,14.96,15.45,1896000,0,0
2016-04-07,15.28,15.6,15.15,15.21,2708100,0,0
2016-04-08,15.4,15.57,14.9,15.05,3104300,0,0
2016-04-11,15.42,15.92,15.36,15.68,2576200,0,0
2016-04-12,16.0,16.94,15.85,16.76,4131100,0,0
2016-04-13,16.8,17.24,16.66,16.75,4365700,0,0
2016-04-14,16.83,16.86,16.43,16.84,2143500,0,0
2016-04-15,16.74,16.82,16.52,16.59,1607700,0,0
2016-04-18,16.2,17.2,16.04,17.17,3031400,0,0
2016-04-19,17.42,17.57,17.15,17.51,3392800,0,0
2016-04-20,17.55,18.39,17.42,18.21,5267400,0,0
2016-04-21,17.91,18.32,17.91,18.13,3535200,0,0
2016-04-22,18.4,18.51,17.88,18.08,1721400,0,0
2016-04-25,18.26,18.47,17.68,17.86,1926200,0,0
2016-04-26,17.9,18.12,17.74,18.11,1884500,0,0
2016-04-27,18.13,18.7,18.0,18.53,3431100,0,0
2016-04-28,19.55,20.29,19.31,19.87,8782400,0,0
2016-04-29,19.93,20.67,19.87,20.47,5398100,0,0
2016-05-02,20.41,20.77,19.91,20.68,3999000,0,0
2016-05-03,20.14,20.3,19.7,20.18,2959300,0,0
2016-05-04,19.97,20.32,19.74,19.97,3714900,0,0
2016-05-05,20.06,20.19,19.74,19.97,2918600,0,0
2016-05-06,19.44,20.08,19.2,19.88,3239800,0,0
2016-05-09,19.33,19.81,18.99,19.24,4045100,0,0
2016-05-10,19.15,19.62,18.98,19.59,2285600,0,0
2016-05-11,19.79,19.86,19.61,19.69,1909400,0,0
2016-05-12,19.81,20.01,19.38,19.58,1759800,0,0
2016-05-13,19.38,19.76,19.37,19.52,1476800,0,0
2016-05-16,19.85,20.1,19.8,19.81,2092400,0,0
2016-05-17,19.61,19.91,19.55,19.69,2070900,0,0
2016-05-18,19.59,19.7,19.03,19.12,1959900,0,0
2016-05-19,18.89,19.05,18.55,18.99,3128800,0,0
2016-05-20,19.06,19.25,18.99,19.22,1519400,0,0
2016-05-23,19.19,19.4,19.04,19.16,1511400,0,0
2016-05-24,19.22,19.51,19.13,19.48,1215800,0,0
2016-05-25,19.69,19.85,19.55,19.77,1505300,0,0
2016-05-26,19.96,20.37,19.77,19.85,1356000,0,0
2016-05-27,19.89,19.95,19.73,19.91,1268200,0,0
2016-05-31,20.06,20.83,19.99,20.6,3364200,0,0
2016-06-01,20.47,20.62,19.96,20.56,1600500,0,0
2016-06-02,20.12,20.68,20.11,20.63,1407600,0,0
2016-06-03,20.61,21.06,20.58,20.89,2331800,0,0
2016-06-06,21.42,21.83,21.29,21.46,2204100,0,0
2016-06-07,21.66,21.99,21.44,21.93,3454200,0,0
2016-06-08,22.02,23.2,22.02,23.08,6655600,0,0
2016-06-09,22.68,23.08,22.63,23.08,3709400,0,0
2016-06-10,22.5,22.67,21.44,21.84,3648300,0,0
2016-06-13,21.55,21.86,21.34,21.48,2042900,0,0
2016-06-14,21.18,21.38,20.7,21.11,2474900,0,0
2016-06-15,21.25,21.65,21.13,21.18,1947600,0,0
2016-06-16,20.98,21.14,20.51,21.09,2251800,0,0
2016-06-17,21.26,21.8,20.96,21.43,3269400,0,0
2016-06-20,22.3,22.54,21.78,21.81,2941400,0,0
2016-06-21,21.68,21.76,21.38,21.54,2465000,0,0
2016-06-22,21.49,22.0,21.31,21.8,1531600,0,0
2016-06-23,22.32,22.59,21.99,22.08,1851000,0,0
2016-06-24,21.02,21.97,20.97,21.39,3844800,0,0
2016-06-27,21.09,21.12,19.54,19.9,3522700,0,0
2016-06-28,20.44,20.97,20.43,20.93,3757400,0,0
2016-06-29,21.17,21.77,20.89,21.47,3303800,0,0
2016-06-30,21.29,22.0,21.29,21.85,2360000,0,0
2016-07-01,21.88,22.18,21.5,21.73,1811200,0,0
2016-07-05,21.6,21.69,21.16,21.65,1960400,0,0
2016-07-06,21.37,21.57,20.86,21.56,1777900,0,0
2016-07-07,21.61,22.06,21.53,21.68,1952600,0,0
2016-07-08,21.98,22.27,21.98,22.08,2039200,0,0
2016-07-11,22.29,22.39,21.87,22.07,1357700,0,0
2016-07-12,22.3,23.17,22.28,22.77,3648100,0,0
2016-07-13,22.78,22.81,21.83,22.0,3238400,0,0
2016-07-14,22.29,22.49,21.76,21.97,2287600,0,0
2016-07-15,21.99,22.14,21.35,21.43,2279900,0,0
2016-07-18,21.52,21.71,21.33,21.5,2018700,0,0
2016-07-19,21.44,21.6,21.04,21.05,2252100,0,0
2016-07-20,21.01,21.46,20.95,21.39,2928800,0,0
2016-07-21,21.41,21.7,21.23,21.26,1638000,0,0
2016-07-22,21.4,21.51,21.2,21.23,1443300,0,0
2016-07-25,21.23,21.33,20.95,21.02,1656500,0,0
2016-07-26,20.91,21.42,20.83,21.13,1766200,0,0
2016-07-27,21.18,21.86,21.14,21.71,2947200,0,0
2016-07-28,22.44,23.17,22.08,22.33,4339200,0,0
2016-07-29,22.24,22.28,21.59,21.65,1947900,0,0
2016-08-01,21.58,22.08,21.18,21.26,2663300,0,0
2016-08-02,21.2,21.87,20.93,21.14,2293400,0,0
2016-08-03,21.0,21.47,21.0,21.05,1669400,0,0
2016-08-04,21.05,21.5,21.01,21.46,1244600,0,0
2016-08-05,21.56,22.0,21.41,21.77,2298000,0,0
2016-08-08,21.95,22.15,21.85,21.89,1127800,0,0
2016-08-09,21.93,22.41,21.79,22.39,2008800,0,0
2016-08-10,22.44,22.72,22.3,22.36,1188900,0,0
2016-08-11,22.57,23.54,22.4,23.24,4272600,0,0
2016-08-12,23.23,23.39,22.92,23.21,1539100,0,0
2016-08-15,23.48,23.87,23.3,23.41,1829800,0,0
2016-08-16,23.32,23.54,23.05,23.35,2504300,0,0
2016-08-17,23.32,23.32,22.49,22.87,1660900,0,0
2016-08-18,22.79,23.13,22.68,22.77,1935100,0,0
2016-08-19,22.73,22.82,22.45,22.48,1654700,0,0
2016-08-22,22.34,22.57,22.03,22.13,1393700,0,0
2016-08-23,22.25,22.57,22.14,22.44,2579300,0,0
2016-08-24,22.29,22.5,22.22,22.37,1500800,0,0
2016-08-25,22.41,22.53,22.0,22.14,1492300,0,0
2016-08-26,22.18,22.72,22.0,22.14,2211400,0,0
2016-08-29,22.18,22.41,22.05,22.22,828900,0,0
2016-08-30,22.26,22.39,21.93,22.11,1220800,0,0
2016-08-31,22.0,22.19,21.71,22.04,1649900,0,0
2016-09-01,22.04,22.42,22.0,22.19,1865600,0,0
2016-09-02,22.32,22.65,22.22,22.39,1836600,0,0
2016-09-06,22.65,22.84,21.99,22.06,2564800,0,0
2016-09-07,22.15,22.21,21.87,22.01,2167400,0,0
2016-09-08,22.39,22.44,21.84,21.85,2577800,0,0
2016-09-09,21.64,21.7,20.17,20.31,4440700,0,0
2016-09-12,20.43,21.03,20.43,20.83,2673300,0,0
2016-09-13,20.55,20.58,19.98,20.38,2771200,0,0
2016-09-14,20.37,20.43,20.15,20.32,915500,0,0
2016-09-15,20.46,20.62,20.13,20.5,1619400,0,0
2016-09-16,20.46,20.72,20.31,20.64,1255800,0,0
2016-09-19,20.89,21.0,20.69,20.77,1198400,0,0
2016-09-20,20.72,20.87,20.56,20.7,1270900,0,0
2016-09-21,20.84,21.56,20.7,21.54,1977700,0,0
2016-09-22,21.77,22.1,21.69,22.07,1839100,0,0
2016-09-23,21.84,22.05,21.47,21.57,1658900,0,0
2016-09-26,21.44,21.74,21.27,21.36,1277200,0,0
2016-09-27,21.32,21.47,21.06,21.31,1172300,0,0
2016-09-28,21.28,21.55,21.16,21.45,1954300,0,0
2016-09-29,21.53,21.72,21.23,21.44,2324700,0,0
2016-09-30,21.45,21.47,21.03,21.05,2268000,0,0
2016-10-03,21.36,21.75,21.32,21.73,1477600,0,0
2016-10-04,21.67,21.67,21.3,21.44,1564300,0,0
2016-10-05,21.41,22.1,21.39,21.98,1504600,0,0
2016-10-06,21.92,22.2,21.82,22.13,1368100,0,0
2016-10-07,22.24,22.3,21.82,22.0,1631100,0,0
2016-10-10,22.05,22.16,21.62,21.76,1948300,0,0
2016-10-11,21.63,21.74,21.27,21.4,1837600,0,0
2016-10-12,21.27,21.36,20.08,20.16,3390200,0,0
2016-10-13,20.05,20.05,18.85,19.08,5250700,0,0
2016-10-14,19.28,19.72,18.91,18.93,3886800,0,0
2016-10-17,19.0,19.19,18.65,19.04,3237100,0,0
2016-10-18,19.25,19.86,19.23,19.74,3387700,0,0
2016-10-19,19.97,20.0,19.75,19.85,2441300,0,0
2016-10-20,19.7,19.84,19.58,19.7,1174400,0,0
2016-10-21,19.69,19.69,19.23,19.5,1495100,0,0
2016-10-24,19.99,20.0,19.57,19.64,1296800,0,0
2016-10-25,19.95,20.01,19.6,19.62,3058400,0,0
2016-10-26,19.58,19.58,18.84,18.95,4461600,0,0
2016-10-27,20.0,20.64,19.88,19.92,7443100,0,0
2016-10-28,20.2,20.48,19.92,20.06,3163300,0,0
2016-10-31,19.84,19.99,19.53,19.69,1873300,0,0
2016-11-01,19.88,19.94,19.45,19.52,2472800,0,0
2016-11-02,19.49,19.52,18.66,18.69,2102400,0,0
2016-11-03,18.83,18.87,18.45,18.5,1911000,0,0
2016-11-04,18.32,18.62,18.09,18.32,2229300,0,0
2016-11-07,19.0,19.12,18.6,18.65,1476700,0,0
2016-11-08,18.55,18.9,18.38,18.74,2208900,0,0
2016-11-09,18.84,20.06,18.8,20.03,6812800,0,0
2016-11-10,20.01,20.26,19.0,19.2,3813500,0,0
2016-11-11,18.91,19.01,18.21,18.71,2939000,0,0
2016-11-14,18.4,18.45,17.28,17.81,3484000,0,0
2016-11-15,18.09,18.31,17.81,18.27,4306600,0,0
2016-11-16,18.11,18.19,17.59,17.61,3311600,0,0
2016-11-17,17.85,18.02,17.58,17.96,2783400,0,0
2016-11-18,17.96,18.67,17.88,18.47,2173500,0,0
2016-11-21,18.74,19.06,18.41,18.6,2750800,0,0
2016-11-22,18.6,18.98,18.15,18.95,3074100,0,0
2016-11-23,18.58,19.17,18.58,19.03,3175300,0,0
2016-11-25,19.0,19.1,18.6,18.63,1296600,0,0
2016-11-28,18.65,18.84,18.43,18.48,1724300,0,0
2016-11-29,18.38,18.71,18.28,18.46,1713600,0,0
2016-11-30,18.7,19.06,18.43,19.01,3396200,0,0
2016-12-01,19.08,19.45,18.5,18.61,2532900,0,0
2016-12-02,18.76,18.86,18.33,18.42,1892200,0,0
2016-12-05,18.7,19.26,18.62,19.22,2042900,0,0
2016-12-06,19.01,19.5,19.01,19.24,2448100,0,0
2016-12-07,19.28,19.79,19.06,19.68,1539500,0,0
2016-12-08,19.7,19.98,19.63,19.95,1333000,0,0
2016-12-09,19.95,20.01,19.75,19.86,1222500,0,0
2016-12-12,20.19,20.45,19.93,20.29,3551400,0,0
2016-12-13,20.52,21.14,20.5,21.06,3664200,0,0
2016-12-14,20.56,21.32,20.24,20.78,2647600,0,0
2016-12-15,20.98,21.07,20.36,20.58,2619000,0,0
2016-12-16,20.76,20.77,20.16,20.25,1696500,0,0
2016-12-19,20.23,20.39,19.92,19.96,1060100,0,0
2016-12-20,20.1,20.93,20.04,20.89,1773700,0,0
2016-12-21,20.75,20.83,20.2,20.29,2301200,0,0
2016-12-22,20.39,20.59,20.23,20.5,1511500,0,0
2016-12-23,20.31,20.56,20.2,20.39,1074900,0,0
2016-12-27,20.42,20.65,20.29,20.37,1264400,0,0
2016-12-28,20.46,20.69,20.13,20.23,936100,0,0
2016-12-29,20.3,20.55,20.22,20.35,1250300,0,0
2016-12-30,20.5,20.55,20.06,20.13,774800,0,0
2017-01-03,20.44,20.8,20.2,20.43,1597100,0,0
2017-01-04,20.56,20.8,20.34,20.44,2445500,0,0
2017-01-05,20.53,22.0,20.38,21.88,3997600,0,0
2017-01-06,21.55,21.99,21.54,21.84,1691500,0,0
2017-01-09,21.72,22.11,21.62,21.95,1614800,0,0
2017-01-10,21.95,22.06,21.45,21.57,1489500,0,0
2017-01-11,21.61,21.61,21.25,21.49,1307400,0,0
2017-01-12,21.48,21.6,21.16,21.31,1570100,0,0
2017-01-13,21.31,21.61,21.3,21.5,1592700,0,0
2017-01-17,21.66,22.03,21.66,21.92,1463100,0,0
2017-01-18,21.95,22.06,21.75,21.96,1662900,0,0
2017-01-19,21.86,22.04,21.71,22.03,1707400,0,0
2017-01-20,22.1,22.12,21.84,21.87,1119300,0,0
2017-01-23,21.97,22.15,21.67,22.09,1318800,0,0
2017-01-24,22.4,23.32,22.37,23.19,3800400,0,0
2017-01-25,23.34,23.83,23.22,23.7,2478500,0,0
2017-01-26,23.45,23.57,23.01,23.28,2003500,0,0
2017-01-27,23.58,23.78,23.51,23.63,1456400,0,0
2017-01-30,23.3,23.33,22.62,23.1,1449800,0,0
2017-01-31,22.96,23.28,22.83,23.14,1647600,0,0
2017-02-01,23.26,23.37,22.8,23.36,2117900,0,0
2017-02-02,23.21,23.39,22.88,23.33,3329600,0,0
2017-02-03,23.48,23.66,23.08,23.08,2542900,0,0
2017-02-06,23.11,23.19,22.88,23.01,1248400,0,0
2017-02-07,23.07,23.37,23.01,23.15,1236000,0,0
2017-02-08,23.14,23.14,22.66,23.05,1664600,0,0
2017-02-09,23.01,23.22,22.87,22.96,1357800,0,0
2017-02-10,23.07,23.15,22.75,23.12,1771700,0,0
2017-02-13,23.24,23.29,22.87,22.97,1057800,0,0
2017-02-14,23.09,23.12,22.58,22.69,3313300,0,0
2017-02-15,22.9,23.29,22.75,23.14,3091000,0,0
2017-02-16,23.02,25.0,22.95,24.49,6133000,0,0
2017-02-17,24.03,24.73,23.86,24.66,3294400,0,0
2017-02-21,24.75,24.8,24.12,24.34,3271100,0,0
2017-02-22,23.94,24.26,23.85,24.17,2721000,0,0
2017-02-23,24.0,24.1,23.66,23.74,1640500,0,0
2017-02-24,23.57,23.65,23.33,23.58,1688600,0,0
2017-02-27,23.56,23.57,23.17,23.18,1591900,0,0
2017-02-28,22.97,23.1,22.45,22.5,2347600,0,0
2017-03-01,22.82,23.41,22.44,23.35,3943700,0,0
2017-03-02,23.18,23.34,22.92,23.23,4444300,0,0
2017-03-03,23.25,23.62,23.23,23.57,2490300,0,0
2017-03-06,23.45,23.62,23.13,23.57,1589300,0,0
2017-03-07,23.54,23.61,23.23,23.49,1248600,0,0
2017-03-08,23.47,23.68,23.36,23.43,1237100,0,0
2017-03-09,23.23,23.23,22.64,22.85,2787500,0,0
2017-03-10,23.07,23.19,22.9,23.03,2678800,0,0
2017-03-13,23.11,23.35,22.9,23.24,2063400,0,0
2017-03-14,23.0,23.12,22.75,22.8,1536800,0,0
2017-03-15,22.91,23.03,22.45,22.94,2377800,0,0
2017-03-16,23.16,23.98,23.16,23.74,1583100,0,0
2017-03-17,23.84,23.89,23.44,23.62,1768000,0,0
2017-03-20,23.58,23.67,23.4,23.48,939300,0,0
2017-03-21,23.64,23.65,22.14,22.18,2989700,0,0
2017-03-22,22.31,22.44,22.02,22.42,1721600,0,0
2017-03-23,22.44,22.62,22.16,22.24,1603800,0,0
2017-03-24,22.35,22.57,22.21,22.41,1088400,0,0
2017-03-27,22.05,22.25,21.65,22.17,1633200,0,0
2017-03-28,22.17,22.57,22.13,22.43,1036800,0,0
2017-03-29,22.43,22.53,22.11,22.24,1443400,0,0
2017-03-30,22.38,22.79,22.05,22.06,1300500,0,0
2017-03-31,21.87,22.21,21.85,21.93,1141300,0,0
2017-04-03,21.92,22.36,21.89,22.13,1355600,0,0
2017-04-04,22.08,22.21,21.9,22.14,1067600,0,0
2017-04-05,22.37,23.13,22.32,22.61,2013800,0,0
2017-04-06,22.7,23.16,22.7,22.9,1497700,0,0
2017-04-07,22.24,22.44,21.6,21.82,4952800,0,0
2017-04-10,21.43,21.85,21.4,21.67,2372000,0,0
2017-04-11,21.89,22.39,21.68,22.33,2333600,0,0
2017-04-12,22.27,22.8,22.26,22.78,2449900,0,0
2017-04-13,22.61,22.96,22.51,22.75,1625500,0,0
2017-04-17,23.09,24.55,23.09,24.27,7311300,0,0
2017-04-18,23.82,24.13,23.7,24.01,3789300,0,0
2017-04-19,24.11,24.15,23.12,23.32,2630900,0,0
2017-04-20,23.41,23.83,23.31,23.31,2022400,0,0
2017-04-21,23.38,23.45,23.0,23.08,1614100,0,0
2017-04-24,23.52,23.65,23.3,23.38,1993800,0,0
2017-04-25,23.64,23.95,23.33,23.92,3169900,0,0
2017-04-26,24.05,25.03,23.95,24.86,4910500,0,0
2017-04-27,25.32,27.51,25.28,27.4,8546300,0,0
2017-04-28,26.84,27.33,26.72,27.26,3772300,0,0
2017-05-01,27.38,27.87,27.19,27.76,2160300,0,0
2017-05-02,27.65,27.7,26.78,26.79,3727100,0,0
2017-05-03,26.43,27.28,26.42,27.21,2553800,0,0
2017-05-04,26.76,27.41,26.57,26.84,2938200,0,0
2017-05-05,26.85,27.58,26.75,27.44,1716900,0,0
2017-05-08,27.4,28.0,27.22,27.66,1671800,0,0
2017-05-09,27.86,28.0,27.29,27.38,972500,0,0
2017-05-10,27.58,27.78,27.47,27.51,1478900,0,0
2017-05-11,27.63,27.69,27.23,27.65,1983900,0,0
2017-05-12,27.57,28.23,27.34,28.06,2032200,0,0
2017-05-15,28.38,29.11,28.35,28.9,2179200,0,0
2017-05-16,28.31,29.13,28.3,28.99,2422300,0,0
2017-05-17,28.31,28.69,27.51,27.58,2526400,0,0
2017-05-18,27.34,27.9,26.78,27.77,1870000,0,0
2017-05-19,27.8,28.74,27.71,28.51,2269000,0,0
2017-05-22,28.51,28.7,28.19,28.63,980200,0,0
2017-05-23,28.91,28.97,28.34,28.47,700800,0,0
2017-05-24,28.29,28.68,28.22,28.47,1206500,0,0
2017-05-25,28.7,28.75,27.82,27.82,1745200,0,0
2017-05-26,27.88,27.93,27.41,27.66,1833400,0,0
2017-05-30,27.51,27.79,26.99,27.19,1514900,0,0
2017-05-31,26.82,26.94,26.31,26.48,1738500,0,0
2017-06-01,26.48,27.14,26.21,27.09,2109100,0,0
2017-06-02,27.02,27.05,25.98,26.32,2235100,0,0
2017-06-05,26.37,27.32,26.37,27.17,1527000,0,0
2017-06-06,27.07,27.21,26.83,26.86,985100,0,0
2017-06-07,27.0,27.17,26.53,26.74,1104100,0,0
2017-06-08,26.68,26.9,26.38,26.75,1202900,0,0
2017-06-09,26.95,27.12,25.68,26.25,1891400,0,0
2017-06-12,26.14,26.48,25.36,25.94,1222200,0,0
2017-06-13,26.17,26.6,25.79,26.28,1253000,0,0
2017-06-14,26.21,26.54,25.17,25.74,2258600,0,0
2017-06-15,25.37,25.99,24.94,25.77,3010400,0,0
2017-06-16,25.75,25.93,25.19,25.57,3398600,0,0
2017-06-19,25.5,26.64,25.5,26.6,2443400,0,0
2017-06-20,26.49,26.67,25.92,26.25,1400200,0,0
2017-06-21,26.39,26.94,26.15,26.78,1640300,0,0
2017-06-22,27.0,27.34,26.71,26.93,2203300,0,0
2017-06-23,26.95,27.64,26.37,27.55,1951200,0,0
2017-06-26,27.71,27.89,26.92,27.17,2248100,0,0
2017-06-27,27.06,27.11,26.65,26.88,2640000,0,0
2017-06-28,26.85,27.88,26.31,27.62,2464800,0,0
2017-06-29,27.59,27.59,26.33,26.63,2202900,0,0
2017-06-30,26.7,26.98,25.89,26.24,2578100,0,0
2017-07-03,26.18,26.45,26.02,26.13,551800,0,0
2017-07-05,26.17,26.2,25.65,25.97,1351200,0,0
2017-07-06,26.19,26.38,25.99,26.04,1390800,0,0
2017-07-07,26.18,26.34,25.98,26.25,1276700,0,0
2017-07-10,26.29,26.61,26.22,26.51,2530800,0,0
2017-07-11,26.27,26.61,26.13,26.5,1499000,0,0
2017-07-12,26.99,27.99,26.9,27.33,2560500,0,0
2017-07-13,32.29,32.44,30.9,31.68,23965700,0,0
2017-07-14,31.18,31.82,31.13,31.62,4982400,0,0
2017-07-17,31.39,31.88,31.07,31.34,2517500,0,0
2017-07-18,31.32,32.1,31.23,31.55,2922000,0,0
2017-07-19,31.83,32.24,30.96,31.1,2347500,0,0
2017-07-20,31.21,31.5,30.66,31.36,2718200,0,0
2017-07-21,31.31,31.62,31.09,31.41,2220400,0,0
2017-07-24,31.05,32.09,31.0,31.84,3511800,0,0
2017-07-25,31.86,31.93,31.35,31.74,3403300,0,0
2017-07-26,31.75,31.95,31.59,31.84,5530100,0,0
2017-07-27,32.05,32.38,30.42,30.76,4356200,0,0
2017-07-28,30.0,30.32,29.15,29.53,6868600,0,0
2017-07-31,29.62,29.64,28.78,28.98,4062900,0,0
2017-08-01,29.26,29.46,28.74,28.98,3446400,0,0
2017-08-02,29.07,29.19,28.13,28.36,2890100,0,0
2017-08-03,28.79,29.29,28.61,29.16,4643600,0,0
2017-08-04,29.41,29.67,29.14,29.61,4030200,0,0
2017-08-07,29.93,30.09,29.75,29.96,2088300,0,0
2017-08-08,29.86,30.02,29.51,29.84,1960800,0,0
2017-08-09,30.67,31.31,30.38,30.69,4205400,0,0
2017-08-10,30.56,30.75,29.08,29.28,2493600,0,0
2017-08-11,29.28,29.39,28.87,29.05,2507800,0,0
2017-08-14,29.45,29.89,29.35,29.73,1549500,0,0
2017-08-15,29.85,30.29,29.64,30.25,1599300,0,0
2017-08-16,30.31,31.06,30.28,30.95,2515400,0,0
2017-08-17,30.91,31.36,30.3,30.34,2145400,0,0
2017-08-18,30.25,30.38,29.67,29.81,1891800,0,0
2017-08-21,30.0,30.29,29.6,29.72,1210200,0,0
2017-08-22,29.84,30.15,29.62,30.08,2382600,0,0
2017-08-23,29.81,29.99,29.58,29.94,2317600,0,0
2017-08-24,30.09,30.18,29.69,29.88,1300000,0,0
2017-08-25,30.08,30.4,29.61,29.75,1556300,0,0
2017-08-28,29.93,30.04,29.29,29.47,987800,0,0
2017-08-29,29.19,29.63,29.04,29.49,2235500,0,0
2017-08-30,29.63,30.08,29.31,29.85,3910900,0,0
2017-08-31,30.21,30.46,29.93,30.01,4852600,0,0
2017-09-01,30.3,32.85,30.29,32.21,7718700,0,0
2017-09-05,32.21,32.88,32.08,32.35,4757500,0,0
2017-09-06,32.34,32.76,31.75,32.1,3723100,0,0
2017-09-07,32.23,33.19,31.61,33.01,4861000,0,0
2017-09-08,33.0,33.26,31.82,31.87,2422900,0,0
2017-09-11,32.32,33.33,32.17,33.11,3582900,0,0
2017-09-12,33.16,33.61,32.7,33.08,2210100,0,0
2017-09-13,32.65,32.95,32.37,32.44,1845100,0,0
2017-09-14,32.45,32.53,32.0,32.2,1897400,0,0
2017-09-15,32.43,33.2,32.36,32.64,4729600,0,0
2017-09-18,32.46,32.76,32.14,32.32,1510200,0,0
2017-09-19,32.09,32.4,31.66,32.24,2359900,0,0
2017-09-20,32.36,32.73,31.74,32.03,1342700,0,0
2017-09-21,32.35,32.69,31.96,32.63,2234300,0,0
2017-09-22,32.63,33.68,32.44,33.2,3800000,0,0
2017-09-25,33.44,33.59,31.6,32.49,3367500,0,0
2017-09-26,32.31,32.65,31.65,31.71,2210400,0,0
2017-09-27,32.09,32.52,31.94,32.34,2227200,0,0
2017-09-28,32.3,32.43,31.85,32.37,1706200,0,0
2017-09-29,32.23,32.97,32.08,32.95,2345300,0,0
2017-10-02,32.94,33.56,32.63,32.96,1470900,0,0
2017-10-03,33.83,34.18,33.0,34.18,2674500,0,0
2017-10-04,34.23,34.27,33.3,33.43,967000,0,0
2017-10-05,33.72,33.82,33.23,33.76,1176000,0,0
2017-10-06,33.26,33.51,32.46,32.51,2846300,0,0
2017-10-09,32.55,32.89,32.41,32.47,1581200,0,0
2017-10-10,32.68,32.7,31.5,31.71,2950100,0,0
2017-10-11,31.82,32.27,31.6,31.83,2154000,0,0
2017-10-12,31.8,32.46,31.78,32.34,1933000,0,0
2017-10-13,32.45,32.8,32.31,32.44,1882600,0,0
2017-10-16,32.5,32.68,31.74,31.89,1814200,0,0
2017-10-17,31.8,31.99,31.6,31.75,1306700,0,0
2017-10-18,31.79,32.48,31.61,32.32,1768200,0,0
2017-10-19,32.13,32.14,31.61,31.64,1710200,0,0
2017-10-20,31.72,31.88,31.1,31.16,3166700,0,0
2017-10-23,31.29,31.47,30.74,30.77,3135900,0,0
2017-10-24,32.08,34.13,31.6,32.82,6444400,0,0
2017-10-25,32.65,32.88,31.85,32.01,2917900,0,0
2017-10-26,32.14,33.17,31.97,32.68,2094000,0,0
2017-10-27,32.72,33.53,32.26,32.38,3538600,0,0
2017-10-30,32.73,33.41,32.45,33.1,3295100,0,0
2017-10-31,32.47,34.08,32.47,33.83,2592100,0,0
2017-11-01,34.12,34.83,33.94,34.03,2412400,0,0
2017-11-02,33.5,33.8,33.0,33.44,2863900,0,0
2017-11-03,33.42,33.8,32.84,33.01,2020600,0,0
2017-11-06,33.05,33.69,33.01,33.55,1644600,0,0
2017-11-07,33.6,33.7,32.32,32.58,3079500,0,0
2017-11-08,32.76,32.96,32.25,32.72,1958500,0,0
2017-11-09,32.34,32.36,31.11,31.92,3302500,0,0
2017-11-10,31.94,32.21,30.85,30.99,3913900,0,0
2017-11-13,30.99,32.15,30.95,31.62,3383100,0,0
2017-11-14,31.35,31.48,30.95,31.25,2445300,0,0
2017-11-15,31.05,31.29,30.84,31.24,2059400,0,0
2017-11-16,31.25,32.6,31.24,32.4,2667900,0,0
2017-11-17,32.57,33.48,32.43,33.19,3956200,0,0
2017-11-20,33.19,34.06,32.94,33.71,4856300,0,0
2017-11-21,34.29,34.78,34.0,34.28,4389500,0,0
2017-11-22,34.38,34.57,33.33,33.9,2425900,0,0
2017-11-24,34.84,35.32,34.67,35.0,2958300,0,0
2017-11-27,35.07,35.3,34.07,34.43,2555800,0,0
2017-11-28,34.69,34.82,34.01,34.49,2562000,0,0
2017-11-29,34.33,34.76,32.53,32.95,5363000,0,0
2017-11-30,32.82,33.35,32.65,33.11,2519600,0,0
2017-12-01,33.14,33.14,31.9,32.53,3437300,0,0
2017-12-04,32.77,32.95,31.91,32.03,3801400,0,0
2017-12-05,32.18,32.9,31.75,32.37,2795900,0,0
2017-12-06,32.22,32.95,31.94,32.62,2428100,0,0
2017-12-07,32.36,33.19,32.26,33.02,1496000,0,0
2017-12-08,33.31,33.35,32.77,32.89,1219600,0,0
2017-12-11,33.37,33.92,33.19,33.29,2018200,0,0
2017-12-12,33.45,33.45,32.83,32.89,1737600,0,0
2017-12-13,33.0,33.14,32.7,32.72,1281500,0,0
2017-12-14,32.83,33.0,31.86,32.05,1893800,0,0
2017-12-15,32.25,32.3,31.79,32.05,1805700,0,0
2017-12-18,32.2,32.55,32.07,32.32,2434700,0,0
2017-12-19,32.01,32.45,31.84,32.26,1392700,0,0
2017-12-20,32.01,32.24,31.86,32.01,1783400,0,0
2017-12-21,31.85,32.39,31.34,31.44,1975200,0,0
2017-12-22,31.68,31.77,31.22,31.66,2845600,0,0
2017-12-26,31.84,32.31,31.41,32.2,1735700,0,0
2017-12-27,32.2,32.49,32.01,32.45,1993600,0,0
2017-12-28,32.44,32.75,32.3,32.56,1303600,0,0
2017-12-29,32.57,33.09,32.55,32.75,1587800,0,0
2018-01-02,32.99,33.94,32.81,33.64,2087000,0,0
2018-01-03,33.49,34.36,33.47,34.16,2644900,0,0
2018-01-04,34.29,34.74,34.06,34.22,1563600,0,0
2018-01-05,34.16,34.45,34.02,34.25,1481600,0,0
2018-01-08,33.86,34.68,33.8,34.63,1627000,0,0
2018-01-09,34.54,34.89,34.25,34.34,1878100,0,0
2018-01-10,34.19,34.83,34.14,34.54,1521200,0,0
2018-01-11,34.55,34.83,34.29,34.58,1480900,0,0
2018-01-12,34.66,34.69,34.34,34.6,1153900,0,0
2018-01-16,35.1,36.29,34.99,35.18,2934700,0,0
2018-01-17,35.24,36.6,35.24,36.5,3022700,0,0
2018-01-18,36.27,37.69,36.25,37.51,3491300,0,0
2018-01-19,37.29,37.45,36.84,37.2,2403900,0,0
2018-01-22,37.02,38.0,36.92,37.97,1689500,0,0
2018-01-23,37.52,38.31,37.32,38.03,1769300,0,0
2018-01-24,38.08,38.28,37.45,37.87,2107900,0,0
2018-01-25,38.55,38.64,37.68,38.4,2316400,0,0
2018-01-26,38.44,39.21,38.39,39.19,1689900,0,0
2018-01-29,39.11,39.2,38.46,38.5,1763500,0,0
2018-01-30,38.05,38.77,37.81,38.1,3416800,0,0
2018-01-31,38.64,39.06,38.18,38.73,3095700,0,0
2018-02-01,38.74,39.67,38.52,39.41,2190500,0,0
2018-02-02,38.93,39.01,37.48,37.87,2703900,0,0
2018-02-05,37.43,38.21,36.12,36.16,1696200,0,0
2018-02-06,35.9,37.5,35.79,37.3,2684800,0,0
2018-02-07,37.14,38.19,36.9,36.98,1795300,0,0
2018-02-08,37.46,37.81,35.2,35.2,2736500,0,0
2018-02-09,35.94,36.28,34.2,35.89,5045000,0,0
2018-02-12,36.32,36.84,36.24,36.5,1531800,0,0
2018-02-13,36.67,37.69,36.47,37.42,2892800,0,0
2018-02-14,37.58,39.44,37.5,38.89,5044500,0,0
2018-02-15,41.47,42.72,40.06,41.96,9922200,0,0
2018-02-16,40.9,42.9,40.82,42.1,3607800,0,0
2018-02-20,42.37,43.48,42.03,43.05,3177500,0,0
2018-02-21,43.4,44.49,43.27,43.49,5429900,0,0
2018-02-22,43.62,43.7,42.38,42.39,3553500,0,0
2018-02-23,42.58,42.87,42.14,42.49,3146200,0,0
2018-02-26,43.58,43.68,41.98,42.0,3064200,0,0
2018-02-27,41.93,42.63,41.67,42.05,2765700,0,0
2018-02-28,41.95,42.05,40.93,41.09,2836500,0,0
2018-03-01,40.9,41.07,39.87,40.13,3072900,0,0
2018-03-02,39.88,41.32,39.52,41.26,3006300,0,0
2018-03-05,41.23,41.89,40.8,41.72,2730300,0,0
2018-03-06,42.03,42.86,41.8,42.66,2203200,0,0
2018-03-07,41.72,43.24,41.64,43.16,2356300,0,0
2018-03-08,44.19,44.2,43.23,43.75,2918100,0,0
2018-03-09,44.12,44.2,42.67,43.09,2796100,0,0
2018-03-12,43.54,43.54,42.85,42.98,1571800,0,0
2018-03-13,43.54,43.54,42.29,42.29,1766900,0,0
2018-03-14,42.3,43.42,42.16,42.99,1929500,0,0
2018-03-15,42.32,42.91,42.09,42.27,2085700,0,0
2018-03-16,42.23,42.48,41.91,42.3,1614800,0,0
2018-03-19,41.81,42.34,41.42,42.21,1716500,0,0
2018-03-20,42.21,43.07,42.17,42.78,3088700,0,0
2018-03-21,42.6,43.54,42.55,43.21,3188000,0,0
2018-03-22,42.51,43.03,41.39,41.84,3352000,0,0
2018-03-23,41.74,42.11,41.15,41.15,1568100,0,0
2018-03-26,41.82,41.93,40.3,41.48,2951800,0,0
2018-03-27,41.65,41.7,39.51,39.73,2704300,0,0
2018-03-28,39.65,39.99,38.63,39.25,2939900,0,0
2018-03-29,40.19,40.47,39.37,39.45,6920000,0,0
2018-04-02,39.21,39.86,38.85,39.14,2694200,0,0
2018-04-03,39.5,39.84,38.57,39.07,3934600,0,0
2018-04-04,38.37,39.78,38.1,39.66,3356400,0,0
2018-04-05,39.92,40.33,39.81,40.13,3377300,0,0
2018-04-06,39.87,40.16,39.13,39.39,3154400,0,0
2018-04-09,35.9,36.44,34.4,34.66,15121000,0,0
2018-04-10,34.7,34.73,33.8,33.99,8038600,0,0
2018-04-11,33.52,36.53,33.32,35.01,10164500,0,0
2018-04-12,36.02,36.17,32.9,33.16,11673300,0,0
2018-04-13,33.56,33.95,32.71,32.98,7504600,0,0
2018-04-16,32.7,34.13,32.02,33.63,26188300,0,0
2018-04-17,34.18,34.3,32.97,33.03,12126400,0,0
2018-04-18,34.24,35.4,33.98,34.98,9908400,0,0
2018-04-19,35.55,36.0,34.1,34.39,6993700,0,0
2018-04-20,34.13,34.51,33.49,33.72,5755600,0,0
2018-04-23,34.54,35.47,33.88,34.07,6261600,0,0
2018-04-24,34.66,34.7,33.04,33.54,10685300,0,0
2018-04-25,34.0,34.16,31.77,33.01,11157800,0,0
2018-04-26,33.26,33.29,32.43,32.73,5640600,0,0
2018-04-27,33.09,33.22,31.99,32.51,4584700,0,0
2018-04-30,32.5,33.58,32.48,33.36,6867700,0,0
2018-05-01,33.26,33.71,32.81,33.63,3488400,0,0
2018-05-02,33.32,34.74,33.2,34.25,8218000,0,0
2018-05-03,34.33,34.72,33.26,33.95,4266800,0,0
2018-05-04,33.75,33.86,32.98,33.58,3332100,0,0
2018-05-07,33.64,34.72,33.61,34.08,2733200,0,0
2018-05-08,34.09,34.32,33.32,33.74,2422700,0,0
2018-05-09,33.77,34.49,33.77,34.32,3811300,0,0
2018-05-10,34.7,35.58,34.59,35.27,4111100,0,0
2018-05-11,35.32,35.92,34.57,35.09,3425400,0,0
2018-05-14,35.31,35.8,34.81,34.86,3280600,0,0
2018-05-15,34.33,34.33,33.56,33.9,3974600,0,0
2018-05-16,34.06,34.54,34.0,34.19,1982600,0,0
2018-05-17,33.99,34.69,33.55,34.07,3572700,0,0
2018-05-18,33.95,34.08,33.7,33.99,2452400,0,0
2018-05-21,34.32,34.98,34.32,34.63,2790200,0,0
2018-05-22,34.8,34.83,34.17,34.22,1370600,0,0
2018-05-23,33.88,34.59,33.74,34.54,1696400,0,0
2018-05-24,34.23,34.59,33.33,33.54,4673700,0,0
2018-05-25,33.67,33.74,33.23,33.29,1936400,0,0
2018-05-29,33.38,33.4,32.35,32.46,4308900,0,0
2018-05-30,32.83,33.43,32.44,33.34,3561500,0,0
2018-05-31,33.29,33.92,33.18,33.52,2701100,0,0
2018-06-01,33.7,34.73,33.67,34.4,2814900,0,0
2018-06-04,34.47,35.59,34.33,35.48,3182400,0,0
2018-06-05,35.25,36.1,35.25,35.69,3623200,0,0
2018-06-06,35.79,35.97,35.41,35.8,1613400,0,0
2018-06-07,35.88,35.9,34.11,34.31,3364200,0,0
2018-06-08,34.23,34.64,34.05,34.56,1575600,0,0
2018-06-11,35.31,35.32,34.78,34.99,2412200,0,0
2018-06-12,34.99,36.84,34.99,36.47,4467800,0,0
2018-06-13,36.5,37.31,36.11,36.41,4038500,0,0
2018-06-14,36.47,37.01,36.3,36.82,3016200,0,0
2018-06-15,36.63,36.66,35.73,35.96,2538900,0,0
2018-06-18,35.62,37.08,35.29,36.85,3596400,0,0
2018-06-19,36.14,36.37,35.4,35.99,4319800,0,0
2018-06-20,36.3,36.69,35.91,36.14,2022400,0,0
2018-06-21,36.19,36.25,35.23,35.36,2034900,0,0
2018-06-22,35.76,35.87,34.74,35.55,2033800,0,0
2018-06-25,35.38,35.39,34.33,34.56,2703000,0,0
2018-06-26,34.48,35.15,34.14,34.95,2282000,0,0
2018-06-27,35.15,35.69,34.51,34.55,2732800,0,0
2018-06-28,34.52,35.42,34.3,35.3,3707400,0,0
2018-06-29,35.18,36.17,35.03,35.9,3954600,0,0
2018-07-02,35.5,36.14,35.12,36.13,2087200,0,0
2018-07-03,36.12,36.21,35.01,35.11,1509700,0,0
2018-07-05,35.71,36.26,34.99,36.2,2757600,0,0
2018-07-06,35.9,37.01,35.9,36.95,1732500,0,0
2018-07-09,37.07,37.59,36.85,37.49,2346300,0,0
2018-07-10,37.63,37.83,36.79,37.05,2500600,0,0
2018-07-11,36.76,37.6,36.54,36.73,1922300,0,0
2018-07-12,36.8,38.61,36.74,38.56,3841600,0,0
2018-07-13,38.35,38.56,37.6,37.91,1931000,0,0
2018-07-16,38.02,38.02,37.05,37.55,2077900,0,0
2018-07-17,37.13,39.04,37.07,38.47,3690500,0,0
2018-07-18,38.18,38.36,37.55,38.06,2731200,0,0
2018-07-19,37.79,38.06,36.43,36.49,4092300,0,0
2018-07-20,36.46,36.96,36.23,36.82,2725300,0,0
2018-07-23,36.86,37.17,36.46,37.14,1754600,0,0
2018-07-24,37.72,38.58,37.18,37.29,3103900,0,0
2018-07-25,37.51,38.65,37.32,38.62,3414100,0,0
2018-07-26,39.49,39.7,37.24,37.37,6142200,0,0
2018-07-27,37.96,38.68,36.63,36.87,4996900,0,0
2018-07-30,37.24,37.48,34.9,35.7,4566900,0,0
2018-07-31,36.08,36.33,35.63,35.96,4493000,0,0
2018-08-01,36.31,36.52,35.71,35.73,3751500,0,0
2018-08-02,35.31,35.98,34.78,35.95,3676200,0,0
2018-08-03,35.68,35.89,35.38,35.59,3542200,0,0
2018-08-06,35.4,35.62,34.63,35.29,3107900,0,0
2018-08-07,35.39,36.1,35.35,35.4,2031700,0,0
2018-08-08,34.59,34.74,32.1,32.14,10293800,0,0
2018-08-09,32.51,33.02,31.76,31.82,7149700,0,0
2018-08-10,31.25,32.14,30.78,31.89,6406700,0,0
2018-08-13,32.0,32.27,31.57,32.04,4152900,0,0
2018-08-14,32.53,32.67,31.68,32.1,2840400,0,0
2018-08-15,31.45,31.66,30.53,31.34,4339100,0,0
2018-08-16,31.4,32.06,31.4,31.69,4077500,0,0
2018-08-17,31.56,31.74,30.83,31.27,3655700,0,0
2018-08-20,31.48,31.97,31.39,31.63,3566400,0,0
2018-08-21,31.65,32.28,31.65,31.96,3511100,0,0
2018-08-22,31.73,32.04,31.29,31.49,3389300,0,0
2018-08-23,31.4,31.9,30.83,30.86,2749800,0,0
2018-08-24,31.3,31.82,31.15,31.79,3990000,0,0
2018-08-27,31.95,32.39,31.65,32.09,3687900,0,0
2018-08-28,32.24,32.42,31.6,31.68,1856400,0,0
2018-08-29,31.75,32.24,31.51,32.0,2991800,0,0
2018-08-30,31.77,31.9,31.11,31.2,2697200,0,0
2018-08-31,31.22,32.24,31.15,32.13,2701500,0,0
2018-09-04,31.82,32.14,31.34,32.02,3194800,0,0
2018-09-05,31.95,32.0,30.79,30.99,3640600,0,0
2018-09-06,30.74,30.82,29.5,29.71,6113500,0,0
2018-09-07,29.69,30.35,29.57,30.14,6857300,0,0
2018-09-10,30.01,30.39,29.84,30.32,2229600,0,0
2018-09-11,29.97,30.18,29.67,30.04,3378000,0,0
2018-09-12,30.22,30.43,29.48,30.18,2314500,0,0
2018-09-13,30.77,31.72,30.67,31.34,3327300,0,0
2018-09-14,31.5,32.47,31.45,32.34,2967500,0,0
2018-09-17,32.15,32.37,31.02,31.09,1571800,0,0
2018-09-18,31.43,32.06,31.23,31.68,1624700,0,0
2018-09-19,32.1,32.62,31.74,32.42,1582700,0,0
2018-09-20,32.83,33.37,32.51,33.0,2494600,0,0
2018-09-21,32.95,33.25,32.82,33.0,1740000,0,0
2018-09-24,33.07,33.58,32.55,33.47,2284900,0,0
2018-09-25,33.29,33.66,33.17,33.45,1439800,0,0
2018-09-26,33.44,33.82,33.12,33.19,2348000,0,0
2018-09-27,33.95,33.95,33.13,33.28,2148400,0,0
2018-09-28,32.9,33.15,32.53,32.89,2306900,0,0
2018-10-01,33.08,33.27,32.31,32.47,1753300,0,0
2018-10-02,32.63,32.91,32.02,32.75,2768900,0,0
2018-10-03,32.89,33.47,32.84,33.45,2284500,0,0
2018-10-04,32.31,32.89,31.72,32.31,5404800,0,0
2018-10-05,32.12,32.81,31.73,32.43,5791900,0,0
2018-10-08,32.0,33.38,31.85,33.35,2925400,0,0
2018-10-09,33.03,33.67,33.03,33.33,2957400,0,0
2018-10-10,33.16,33.2,31.8,31.8,5223600,0,0
2018-10-11,32.06,32.68,31.6,31.93,2786700,0,0
2018-10-12,32.62,32.89,31.93,32.73,1593700,0,0
2018-10-15,32.49,33.63,32.43,33.2,1405300,0,0
2018-10-16,34.72,35.8,34.1,35.68,5704900,0,0
2018-10-17,35.1,35.98,35.03,35.88,2410700,0,0
2018-10-18,35.35,35.9,28.52,29.49,21324500,0,0
2018-10-19,30.48,30.5,24.9,27.42,30773100,0,0
2018-10-22,29.72,30.5,25.9,27.53,20156900,0,0
2018-10-23,26.94,27.45,26.41,26.78,9622800,0,0
2018-10-24,27.48,27.65,25.8,25.81,5326300,0,0
2018-10-25,26.48,27.28,26.38,27.0,5985100,0,0
2018-10-26,26.57,27.65,26.13,27.25,5740900,0,0
2018-10-29,28.3,28.89,26.82,27.22,6768600,0,0
2018-10-30,27.54,28.32,27.1,27.56,4459900,0,0
2018-10-31,28.38,30.5,28.31,30.13,7304900,0,0
2018-11-01,29.77,31.07,29.67,30.74,5708500,0,0
2018-11-02,30.48,30.84,29.62,29.7,4318600,0,0
2018-11-05,29.72,30.28,29.16,30.18,2878100,0,0
2018-11-06,30.33,30.65,29.82,30.15,2448900,0,0
2018-11-07,30.3,30.4,29.54,29.71,2834700,0,0
2018-11-08,29.71,29.86,28.76,29.1,3548800,0,0
2018-11-09,28.57,28.79,27.82,28.21,2606500,0,0
2018-11-12,28.27,28.5,27.15,27.74,3287800,0,0
2018-11-13,28.18,28.41,27.79,28.04,2900900,0,0
2018-11-14,28.66,29.27,28.43,28.91,3559200,0,0
2018-11-15,28.84,29.41,28.72,29.41,3278400,0,0
2018-11-16,29.19,29.43,28.85,29.25,1911700,0,0
2018-11-19,29.16,29.54,28.94,29.09,3052900,0,0
2018-11-20,28.28,29.19,27.66,27.85,3876700,0,0
2018-11-21,28.83,30.0,28.6,29.38,2348200,0,0
2018-11-23,28.68,28.88,27.94,28.31,1945400,0,0
2018-11-26,27.89,29.25,27.84,28.96,2048000,0,0
2018-11-27,28.62,29.41,28.62,29.07,869400,0,0
2018-11-28,29.01,30.0,28.64,29.93,1700400,0,0
2018-11-29,30.01,30.01,29.02,29.16,1677000,0,0
2018-11-30,29.16,29.57,28.79,29.5,2135100,0,0
2018-12-03,30.01,30.38,29.64,30.01,3079500,0,0
2018-12-04,29.82,29.93,28.4,28.7,2240400,0,0
2018-12-06,28.37,28.7,27.89,28.6,3509800,0,0
2018-12-07,29.0,29.3,28.52,28.68,1929100,0,0
2018-12-10,28.56,28.98,27.8,27.91,2295700,0,0
2018-12-11,28.37,28.4,26.8,26.85,3729700,0,0
2018-12-12,27.62,28.94,27.41,28.69,3408100,0,0
2018-12-13,28.56,28.68,27.86,27.9,1910400,0,0
2018-12-14,27.74,28.59,27.48,28.01,1848700,0,0
2018-12-17,27.96,28.29,27.11,27.48,2414100,0,0
2018-12-18,27.69,27.97,27.08,27.2,2617600,0,0
2018-12-19,27.2,28.35,27.14,27.26,2336600,0,0
2018-12-20,27.48,27.74,26.46,27.28,2010800,0,0
2018-12-21,27.23,27.41,26.35,26.44,2449300,0,0
2018-12-24,26.58,27.31,26.37,27.08,1575500,0,0
2018-12-26,26.95,27.79,26.2,27.79,2042300,0,0
2018-12-27,27.0,27.58,26.71,27.56,1147700,0,0
2018-12-28,27.5,28.47,27.43,27.91,1438000,0,0
2018-12-31,28.05,28.25,27.02,27.35,931200,0,0
2019-01-02,26.86,27.78,26.86,27.51,971300,0,0
2019-01-03,27.57,27.64,26.77,26.8,1589700,0,0
2019-01-04,27.49,28.88,27.39,28.56,1834600,0,0
2019-01-07,28.68,29.33,28.32,29.02,1323600,0,0
2019-01-08,29.02,29.16,28.55,29.09,1157200,0,0
2019-01-09,29.16,29.9,29.07,29.78,1648800,0,0
2019-01-10,29.31,29.95,29.24,29.7,1572000,0,0
2019-01-11,29.65,30.41,29.41,29.89,1196300,0,0
2019-01-14,29.39,30.03,29.29,29.55,1330900,0,0
2019-01-15,29.61,30.01,29.37,29.54,1275000,0,0
2019-01-16,29.84,30.03,29.6,29.81,1651900,0,0
2019-01-17,29.52,31.09,29.47,31.03,2816500,0,0
2019-01-18,30.97,31.1,30.7,30.82,1383900,0,0
2019-01-22,30.61,31.23,30.26,30.53,1827900,0,0
2019-01-23,31.27,31.38,30.69,31.3,2196900,0,0
2019-01-24,31.21,32.1,31.2,32.02,2980800,0,0
2019-01-25,32.15,33.63,32.15,33.6,3292000,0,0
2019-01-28,32.25,33.37,32.2,33.06,3367700,0,0
2019-01-29,32.94,33.03,32.2,32.28,1805200,0,0
2019-01-30,32.68,33.82,32.48,33.79,3017500,0,0
2019-01-31,33.53,33.97,33.3,33.58,2605100,0,0
2019-02-01,33.41,33.83,33.35,33.68,1309600,0,0
2019-02-04,33.59,34.29,33.45,34.26,776500,0,0
2019-02-05,34.17,34.7,34.1,34.42,1550000,0,0
2019-02-06,34.02,34.29,33.69,33.77,1517600,0,0
2019-02-07,33.35,33.48,32.75,33.03,1567600,0,0
2019-02-08,32.83,33.25,32.57,33.23,1475500,0,0
2019-02-11,33.47,33.76,33.21,33.5,1001300,0,0
2019-02-12,34.13,34.29,33.68,34.01,2372000,0,0
2019-02-13,33.69,34.46,33.6,33.86,3989800,0,0
2019-02-14,33.44,34.74,33.34,34.41,4603600,0,0
2019-02-15,33.65,33.75,31.39,31.47,6818400,0,0
2019-02-19,31.98,33.07,31.62,32.83,7491800,0,0
2019-02-20,33.1,33.21,32.53,32.86,3688000,0,0
2019-02-21,32.68,32.77,31.71,31.79,1839200,0,0
2019-02-22,32.23,33.79,32.08,33.69,4771600,0,0
2019-02-25,33.64,34.19,33.45,33.59,2320500,0,0
2019-02-26,33.49,33.55,32.69,33.38,2418200,0,0
2019-02-27,32.95,33.26,32.44,33.08,2468200,0,0
2019-02-28,32.97,34.69,32.82,34.4,4420600,0,0
2019-03-01,34.02,34.67,34.0,34.64,3691400,0,0
2019-03-04,34.65,35.33,34.38,35.0,2754800,0,0
2019-03-05,34.96,36.25,34.77,36.16,3334800,0,0
2019-03-06,36.15,36.44,35.69,35.98,2934000,0,0
2019-03-07,35.83,35.89,34.96,35.21,1606300,0,0
2019-03-08,34.71,35.34,34.21,35.1,2145000,0,0
2019-03-11,35.41,36.01,35.34,36.0,2407500,0,0
2019-03-12,36.02,36.12,35.05,35.58,2696700,0,0
2019-03-13,36.04,36.18,35.49,35.72,2452100,0,0
2019-03-14,35.77,35.97,35.09,35.69,1689400,0,0
2019-03-15,35.81,36.32,35.64,35.98,3355400,0,0
2019-03-18,36.76,36.79,35.61,35.97,2410000,0,0
2019-03-19,36.11,36.23,35.76,35.93,2377100,0,0
2019-03-20,36.13,36.13,35.28,35.76,3576800,0,0
2019-03-21,36.0,36.01,35.11,35.88,2443300,0,0
2019-03-22,35.5,35.79,34.83,35.31,1936000,0,0
2019-03-25,35.26,36.02,35.2,35.73,2594300,0,0
2019-03-26,36.03,36.07,35.42,35.59,1572200,0,0
2019-03-27,35.51,35.67,34.68,34.84,1872700,0,0
2019-03-28,34.86,35.98,34.49,35.6,3099700,0,0
2019-03-29,35.75,35.83,34.14,34.34,6168800,0,0
2019-04-01,34.72,34.84,33.67,33.97,4177400,0,0
2019-04-02,33.91,34.96,33.91,34.93,5039900,0,0
2019-04-03,34.81,35.03,34.56,34.77,1613700,0,0
2019-04-04,34.75,35.12,34.51,34.64,1941200,0,0
2019-04-05,34.79,35.33,34.64,35.21,2148300,0,0
2019-04-08,35.2,35.79,35.07,35.75,2003100,0,0
2019-04-09,35.72,36.29,35.72,35.98,1947500,0,0
2019-04-10,36.05,37.65,35.96,37.45,4067100,0,0
2019-04-11,37.21,37.97,37.13,37.8,2335500,0,0
2019-04-12,37.91,38.99,37.7,38.9,3670600,0,0
2019-04-15,38.4,39.03,38.0,39.0,3835500,0,0
2019-04-16,38.85,39.02,38.63,38.83,1919900,0,0
2019-04-17,39.04,39.37,38.07,38.2,3719000,0,0
2019-04-18,38.12,38.17,37.21,37.34,3590500,0,0
2019-04-22,37.59,37.67,37.41,37.44,1974900,0,0
2019-04-23,37.52,38.03,37.47,37.81,4087100,0,0
2019-04-24,37.6,37.68,37.22,37.62,2652000,0,0
2019-04-25,38.0,38.07,36.02,37.12,3460200,0,0
2019-04-26,37.15,37.18,36.49,36.69,1862000,0,0
2019-04-29,37.02,37.57,36.91,37.32,2284200,0,0
2019-04-30,37.17,37.47,36.83,37.43,2654900,0,0
2019-05-01,37.53,38.65,37.45,38.08,2850900,0,0
2019-05-02,37.82,37.93,36.35,36.5,3678400,0,0
2019-05-03,36.87,37.25,36.71,37.24,2063000,0,0
2019-05-06,36.22,37.2,35.96,36.99,1928800,0,0
2019-05-07,36.69,36.86,36.12,36.32,884200,0,0
2019-05-08,36.33,36.63,36.13,36.5,2177100,0,0
2019-05-09,36.22,36.76,35.62,36.46,1966100,0,0
2019-05-10,36.31,36.47,35.63,36.25,2337800,0,0
2019-05-13,35.59,35.83,34.72,34.83,2689700,0,0
2019-05-14,35.23,35.39,34.82,35.07,1497000,0,0
2019-05-15,34.75,36.31,34.7,36.31,2563300,0,0
2019-05-16,36.28,37.35,36.26,37.27,2243100,0,0
2019-05-17,36.65,38.34,36.58,37.79,3487600,0,0
2019-05-20,37.29,37.37,36.68,36.87,2328700,0,0
2019-05-21,37.27,37.54,36.94,37.42,1902700,0,0
2019-05-22,37.28,37.82,37.27,37.65,1185900,0,0
2019-05-23,36.96,37.0,36.2,36.39,1544400,0,0
2019-05-24,36.95,37.37,36.7,37.31,1020600,0,0
2019-05-28,36.81,37.2,34.61,35.8,6916100,0,0
2019-05-29,35.58,36.54,35.31,36.33,2112600,0,0
2019-05-30,36.13,36.61,36.13,36.39,1118300,0,0
2019-05-31,35.82,36.14,35.62,35.92,1434800,0,0
2019-06-03,35.79,36.05,34.59,35.44,2841200,0,0
2019-06-04,35.53,36.3,35.17,36.27,1943800,0,0
2019-06-05,36.09,36.37,35.94,36.28,1621700,0,0
2019-06-06,36.41,37.34,36.27,37.14,2057500,0,0
2019-06-07,37.21,37.73,37.11,37.28,2009000,0,0
2019-06-10,37.47,38.0,37.34,37.77,1291300,0,0
2019-06-11,38.15,39.18,38.15,38.32,3510900,0,0
2019-06-12,38.36,38.48,37.78,38.31,1614100,0,0
2019-06-13,38.64,38.93,38.42,38.85,1490600,0,0
2019-06-14,38.6,38.73,37.85,37.95,1124400,0,0
2019-06-17,38.5,38.6,38.14,38.36,639600,0,0
2019-06-18,38.59,38.99,38.57,38.77,1213100,0,0
2019-06-19,38.94,39.0,38.5,38.99,695200,0,0
2019-06-20,39.53,39.97,39.21,39.42,1835200,0,0
2019-06-21,39.0,39.32,38.81,39.02,1482300,0,0
2019-06-24,39.26,39.28,38.85,39.09,939400,0,0
2019-06-25,39.15,39.15,37.43,37.59,1600100,0,0
2019-06-26,37.95,38.44,37.59,37.67,2019700,0,0
2019-06-27,37.93,39.12,37.61,38.84,2917200,0,0
2019-06-28,38.73,38.73,37.71,38.0,2511500,0,0
2019-07-01,38.65,39.74,38.65,39.23,2136700,0,0
2019-07-02,39.0,40.03,38.8,39.69,2485000,0,0
2019-07-03,39.47,39.58,39.02,39.33,878000,0,0
2019-07-05,39.06,39.24,38.51,39.2,2037100,0,0
2019-07-08,39.02,39.09,38.45,38.72,969300,0,0
2019-07-09,38.3,39.49,38.19,39.45,2220600,0,0
2019-07-10,39.63,39.92,39.46,39.82,1190500,0,0
2019-07-11,39.77,40.0,39.47,39.97,929200,0,0
2019-07-12,40.24,41.02,40.17,40.33,2157500,0,0
2019-07-15,40.64,40.92,40.44,40.48,2332800,0,0
2019-07-16,40.6,40.67,40.0,40.27,1059300,0,0
2019-07-17,40.28,40.5,39.52,39.57,923500,0,0
2019-07-18,39.56,39.78,39.31,39.61,1175000,0,0
2019-07-19,39.95,40.53,38.94,39.0,2112900,0,0
2019-07-22,39.56,39.85,39.17,39.59,1764600,0,0
2019-07-23,39.55,39.69,39.13,39.63,983300,0,0
2019-07-24,39.62,40.1,39.32,39.99,1660800,0,0
2019-07-25,39.9,39.9,38.26,38.41,4067000,0,0
2019-07-26,40.31,42.37,35.84,37.04,14368400,0,0
2019-07-29,38.74,39.35,37.6,39.34,6672500,0,0
2019-07-30,39.7,39.7,38.53,38.87,3927900,0,0
2019-07-31,39.0,39.47,38.6,39.22,2660300,0,0
2019-08-01,38.97,40.08,38.16,38.25,3294700,0,0
2019-08-02,38.29,38.33,37.26,37.54,2183900,0,0
2019-08-05,37.0,37.12,36.13,36.34,2776700,0,0
2019-08-06,37.03,37.42,36.65,37.1,1511000,0,0
2019-08-07,36.67,37.31,36.48,36.54,2235100,0,0
2019-08-08,37.15,37.4,36.84,37.36,1298500,0,0
2019-08-09,37.0,37.18,36.67,36.96,1327500,0,0
2019-08-12,36.82,36.9,36.23,36.27,890000,0,0
2019-08-13,36.27,37.91,36.2,37.53,1849400,0,0
2019-08-14,36.49,36.52,35.84,35.87,1392800,0,0
2019-08-15,35.88,35.98,35.53,35.86,1715500,0,0
2019-08-16,35.95,36.61,35.85,36.48,1187000,0,0
2019-08-19,36.43,36.7,35.95,36.41,1719700,0,0
2019-08-20,36.58,36.85,36.4,36.48,1176900,0,0
2019-08-21,36.85,37.09,36.27,36.46,1833000,0,0
2019-08-22,36.72,36.81,36.26,36.55,1200000,0,0
2019-08-23,36.27,36.87,35.71,35.79,955800,0,0
2019-08-26,36.32,36.42,36.05,36.15,596600,0,0
2019-08-27,36.27,36.71,36.25,36.49,831500,0,0
2019-08-28,36.27,36.66,36.01,36.21,861100,0,0
2019-08-29,36.48,36.98,36.4,36.86,976900,0,0
2019-08-30,37.07,37.17,36.74,37.1,964300,0,0
2019-09-03,36.62,37.28,36.59,37.1,1934300,0,0
2019-09-04,37.52,38.01,37.31,37.96,1129900,0,0
2019-09-05,37.93,38.16,37.35,38.08,1389200,0,0
2019-09-06,38.15,38.35,37.97,37.99,1400300,0,0
2019-09-09,38.12,38.16,37.22,37.48,2367300,0,0
2019-09-10,37.74,37.8,37.11,37.48,1566700,0,0
2019-09-11,37.66,37.87,37.5,37.66,1032300,0,0
2019-09-12,37.88,38.16,37.61,37.74,656700,0,0
2019-09-13,38.09,38.15,37.76,37.88,773700,0,0
2019-09-16,37.93,38.31,37.88,38.03,688200,0,0
2019-09-17,38.12,38.12,37.56,37.68,1457700,0,0
2019-09-18,37.96,38.14,37.03,37.33,2136000,0,0
2019-09-19,37.76,37.85,37.26,37.44,1695600,0,0
2019-09-20,37.51,37.61,35.77,35.77,4739900,0,0
2019-09-23,36.28,36.73,36.02,36.59,3104500,0,0
2019-09-24,36.72,36.74,35.74,36.01,2245800,0,0
2019-09-25,35.91,36.67,35.42,36.48,1498900,0,0
2019-09-26,36.34,36.43,36.0,36.17,1434100,0,0
2019-09-27,36.18,36.19,35.09,35.26,1617700,0,0
2019-09-30,35.3,35.31,34.62,35.01,2940100,0,0
2019-10-01,35.28,35.59,34.74,34.76,2676500,0,0
2019-10-02,34.67,34.71,33.97,34.03,2946900,0,0
2019-10-03,34.24,35.03,33.81,34.93,2185000,0,0
2019-10-04,35.05,35.41,34.92,35.36,1906700,0,0
2019-10-07,35.25,35.45,35.12,35.28,1291000,0,0
2019-10-08,34.96,35.57,34.9,35.4,5111300,0,0
2019-10-09,35.62,35.86,35.47,35.66,1582600,0,0
2019-10-10,35.58,36.11,35.48,35.56,1882800,0,0
2019-10-11,31.74,32.63,28.91,29.99,34452800,0,0
2019-10-14,31.0,31.62,30.26,30.3,7979600,0,0
2019-10-15,30.9,31.13,30.32,30.52,7040000,0,0
2019-10-16,30.74,30.87,30.07,30.2,3582900,0,0
2019-10-17,30.1,30.35,29.93,30.29,5012800,0,0
2019-10-18,30.6,30.66,29.5,29.76,4331100,0,0
2019-10-21,32.54,33.29,32.09,32.76,13381300,0,0
2019-10-22,32.63,32.8,31.77,32.18,4767100,0,0
2019-10-23,32.17,32.27,31.66,31.98,2109300,0,0
2019-10-24,32.54,32.76,32.29,32.7,2786200,0,0
2019-10-25,32.68,32.73,32.0,32.27,3228200,0,0
2019-10-28,32.5,34.07,32.46,33.58,5081200,0,0
2019-10-29,33.12,33.76,33.12,33.66,2392300,0,0
2019-10-30,33.75,33.84,33.42,33.57,1474100,0,0
2019-10-31,33.58,33.85,33.01,33.39,2533200,0,0
2019-11-01,33.55,33.88,33.32,33.85,1468400,0,0
2019-11-04,33.9,34.33,33.75,34.24,1260800,0,0
2019-11-05,34.12,34.54,34.07,34.52,2253400,0,0
2019-11-06,34.42,34.47,34.05,34.2,1915300,0,0
2019-11-07,34.4,34.55,33.96,34.07,1887100,0,0
2019-11-08,33.96,34.37,33.86,34.16,1659200,0,0
2019-11-11,33.96,34.46,33.82,34.23,1093000,0,0
2019-11-12,33.97,34.16,33.7,33.87,1346700,0,0
2019-11-13,33.75,33.95,33.62,33.88,1195200,0,0
2019-11-14,34.01,34.6,33.84,34.56,1782000,0,0
2019-11-15,34.7,36.0,34.7,35.79,4712300,0,0
2019-11-18,38.13,40.31,38.1,40.07,16519900,0,0
2019-11-19,39.36,39.66,39.17,39.43,4841000,0,0
2019-11-20,38.97,40.22,38.8,40.15,2712900,0,0
2019-11-21,40.08,40.19,39.67,40.09,2598000,0,0
2019-11-22,40.18,40.69,40.01,40.46,1754400,0,0
2019-11-25,40.37,41.48,40.37,41.07,2125500,0,0
2019-11-26,41.32,41.6,40.79,41.47,2386800,0,0
2019-11-27,41.34,41.91,41.34,41.81,1629500,0,0
2019-11-29,41.34,42.1,41.33,41.97,1990200,0,0
2019-12-02,42.24,42.25,40.72,41.12,2322900,0,0
2019-12-03,40.52,40.63,40.22,40.61,2612600,0,0
2019-12-04,41.17,41.17,40.37,40.41,1214500,0,0
2019-12-05,40.45,40.49,39.98,40.23,1599100,0,0
2019-12-06,40.32,40.53,40.21,40.46,876200,0,0
2019-12-09,40.22,40.73,40.22,40.32,909800,0,0
2019-12-10,40.31,40.83,40.22,40.46,954000,0,0
2019-12-11,40.68,41.5,40.66,41.46,4750800,0,0
2019-12-12,41.79,42.01,41.53,41.75,2668500,0,0
2019-12-13,41.7,43.25,41.64,43.25,6440600,0,0
2019-12-16,43.02,43.53,42.76,42.84,3822100,0,0
2019-12-17,42.83,42.84,41.88,41.94,1823000,0,0
2019-12-18,42.25,42.32,41.75,41.96,2008500,0,0
2019-12-19,42.22,42.98,41.88,42.72,2978600,0,0
2019-12-20,43.1,43.46,42.69,43.16,2037400,0,0
2019-12-23,43.36,43.84,43.09,43.58,1243900,0,0
2019-12-24,43.55,43.69,43.23,43.67,451200,0,0
2019-12-26,43.63,43.89,43.44,43.73,748100,0,0
2019-12-27,44.1,44.28,43.66,43.9,1265800,0,0
2019-12-30,43.93,43.97,43.08,43.44,893400,0,0
2019-12-31,43.18,43.62,43.17,43.49,562100,0,0
2020-01-02,43.83,44.21,43.59,44.08,973900,0,0
2020-01-03,43.4,43.77,43.0,43.21,1399100,0,0
2020-01-06,43.12,43.3,42.83,43.1,1161500,0,0
2020-01-07,43.17,43.43,42.85,43.17,1265800,0,0
2020-01-08,43.36,44.06,43.27,43.77,1335900,0,0
2020-01-09,44.41,44.77,44.14,44.54,2161400,0,0
2020-01-10,44.7,44.83,43.81,44.06,1392700,0,0
2020-01-13,44.46,44.46,43.87,44.3,1932800,0,0
2020-01-14,44.3,44.67,43.24,43.53,1610200,0,0
2020-01-15,43.8,43.98,43.19,43.23,1549300,0,0
2020-01-16,44.78,44.82,43.64,44.13,2613000,0,0
2020-01-17,44.63,45.46,44.34,45.4,3327500,0,0
2020-01-21,45.01,45.16,44.58,45.05,2243900,0,0
2020-01-22,44.26,45.77,44.24,45.36,2425600,0,0
2020-01-23,45.04,45.6,44.43,44.9,1683800,0,0
2020-01-24,45.2,45.63,44.96,45.38,2106600,0,0
2020-01-27,43.74,44.96,43.63,44.57,2299600,0,0
2020-01-28,44.67,45.62,44.17,45.57,2199700,0,0
2020-01-29,45.76,46.58,45.5,46.11,3546600,0,0
2020-01-30,45.41,45.95,45.3,45.9,1675700,0,0
2020-01-31,45.5,45.55,44.59,44.81,2696500,0,0
2020-02-03,45.27,46.02,45.09,46.0,1614900,0,0
2020-02-04,47.26,48.19,46.82,48.01,3701400,0,0
2020-02-05,48.76,48.82,47.6,48.25,2564000,0,0
2020-02-06,47.92,48.32,47.65,48.2,1885500,0,0
2020-02-07,48.21,48.68,48.01,48.49,1719200,0,0
2020-02-10,48.21,48.23,47.84,48.05,2440800,0,0
2020-02-11,48.6,48.73,47.96,48.27,2229400,0,0
2020-02-12,48.5,48.91,48.0,48.55,3567500,0,0
2020-02-13,48.4,48.95,48.21,48.62,1718600,0,0
2020-02-14,47.05,47.8,46.48,46.57,4138000,0,0
2020-02-18,45.95,46.34,45.32,45.41,5809400,0,0
2020-02-19,46.11,46.4,45.88,46.15,2114600,0,0
2020-02-20,46.68,46.9,45.97,46.67,3937500,0,0
2020-02-21,46.17,46.29,44.0,44.54,4228900,0,0
2020-02-24,42.85,43.45,41.86,42.02,3779200,0,0
2020-02-25,42.7,42.73,39.83,40.06,16156500,0,0
2020-02-26,40.44,41.79,40.25,41.5,7419700,0,0
2020-02-27,40.07,41.33,40.05,40.13,3939100,0,0
2020-02-28,38.75,40.71,38.7,40.61,4994800,0,0
2020-03-02,40.85,41.28,40.05,40.91,3635000,0,0
2020-03-03,41.5,41.8,39.22,39.85,3850700,0,0
2020-03-04,40.71,41.5,40.03,41.43,2556300,0,0
2020-03-05,40.13,40.92,40.02,40.48,2742700,0,0
2020-03-06,38.66,39.68,38.58,39.51,3169200,0,0
2020-03-09,35.65,35.65,33.25,34.24,8473100,0,0
2020-03-10,37.68,38.04,35.69,36.92,4958800,0,0
2020-03-11,35.61,36.5,35.16,35.87,5615700,0,0
2020-03-12,32.33,34.0,32.03,32.12,4443900,0,0
2020-03-13,34.91,35.29,33.05,33.94,5295000,0,0
2020-03-16,30.67,32.52,29.94,30.8,3788900,0,0
2020-03-17,31.16,33.33,30.06,31.66,3603800,0,0
2020-03-18,28.32,30.3,27.93,28.91,4047300,0,0
2020-03-19,29.0,31.34,28.16,30.62,3208600,0,0
2020-03-20,31.39,31.58,29.66,29.91,4092300,0,0
2020-03-23,30.63,30.69,28.37,29.14,3477300,0,0
2020-03-24,30.95,32.15,30.64,31.89,2996300,0,0
2020-03-25,31.87,34.45,31.64,33.42,2572200,0,0
2020-03-26,33.07,34.88,32.95,34.82,2670700,0,0
2020-03-27,32.89,33.78,32.39,32.98,2413100,0,0
2020-03-30,33.31,33.93,32.78,33.88,2973200,0,0
2020-03-31,34.0,35.22,33.76,34.05,3245700,0,0
2020-04-01,33.0,33.48,32.06,32.43,3850300,0,0
2020-04-02,32.5,33.2,31.85,32.61,3757700,0,0
2020-04-03,33.36,33.53,32.08,32.38,2210800,0,0
2020-04-06,33.62,34.26,33.47,33.87,3555600,0,0
2020-04-07,35.11,35.78,34.46,34.5,3317800,0,0
2020-04-08,35.21,36.2,34.93,35.93,3118700,0,0
2020-04-09,36.7,36.86,35.67,36.14,2641700,0,0
2020-04-13,35.99,36.79,35.81,36.7,2804800,0,0
2020-04-14,37.18,38.24,36.82,36.85,2674500,0,0
2020-04-15,35.34,35.39,34.4,34.89,3659300,0,0
2020-04-16,35.66,35.71,34.64,34.97,3458200,0,0
2020-04-17,35.74,36.74,35.26,36.62,3403200,0,0
2020-04-20,35.71,37.09,35.26,35.41,3854800,0,0
2020-04-21,34.1,34.84,33.79,34.02,4170300,0,0
2020-04-22,35.12,35.14,34.51,34.95,1896100,0,0
2020-04-23,35.43,35.74,34.96,35.25,1095200,0,0
2020-04-24,35.51,36.04,35.01,36.0,1683200,0,0
2020-04-27,35.67,36.99,35.67,36.96,2606200,0,0
2020-04-28,38.23,38.5,36.59,37.59,3504800,0,0
2020-04-29,38.29,39.8,38.19,39.61,3464900,0,0
2020-04-30,38.71,39.22,37.36,37.78,3199100,0,0
2020-05-01,37.21,37.68,36.64,37.41,1484000,0,0
2020-05-04,37.45,38.04,37.12,38.0,1671600,0,0
2020-05-05,38.45,38.89,38.23,38.38,1765700,0,0
2020-05-06,38.27,38.83,37.94,38.51,1229800,0,0
2020-05-07,39.07,40.62,38.81,40.3,3219400,0,0
2020-05-08,40.5,40.81,40.3,40.74,1520700,0,0
2020-05-11,40.5,40.5,39.77,40.18,1467600,0,0
2020-05-12,40.51,40.9,39.73,40.0,1698700,0,0
2020-05-13,40.03,40.19,38.21,38.71,2428300,0,0
2020-05-14,38.17,38.87,37.47,38.83,1542100,0,0
2020-05-15,38.44,39.48,37.93,38.99,1518500,0,0
2020-05-18,40.11,41.0,39.99,40.92,2187300,0,0
2020-05-19,40.7,41.26,40.46,40.69,1247300,0,0
2020-05-20,41.64,41.77,41.05,41.31,2595800,0,0
2020-05-21,41.73,41.73,40.58,40.63,1864800,0,0
2020-05-22,40.77,40.78,40.16,40.26,1355100,0,0
2020-05-26,41.77,41.77,40.38,40.43,2674800,0,0
2020-05-27,40.81,40.83,39.46,40.67,2575300,0,0
2020-05-28,40.86,41.42,40.4,40.64,2339500,0,0
2020-05-29,40.44,40.47,39.76,40.23,3214700,0,0
2020-06-01,40.63,41.1,40.39,41.0,2113500,0,0
2020-06-02,41.42,41.55,40.74,41.04,2555400,0,0
2020-06-03,41.38,42.0,41.2,41.47,1700100,0,0
2020-06-04,41.01,41.56,40.98,41.32,2091300,0,0
2020-06-05,41.95,42.59,41.89,42.32,1333000,0,0
2020-06-08,42.39,42.59,41.89,42.45,1499100,0,0
2020-06-09,41.84,42.38,41.77,41.99,1189600,0,0
2020-06-10,42.38,42.46,41.6,42.17,1011500,0,0
2020-06-11,40.75,41.51,40.23,40.29,1820300,0,0
2020-06-12,41.46,42.24,41.01,42.18,2688300,0,0
2020-06-15,41.2,43.26,41.19,42.88,2929200,0,0
2020-06-16,43.19,44.19,42.81,43.54,2857800,0,0
2020-06-17,43.74,44.11,43.63,43.96,1933900,0,0
2020-06-18,43.85,44.87,43.77,44.56,2119400,0,0
2020-06-19,45.56,45.67,45.0,45.62,3197500,0,0
2020-06-22,46.01,47.27,45.94,46.94,2573400,0,0
2020-06-23,47.71,49.91,47.14,49.0,5230500,0,0
2020-06-24,49.92,50.46,48.8,50.3,4607600,0,0
2020-06-25,50.14,50.75,49.44,50.55,7333700,0,0
2020-06-26,50.27,50.32,48.96,49.03,2639600,0,0
2020-06-29,48.97,49.63,48.59,49.24,2388200,0,0
2020-06-30,48.72,50.14,48.64,50.02,2079200,0,0
2020-07-01,49.62,50.04,49.32,49.49,1596300,0,0
2020-07-02,50.39,50.66,49.96,50.12,1943200,0,0
2020-07-06,50.61,51.77,50.36,50.43,3189700,0,0
2020-07-07,50.82,50.85,49.88,49.97,2624100,0,0
2020-07-08,50.61,50.62,49.89,50.23,2369200,0,0
2020-07-09,50.96,51.8,50.35,51.38,2106600,0,0
2020-07-10,51.82,51.99,50.64,51.33,1436800,0,0
2020-07-13,51.51,52.69,51.42,51.72,5302400,0,0
2020-07-14,50.83,53.41,50.81,53.35,4961100,0,0
2020-07-15,54.14,54.91,53.85,54.82,3009400,0,0
2020-07-16,54.01,54.34,53.33,53.49,3301700,0,0
2020-07-17,55.01,55.22,54.23,54.74,2653900,0,0
2020-07-20,55.49,56.28,54.85,56.19,2354300,0,0
2020-07-21,56.88,56.97,55.68,56.02,2199000,0,0
2020-07-22,55.79,56.64,55.76,56.53,1519400,0,0
2020-07-23,55.9,56.59,55.27,56.21,2816900,0,0
2020-07-24,55.54,56.44,55.19,56.22,1912400,0,0
2020-07-27,56.66,58.02,56.47,57.89,2267700,0,0
2020-07-28,55.16,57.34,54.74,57.0,3385000,0,0
2020-07-29,57.67,57.84,57.09,57.61,2162500,0,0
2020-07-30,56.51,57.25,55.79,57.23,1625300,0,0
2020-07-31,57.39,57.54,56.72,57.54,1894400,0,0
2020-08-03,58.35,59.04,57.78,58.56,1641400,0,0
2020-08-04,58.42,58.91,58.25,58.69,1201700,0,0
2020-08-05,59.42,59.83,59.11,59.8,1508300,0,0
2020-08-06,59.64,60.18,59.59,60.0,1653000,0,0
2020-08-07,59.72,60.0,58.53,59.16,1278800,0,0
2020-08-10,58.96,59.06,56.98,57.0,2309500,0,0
2020-08-11,57.79,58.25,56.68,57.0,2687700,0,0
2020-08-12,57.75,58.74,57.28,57.92,2349300,0,0
2020-08-13,60.81,61.4,59.01,59.49,5583100,0,0
2020-08-14,60.64,60.65,59.92,60.05,2851000,0,0
2020-08-17,61.01,61.6,60.51,60.61,6710800,0,0
2020-08-18,61.5,61.73,60.97,61.4,3904300,0,0
2020-08-19,62.18,62.96,61.85,62.46,4539300,0,0
2020-08-20,63.42,63.74,62.42,63.63,5641900,0,0
2020-08-21,63.39,64.13,63.16,63.57,3290600,0,0
2020-08-24,64.84,65.27,64.42,65.26,3438600,0,0
2020-08-25,66.25,67.11,65.7,66.97,3167700,0,0
2020-08-26,65.67,66.47,65.13,65.51,5108600,0,0
2020-08-27,65.68,65.78,63.86,64.59,3180500,0,0
2020-08-28,65.4,66.19,65.0,65.25,2509000,0,0
2020-08-31,68.2,70.11,66.65,68.23,19729800,0,0
2020-09-01,68.87,69.4,67.74,67.83,5708700,0,0
2020-09-02,67.97,68.27,65.03,67.58,5132300,0,0
2020-09-03,66.45,66.79,64.71,65.25,4998000,0,0
2020-09-04,65.91,65.96,63.1,64.44,6509200,0,0
2020-09-08,62.56,62.68,60.98,61.13,6394200,0,0
2020-09-09,62.08,62.73,61.81,62.58,2786800,0,0
2020-09-10,62.97,63.12,60.89,60.95,2763500,0,0
2020-09-11,61.87,62.51,61.09,61.82,2426100,0,0
2020-09-14,62.15,62.99,62.06,62.58,1387600,0,0
2020-09-15,63.76,63.76,62.07,62.27,3417300,0,0
2020-09-16,61.79,62.41,61.37,61.53,2269200,0,0
2020-09-17,59.96,60.94,59.39,60.91,2501900,0,0
2020-09-18,60.92,61.5,60.14,60.97,2127500,0,0
2020-09-21,59.17,59.62,58.72,59.09,2680900,0,0
2020-09-22,60.3,66.34,58.94,66.06,11000600,0,0
2020-09-23,67.75,69.6,64.53,64.8,8357700,0,0
2020-09-24,63.39,63.79,61.67,61.73,3939600,0,0
2020-09-25,62.04,63.45,61.53,63.33,3201300,0,0
2020-09-28,64.3,64.53,63.64,64.21,1949100,0,0
2020-09-29,63.95,64.77,63.77,64.62,1919800,0,0
2020-09-30,64.77,65.46,64.58,65.25,1583300,0,0
2020-10-01,65.65,65.79,63.3,63.56,2588700,0,0
2020-10-02,62.32,63.62,62.25,62.5,1529900,0,0
2020-10-05,62.56,64.0,62.36,63.66,1732600,0,0
2020-10-06,63.77,64.01,61.75,61.88,2856200,0,0
2020-10-07,62.07,62.26,60.63,60.85,2945800,0,0
2020-10-08,61.55,61.59,60.57,60.79,2556500,0,0
2020-10-09,60.81,61.95,60.57,60.93,2449000,0,0
2020-10-12,61.6,61.88,60.95,61.55,1760200,0,0
2020-10-13,62.15,63.01,61.83,62.69,1283000,0,0
2020-10-14,62.8,62.89,61.18,61.36,1573600,0,0
2020-10-15,60.14,61.04,59.78,60.73,1875600,0,0
2020-10-16,59.75,60.13,57.78,57.99,3828700,0,0
2020-10-19,58.07,58.81,56.94,56.95,2793600,0,0
2020-10-20,57.47,57.66,55.72,56.13,3759800,0,0
2020-10-21,55.65,57.87,55.62,57.22,2771600,0,0
2020-10-22,58.03,58.68,57.02,58.0,1941000,0,0
2020-10-23,58.6,59.26,58.22,59.12,1614500,0,0
2020-10-26,58.39,59.2,58.16,59.13,2040600,0,0
2020-10-27,59.02,59.87,58.64,59.53,2354100,0,0
2020-10-28,57.58,58.43,57.36,57.84,3327900,0,0
2020-10-29,58.25,59.11,57.89,58.9,1722200,0,0
2020-10-30,57.73,57.94,56.81,57.57,2179400,0,0
2020-11-02,57.47,58.25,56.51,56.88,2072800,0,0
2020-11-03,57.47,58.1,57.02,57.71,993000,0,0
2020-11-04,59.36,61.5,59.17,61.24,2736100,0,0
2020-11-05,62.17,63.25,61.74,63.11,2233100,0,0
2020-11-06,62.93,63.9,62.51,63.81,1440500,0,0
2020-11-09,65.28,66.43,65.0,65.03,3127800,0,0
2020-11-10,62.96,63.52,61.08,61.31,2684700,0,0
2020-11-11,60.93,61.83,60.74,61.19,1867300,0,0
2020-11-12,61.61,61.95,60.9,60.99,961900,0,0
2020-11-13,61.41,62.11,61.15,62.11,1055800,0,0
2020-11-16,62.05,62.23,61.33,62.1,1217900,0,0
2020-11-17,61.71,61.72,60.72,61.49,1581200,0,0
2020-11-18,61.87,62.47,61.55,61.72,988600,0,0
2020-11-19,61.59,62.57,61.19,62.53,1245800,0,0
2020-11-20,62.45,62.96,61.94,61.94,870200,0,0
2020-11-23,62.85,62.92,61.33,61.47,1617300,0,0
2020-11-24,64.11,65.55,63.82,65.38,2863100,0,0
2020-11-25,64.84,65.74,64.74,65.62,1855600,0,0
2020-11-27,66.61,68.03,66.49,67.19,1335600,0,0
2020-11-30,70.02,70.02,68.74,68.96,3774500,0,0
2020-12-01,69.82,70.53,69.19,70.05,2357500,0,0
2020-12-02,69.12,69.5,68.65,69.2,1168200,0,0
2020-12-03,69.28,69.68,68.81,69.34,1450400,0,0
2020-12-04,68.85,69.18,68.01,68.05,1774100,0,0
2020-12-07,68.89,69.05,67.66,68.0,1433200,0,0
2020-12-08,67.92,69.2,67.62,68.97,1379900,0,0
2020-12-09,69.85,70.97,68.36,69.03,1208000,0,0
2020-12-10,68.56,71.05,68.01,70.68,2195100,0,0
2020-12-11,70.05,70.72,69.93,70.28,805200,0,0
2020-12-14,70.16,70.16,67.95,68.23,1841000,0,0
2020-12-15,68.99,69.11,68.23,68.89,1410900,0,0
2020-12-16,69.41,71.0,69.35,70.8,2590200,0,0
2020-12-17,71.57,72.4,70.11,70.65,1051000,0,0
2020-12-18,70.65,70.79,69.13,69.27,1771700,0,0
2020-12-21,67.76,67.83,66.73,67.09,1789000,0,0
2020-12-22,67.28,67.44,66.3,67.11,1002000,0,0
2020-12-23,67.73,68.77,67.64,67.69,821900,0,0
2020-12-24,68.18,68.29,67.17,67.65,370600,0,0
2020-12-28,68.44,68.87,67.55,68.2,856200,0,0
2020-12-29,68.52,68.64,67.38,67.51,605800,0,0
2020-12-30,67.62,69.68,67.53,69.5,1202600,0,0
2020-12-31,69.45,69.75,68.75,69.58,891800,0,0
2021-01-04,70.84,71.17,68.7,69.75,2120400,0,0
2021-01-05,69.56,72.95,69.47,72.16,2217200,0,0
2021-01-06,70.6,71.12,69.5,70.11,2272400,0,0
2021-01-07,70.27,71.0,68.76,70.9,1222300,0,0
2021-01-08,71.65,72.03,70.1,70.9,1774700,0,0
2021-01-11,70.05,70.87,69.53,69.92,1105800,0,0
2021-01-12,69.97,70.07,68.88,69.6,755500,0,0
2021-01-13,69.52,69.66,68.5,68.99,1158400,0,0
2021-01-14,69.3,69.59,68.44,69.29,1105100,0,0
2021-01-15,69.33,69.52,66.93,67.32,1878400,0,0
2021-01-19,67.74,68.18,67.21,68.08,2147400,0,0
2021-01-20,68.08,70.57,68.01,70.35,2011000,0,0
2021-01-21,69.09,69.97,67.8,68.65,1655400,0,0
2021-01-22,67.92,68.11,66.41,66.44,1996300,0,0
2021-01-25,67.29,67.39,64.41,65.09,4561800,0,0
2021-01-26,65.65,66.14,64.99,65.1,1484000,0,0
2021-01-27,64.74,64.79,62.86,63.6,2035200,0,0
2021-01-28,64.12,64.77,63.71,63.94,1125400,0,0
2021-01-29,63.96,63.99,62.2,62.64,1277700,0,0
2021-02-01,62.99,63.82,62.79,63.6,1616400,0,0
2021-02-02,65.21,65.85,64.44,65.64,2087100,0,0
2021-02-03,65.18,65.87,64.52,64.69,1461000,0,0
2021-02-04,65.41,66.63,64.77,66.47,1328500,0,0
2021-02-05,66.35,67.05,65.79,66.98,1083800,0,0
2021-02-08,67.25,68.39,67.15,68.38,1126700,0,0
2021-02-09,68.33,69.95,68.09,69.81,2016600,0,0
2021-02-10,70.66,72.45,70.24,71.7,2197500,0,0
2021-02-11,71.74,73.26,71.15,72.92,1693900,0,0
2021-02-12,72.04,74.11,72.04,73.83,1699800,0,0
2021-02-16,72.89,74.32,72.22,72.77,2138800,0,0
2021-02-17,70.64,70.99,68.85,70.15,3281900,0,0
2021-02-18,68.8,69.02,67.5,67.6,2221200,0,0
2021-02-19,69.23,69.23,66.72,67.26,2809100,0,0
2021-02-22,66.76,67.32,65.89,65.92,1771100,0,0
2021-02-23,64.89,67.6,63.75,67.28,1465900,0,0
2021-02-24,67.06,67.73,66.37,66.97,1999200,0,0
2021-02-25,66.51,67.24,64.57,64.72,1995500,0,0
2021-02-26,65.17,65.25,63.91,63.99,1350600,0,0
2021-03-01,65.94,67.7,65.92,67.37,1807100,0,0
2021-03-02,67.99,68.71,67.62,67.93,1890300,0,0
2021-03-03,68.62,68.63,65.78,66.09,3390100,0,0
2021-03-04,66.41,67.01,62.64,62.76,3679900,0,0
2021-03-05,63.92,64.09,62.12,63.63,3556800,0,0
2021-03-08,63.52,63.99,60.2,60.31,2097500,0,0
2021-03-09,63.24,64.46,62.21,63.49,2308800,0,0
2021-03-10,64.44,64.95,63.17,63.73,1760300,0,0
2021-03-11,64.66,66.9,64.55,66.78,2316300,0,0
2021-03-12,65.66,67.81,65.58,67.8,2191400,0,0
2021-03-15,67.65,69.53,67.44,69.53,1790500,0,0
2021-03-16,69.21,71.2,69.17,70.91,3550700,0,0
2021-03-17,69.1,69.21,66.95,68.51,2649900,0,0
2021-03-18,67.81,68.01,64.85,65.23,3352600,0,0
2021-03-19,65.84,66.57,64.85,65.55,1705800,0,0
2021-03-22,66.07,66.07,65.16,65.28,1219400,0,0
2021-03-23,64.6,65.17,64.08,64.45,898000,0,0
2021-03-24,64.5,64.66,63.06,63.06,1115300,0,0
2021-03-25,62.71,63.02,60.99,62.14,2181100,0,0
2021-03-26,63.05,63.39,61.74,63.01,1314600,0,0
2021-03-29,63.19,63.79,62.29,63.74,1075700,0,0
2021-03-30,62.49,63.41,62.02,63.14,1210200,0,0
2021-03-31,63.07,65.07,63.02,64.06,2015000,0,0
2021-04-01,64.6,65.19,64.3,64.97,1171500,0,0
2021-04-05,64.9,64.96,64.45,64.74,733200,0,0
2021-04-06,64.14,64.83,64.0,64.37,1642500,0,0
2021-04-07,63.41,63.46,62.55,62.67,1729300,0,0
2021-04-08,63.35,64.5,63.05,63.74,1750200,0,0
2021-04-09,62.78,62.98,61.93,62.02,1146900,0,0
2021-04-12,62.77,62.9,62.06,62.85,1104900,0,0
2021-04-13,62.85,63.36,58.91,59.83,13370800,0,0
2021-04-14,61.75,62.27,60.83,61.0,5129900,0,0
2021-04-15,60.86,61.55,60.74,61.36,1502800,0,0
2021-04-16,61.55,62.0,61.32,61.93,942600,0,0
2021-04-19,61.93,62.01,60.89,61.06,1219100,0,0
2021-04-20,60.86,61.33,60.1,60.82,1765300,0,0
2021-04-21,60.67,60.8,60.34,60.71,879000,0,0
2021-04-22,61.58,61.84,60.7,60.88,1836200,0,0
2021-04-23,61.05,61.23,60.18,60.88,2105400,0,0
2021-04-26,61.53,63.05,61.43,62.99,2027700,0,0
2021-04-27,63.14,63.52,62.33,63.38,1556400,0,0
2021-04-28,63.84,65.0,63.5,64.96,2401300,0,0
2021-04-29,66.12,67.82,65.57,67.73,3637700,0,0
2021-04-30,65.7,66.61,65.43,65.55,1896600,0,0
2021-05-03,66.04,66.07,64.33,64.51,828600,0,0
2021-05-04,64.25,64.38,62.93,64.22,1456000,0,0
2021-05-05,64.96,65.87,64.78,64.95,1168900,0,0
2021-05-06,65.01,65.35,63.81,64.93,1276000,0,0
2021-05-07,65.25,65.76,64.99,65.61,875100,0,0
2021-05-10,65.02,65.07,63.1,63.25,1479900,0,0
2021-05-11,62.0,63.32,61.53,63.28,1416100,0,0
2021-05-12,62.63,63.16,61.37,61.57,1569900,0,0
2021-05-13,62.49,63.0,61.98,62.54,1139500,0,0
2021-05-14,62.91,63.56,62.58,63.43,1063100,0,0
2021-05-17,62.38,63.76,62.26,63.67,1082900,0,0
2021-05-18,63.9,65.18,63.87,64.69,2111100,0,0
2021-05-19,63.62,64.3,63.14,64.27,1215800,0,0
2021-05-20,63.82,64.81,63.82,64.79,1148300,0,0
2021-05-21,64.8,65.37,64.57,64.89,1104700,0,0
